device_id,date,time,temperature,RH,PM2.5,lat,lon
08BEAC0A0742,2023-09-03,00:00:04,30.2,100.0,16.0,23.003578,120.240161
08BEAC0A0344,2023-09-03,00:00:07,30.2,100.0,4.0,24.960122,121.178153
08BEAC0A0464,2023-09-03,00:00:29,30.3,100.0,14.0,22.989813,120.203024
08BEAC0A0880,2023-09-03,00:00:29,30.3,100.0,18.0,23.7224119,120.3083761
08BEAC0A07A2,2023-09-03,00:00:44,31.5,100.0,4.0,25.10392038,121.2447143
08BEAC0A0480,2023-09-03,00:00:47,31.2,100.0,9.0,23.190069,120.192365
08BEAC0A05AC,2023-09-03,00:00:52,30.0,100.0,0.0,22.912748,120.261227
08BEAC0A0340,2023-09-03,00:00:56,30.3,100.0,18.0,22.9193352,120.2170451
08BEAC0A0774,2023-09-03,00:01:13,30.0,100.0,8.0,22.992411,120.294135
08BEAC0A04EC,2023-09-03,00:01:20,30.2,100.0,3.0,24.936085,121.223586
08BEAC0A089E,2023-09-03,00:01:31,28.1,100.0,0.0,23.12107103,120.4585091
08BEAC0A085E,2023-09-03,00:01:39,31.0,100.0,19.0,23.1427276,120.2731514
08BEAC0A01AA,2023-09-03,00:01:43,30.7,96.0,4.0,24.9751,121.269826
08BEAC0A0826,2023-09-03,00:02:05,29.7,100.0,20.0,23.0865158,120.3191882
08BEAC0A0156,2023-09-03,00:02:13,31.2,100.0,0.0,24.0838267,120.752756
08BEAC0A0050,2023-09-03,00:02:24,21.3,100.0,0.0,24.255411,121.259081
08BEAC0A0040,2023-09-03,00:02:28,30.6,100.0,0.0,22.99133,120.230478
08BEAC0A080E,2023-09-03,00:02:29,32.2,100.0,14.0,23.158097,120.170618
08BEAC0A06A6,2023-09-03,00:03:04,30.2,100.0,16.0,22.977305,120.186438
08BEAC0A0218,2023-09-03,00:03:26,28.8,100.0,16.0,23.6869687,120.5865383
08BEAC0A0678,2023-09-03,00:03:32,30.6,100.0,19.0,23.139376,120.138374
08BEAC0A0226,2023-09-03,00:04:09,29.6,100.0,0.0,23.2174825,120.365091
08BEAC0A0398,2023-09-03,00:04:20,32.7,100.0,24.0,24.1494507,120.6816876
08BEAC0A019A,2023-09-03,00:04:32,30.5,100.0,15.0,23.3199,120.34515
08BEAC0A06FA,2023-09-03,00:04:54,28.7,100.0,0.0,23.04435,120.470196
08BEAC0A0830,2023-09-03,00:05:07,29.8,100.0,0.0,22.956295,120.248057
08BEAC0A084E,2023-09-03,00:05:19,30.7,100.0,1.0,24.9785086,121.3061612
08BEAC0A0742,2023-09-03,00:05:23,30.1,100.0,16.0,23.003578,120.240161
08BEAC0A0344,2023-09-03,00:05:24,30.2,100.0,4.0,24.960122,121.178153
08BEAC0A0880,2023-09-03,00:05:48,30.3,100.0,20.0,23.7224119,120.3083761
08BEAC0A0464,2023-09-03,00:05:50,30.2,100.0,14.0,22.989813,120.203024
08BEAC0A07A2,2023-09-03,00:06:01,31.3,100.0,4.0,25.10392038,121.2447143
08BEAC0A0480,2023-09-03,00:06:08,31.2,100.0,10.0,23.190069,120.192365
08BEAC0A0340,2023-09-03,00:06:12,30.3,100.0,18.0,22.9193352,120.2170451
08BEAC0A05AC,2023-09-03,00:06:12,30.0,100.0,0.0,22.912748,120.261227
08BEAC0A0774,2023-09-03,00:06:31,29.8,100.0,9.0,22.992411,120.294135
08BEAC0A04EC,2023-09-03,00:06:37,30.1,100.0,3.0,24.936085,121.223586
08BEAC0A089E,2023-09-03,00:06:47,28.0,100.0,0.0,23.12107103,120.4585091
08BEAC0A085E,2023-09-03,00:06:57,31.0,100.0,17.0,23.1427276,120.2731514
08BEAC0A01AA,2023-09-03,00:07:01,30.7,96.0,5.0,24.9751,121.269826
08BEAC0A0826,2023-09-03,00:07:22,29.5,100.0,15.0,23.0865158,120.3191882
08BEAC0A0156,2023-09-03,00:07:29,31.2,100.0,0.0,24.0838267,120.752756
08BEAC0A0050,2023-09-03,00:07:42,21.2,100.0,0.0,24.255411,121.259081
08BEAC0A0040,2023-09-03,00:07:45,30.7,100.0,0.0,22.99133,120.230478
08BEAC0A080E,2023-09-03,00:07:47,32.3,100.0,14.0,23.158097,120.170618
08BEAC0A06A6,2023-09-03,00:08:22,30.2,100.0,17.0,22.977305,120.186438
08BEAC0A0218,2023-09-03,00:08:44,29.0,100.0,13.0,23.6869687,120.5865383
08BEAC0A0678,2023-09-03,00:08:52,30.5,100.0,20.0,23.139376,120.138374
08BEAC0A0226,2023-09-03,00:09:26,29.6,100.0,0.0,23.2174825,120.365091
08BEAC0A0398,2023-09-03,00:09:38,32.8,100.0,23.0,24.1494507,120.6816876
08BEAC0A019A,2023-09-03,00:09:48,30.5,100.0,15.0,23.3199,120.34515
08BEAC0A06FA,2023-09-03,00:10:13,28.7,100.0,0.0,23.04435,120.470196
08BEAC0A0830,2023-09-03,00:10:23,30.0,100.0,0.0,22.956295,120.248057
08BEAC0A084E,2023-09-03,00:10:38,30.8,100.0,1.0,24.9785086,121.3061612
08BEAC0A0742,2023-09-03,00:10:40,30.2,100.0,16.0,23.003578,120.240161
08BEAC0A0344,2023-09-03,00:10:41,30.2,100.0,3.0,24.960122,121.178153
08BEAC0A0880,2023-09-03,00:11:05,30.5,100.0,20.0,23.7224119,120.3083761
08BEAC0A0464,2023-09-03,00:11:11,30.2,100.0,14.0,22.989813,120.203024
08BEAC0A07A2,2023-09-03,00:11:16,31.3,100.0,4.0,25.10392038,121.2447143
08BEAC0A0480,2023-09-03,00:11:26,31.2,100.0,10.0,23.190069,120.192365
08BEAC0A0340,2023-09-03,00:11:29,30.3,100.0,17.0,22.9193352,120.2170451
08BEAC0A05AC,2023-09-03,00:11:32,30.0,100.0,0.0,22.912748,120.261227
08BEAC0A0774,2023-09-03,00:11:47,29.8,100.0,8.0,22.992411,120.294135
08BEAC0A04EC,2023-09-03,00:11:56,30.1,100.0,3.0,24.936085,121.223586
08BEAC0A089E,2023-09-03,00:12:03,28.0,100.0,0.0,23.12107103,120.4585091
08BEAC0A085E,2023-09-03,00:12:13,30.8,100.0,19.0,23.1427276,120.2731514
08BEAC0A01AA,2023-09-03,00:12:19,30.7,96.0,6.0,24.9751,121.269826
08BEAC0A0826,2023-09-03,00:12:40,29.3,100.0,13.0,23.0865158,120.3191882
08BEAC0A0156,2023-09-03,00:12:45,31.3,100.0,0.0,24.0838267,120.752756
08BEAC0A0050,2023-09-03,00:12:58,21.3,100.0,0.0,24.255411,121.259081
08BEAC0A0040,2023-09-03,00:13:02,30.6,100.0,0.0,22.99133,120.230478
08BEAC0A080E,2023-09-03,00:13:02,32.3,100.0,14.0,23.158097,120.170618
08BEAC0A06A6,2023-09-03,00:13:39,30.2,100.0,16.0,22.977305,120.186438
08BEAC0A0218,2023-09-03,00:14:00,29.1,100.0,15.0,23.6869687,120.5865383
08BEAC0A0678,2023-09-03,00:14:10,30.3,100.0,22.0,23.139376,120.138374
08BEAC0A0226,2023-09-03,00:14:44,29.5,100.0,0.0,23.2174825,120.365091
08BEAC0A0398,2023-09-03,00:14:57,33.0,100.0,23.0,24.1494507,120.6816876
08BEAC0A019A,2023-09-03,00:15:06,30.5,100.0,17.0,23.3199,120.34515
08BEAC0A06FA,2023-09-03,00:15:31,28.7,100.0,0.0,23.04435,120.470196
08BEAC0A0830,2023-09-03,00:15:40,29.8,100.0,0.0,22.956295,120.248057
08BEAC0A084E,2023-09-03,00:15:52,30.8,100.0,1.0,24.9785086,121.3061612
08BEAC0A0742,2023-09-03,00:15:59,30.3,100.0,18.0,23.003578,120.240161
08BEAC0A0344,2023-09-03,00:16:00,30.3,100.0,4.0,24.960122,121.178153
08BEAC0A0880,2023-09-03,00:16:23,30.3,100.0,21.0,23.7224119,120.3083761
08BEAC0A0464,2023-09-03,00:16:30,30.3,100.0,14.0,22.989813,120.203024
08BEAC0A07A2,2023-09-03,00:16:33,31.6,100.0,4.0,25.10392038,121.2447143
08BEAC0A0480,2023-09-03,00:16:44,31.2,100.0,9.0,23.190069,120.192365
08BEAC0A0340,2023-09-03,00:16:47,30.3,100.0,19.0,22.9193352,120.2170451
08BEAC0A05AC,2023-09-03,00:16:49,30.0,100.0,0.0,22.912748,120.261227
08BEAC0A0774,2023-09-03,00:17:02,30.0,100.0,10.0,22.992411,120.294135
08BEAC0A04EC,2023-09-03,00:17:12,30.2,100.0,4.0,24.936085,121.223586
08BEAC0A089E,2023-09-03,00:17:21,28.0,100.0,0.0,23.12107103,120.4585091
08BEAC0A085E,2023-09-03,00:17:30,30.7,100.0,18.0,23.1427276,120.2731514
08BEAC0A01AA,2023-09-03,00:17:36,30.8,95.0,6.0,24.9751,121.269826
08BEAC0A0826,2023-09-03,00:17:57,29.3,100.0,13.0,23.0865158,120.3191882
08BEAC0A0156,2023-09-03,00:18:01,31.2,100.0,0.0,24.0838267,120.752756
08BEAC0A0050,2023-09-03,00:18:16,21.7,100.0,0.0,24.255411,121.259081
08BEAC0A080E,2023-09-03,00:18:19,32.3,100.0,15.0,23.158097,120.170618
08BEAC0A0040,2023-09-03,00:18:22,30.6,100.0,0.0,22.99133,120.230478
08BEAC0A06A6,2023-09-03,00:18:54,30.2,100.0,15.0,22.977305,120.186438
08BEAC0A0218,2023-09-03,00:19:17,29.1,100.0,13.0,23.6869687,120.5865383
08BEAC0A0678,2023-09-03,00:19:28,30.3,100.0,26.0,23.139376,120.138374
08BEAC0A0226,2023-09-03,00:20:01,29.6,100.0,0.0,23.2174825,120.365091
08BEAC0A0398,2023-09-03,00:20:13,33.0,100.0,25.0,24.1494507,120.6816876
08BEAC0A019A,2023-09-03,00:20:24,30.5,100.0,16.0,23.3199,120.34515
08BEAC0A06FA,2023-09-03,00:20:49,28.7,100.0,0.0,23.04435,120.470196
08BEAC0A0830,2023-09-03,00:20:59,29.8,100.0,0.0,22.956295,120.248057
08BEAC0A084E,2023-09-03,00:21:12,30.8,100.0,1.0,24.9785086,121.3061612
08BEAC0A0344,2023-09-03,00:21:17,30.3,100.0,5.0,24.960122,121.178153
08BEAC0A0742,2023-09-03,00:21:22,30.3,100.0,20.0,23.003578,120.240161
08BEAC0A0880,2023-09-03,00:21:39,30.5,100.0,20.0,23.7224119,120.3083761
08BEAC0A07A2,2023-09-03,00:21:51,31.5,100.0,4.0,25.10392038,121.2447143
08BEAC0A0464,2023-09-03,00:21:53,30.1,100.0,15.0,22.989813,120.203024
08BEAC0A0480,2023-09-03,00:22:00,31.2,100.0,10.0,23.190069,120.192365
08BEAC0A0340,2023-09-03,00:22:04,30.5,100.0,19.0,22.9193352,120.2170451
08BEAC0A05AC,2023-09-03,00:22:08,30.0,100.0,0.0,22.912748,120.261227
08BEAC0A0774,2023-09-03,00:22:18,29.8,100.0,8.0,22.992411,120.294135
08BEAC0A04EC,2023-09-03,00:22:31,30.2,100.0,4.0,24.936085,121.223586
08BEAC0A089E,2023-09-03,00:22:37,28.0,100.0,0.0,23.12107103,120.4585091
08BEAC0A085E,2023-09-03,00:22:48,30.7,100.0,18.0,23.1427276,120.2731514
08BEAC0A01AA,2023-09-03,00:22:53,30.8,95.0,6.0,24.9751,121.269826
08BEAC0A0826,2023-09-03,00:23:15,29.5,100.0,13.0,23.0865158,120.3191882
08BEAC0A0156,2023-09-03,00:23:18,31.3,100.0,0.0,24.0838267,120.752756
08BEAC0A0050,2023-09-03,00:23:32,21.6,100.0,0.0,24.255411,121.259081
08BEAC0A080E,2023-09-03,00:23:37,32.3,100.0,15.0,23.158097,120.170618
08BEAC0A0040,2023-09-03,00:23:40,30.7,100.0,0.0,22.99133,120.230478
08BEAC0A06A6,2023-09-03,00:24:12,30.3,100.0,15.0,22.977305,120.186438
08BEAC0A0218,2023-09-03,00:24:34,29.1,100.0,13.0,23.6869687,120.5865383
08BEAC0A0678,2023-09-03,00:24:43,30.5,100.0,22.0,23.139376,120.138374
08BEAC0A0226,2023-09-03,00:25:18,29.6,100.0,0.0,23.2174825,120.365091
08BEAC0A0398,2023-09-03,00:25:32,33.0,100.0,23.0,24.1494507,120.6816876
08BEAC0A019A,2023-09-03,00:25:41,30.6,100.0,15.0,23.3199,120.34515
08BEAC0A06FA,2023-09-03,00:26:06,28.6,100.0,0.0,23.04435,120.470196
08BEAC0A0830,2023-09-03,00:26:15,30.0,100.0,0.0,22.956295,120.248057
08BEAC0A084E,2023-09-03,00:26:28,30.7,100.0,2.0,24.9785086,121.3061612
08BEAC0A0344,2023-09-03,00:26:32,30.3,100.0,5.0,24.960122,121.178153
08BEAC0A0742,2023-09-03,00:26:41,30.3,100.0,18.0,23.003578,120.240161
08BEAC0A0880,2023-09-03,00:26:56,30.6,100.0,22.0,23.7224119,120.3083761
08BEAC0A07A2,2023-09-03,00:27:08,31.6,100.0,4.0,25.10392038,121.2447143
08BEAC0A0464,2023-09-03,00:27:13,30.2,100.0,15.0,22.989813,120.203024
08BEAC0A0480,2023-09-03,00:27:16,31.2,100.0,10.0,23.190069,120.192365
08BEAC0A0340,2023-09-03,00:27:20,30.3,100.0,20.0,22.9193352,120.2170451
08BEAC0A05AC,2023-09-03,00:27:24,29.8,100.0,0.0,22.912748,120.261227
08BEAC0A0774,2023-09-03,00:27:36,30.0,100.0,9.0,22.992411,120.294135
08BEAC0A04EC,2023-09-03,00:27:48,30.3,100.0,4.0,24.936085,121.223586
08BEAC0A089E,2023-09-03,00:27:56,27.8,100.0,0.0,23.12107103,120.4585091
08BEAC0A085E,2023-09-03,00:28:05,30.8,100.0,19.0,23.1427276,120.2731514
08BEAC0A01AA,2023-09-03,00:28:09,31.0,94.0,6.0,24.9751,121.269826
08BEAC0A0826,2023-09-03,00:28:32,29.5,100.0,13.0,23.0865158,120.3191882
08BEAC0A0156,2023-09-03,00:28:35,31.3,100.0,0.0,24.0838267,120.752756
08BEAC0A0050,2023-09-03,00:28:50,21.7,100.0,0.0,24.255411,121.259081
08BEAC0A080E,2023-09-03,00:28:57,32.3,100.0,14.0,23.158097,120.170618
08BEAC0A0040,2023-09-03,00:29:00,30.6,100.0,0.0,22.99133,120.230478
08BEAC0A06A6,2023-09-03,00:29:28,30.2,100.0,15.0,22.977305,120.186438
08BEAC0A0218,2023-09-03,00:29:54,29.0,100.0,14.0,23.6869687,120.5865383
08BEAC0A0678,2023-09-03,00:30:02,30.6,100.0,23.0,23.139376,120.138374
08BEAC0A0226,2023-09-03,00:30:36,29.6,100.0,0.0,23.2174825,120.365091
08BEAC0A0398,2023-09-03,00:30:51,32.7,100.0,22.0,24.1494507,120.6816876
08BEAC0A019A,2023-09-03,00:30:57,30.6,100.0,16.0,23.3199,120.34515
08BEAC0A06FA,2023-09-03,00:31:21,28.7,100.0,0.0,23.04435,120.470196
08BEAC0A0830,2023-09-03,00:31:31,29.8,100.0,0.0,22.956295,120.248057
08BEAC0A084E,2023-09-03,00:31:45,30.8,100.0,2.0,24.9785086,121.3061612
08BEAC0A0344,2023-09-03,00:31:49,30.3,100.0,5.0,24.960122,121.178153
08BEAC0A0742,2023-09-03,00:31:59,30.5,100.0,18.0,23.003578,120.240161
08BEAC0A0880,2023-09-03,00:32:15,30.7,100.0,18.0,23.7224119,120.3083761
08BEAC0A07A2,2023-09-03,00:32:25,31.7,100.0,4.0,25.10392038,121.2447143
08BEAC0A0480,2023-09-03,00:32:33,31.3,100.0,11.0,23.190069,120.192365
08BEAC0A0464,2023-09-03,00:32:35,30.2,100.0,15.0,22.989813,120.203024
08BEAC0A0340,2023-09-03,00:32:36,30.3,100.0,21.0,22.9193352,120.2170451
08BEAC0A05AC,2023-09-03,00:32:40,29.7,100.0,0.0,22.912748,120.261227
08BEAC0A0774,2023-09-03,00:32:54,30.0,100.0,9.0,22.992411,120.294135
08BEAC0A04EC,2023-09-03,00:33:05,30.3,100.0,5.0,24.936085,121.223586
08BEAC0A089E,2023-09-03,00:33:14,28.1,100.0,0.0,23.12107103,120.4585091
08BEAC0A085E,2023-09-03,00:33:22,31.0,100.0,19.0,23.1427276,120.2731514
08BEAC0A01AA,2023-09-03,00:33:26,31.1,93.0,5.0,24.9751,121.269826
08BEAC0A0826,2023-09-03,00:33:49,29.6,100.0,13.0,23.0865158,120.3191882
08BEAC0A0156,2023-09-03,00:33:51,31.5,100.0,0.0,24.0838267,120.752756
08BEAC0A0050,2023-09-03,00:34:07,21.7,100.0,0.0,24.255411,121.259081
08BEAC0A080E,2023-09-03,00:34:14,32.3,100.0,15.0,23.158097,120.170618
08BEAC0A0040,2023-09-03,00:34:17,30.6,100.0,0.0,22.99133,120.230478
08BEAC0A06A6,2023-09-03,00:34:46,30.1,100.0,18.0,22.977305,120.186438
08BEAC0A0218,2023-09-03,00:35:09,29.1,100.0,13.0,23.6869687,120.5865383
08BEAC0A0678,2023-09-03,00:35:18,30.7,100.0,22.0,23.139376,120.138374
08BEAC0A0226,2023-09-03,00:35:53,29.6,100.0,0.0,23.2174825,120.365091
08BEAC0A0398,2023-09-03,00:36:10,32.7,100.0,22.0,24.1494507,120.6816876
08BEAC0A019A,2023-09-03,00:36:14,30.7,100.0,18.0,23.3199,120.34515
08BEAC0A06FA,2023-09-03,00:36:37,28.6,100.0,0.0,23.04435,120.470196
08BEAC0A0830,2023-09-03,00:36:49,30.0,100.0,0.0,22.956295,120.248057
08BEAC0A084E,2023-09-03,00:37:03,30.8,100.0,1.0,24.9785086,121.3061612
08BEAC0A0344,2023-09-03,00:37:06,30.5,100.0,4.0,24.960122,121.178153
08BEAC0A0742,2023-09-03,00:37:28,30.5,100.0,18.0,23.003578,120.240161
08BEAC0A0880,2023-09-03,00:37:32,30.7,100.0,19.0,23.7224119,120.3083761
08BEAC0A07A2,2023-09-03,00:37:44,31.7,100.0,4.0,25.10392038,121.2447143
08BEAC0A0480,2023-09-03,00:37:49,31.2,100.0,9.0,23.190069,120.192365
08BEAC0A0340,2023-09-03,00:37:53,30.3,100.0,19.0,22.9193352,120.2170451
08BEAC0A0464,2023-09-03,00:37:55,30.3,100.0,16.0,22.989813,120.203024
08BEAC0A05AC,2023-09-03,00:37:59,29.7,100.0,0.0,22.912748,120.261227
08BEAC0A0774,2023-09-03,00:38:10,30.0,100.0,10.0,22.992411,120.294135
08BEAC0A04EC,2023-09-03,00:38:22,30.3,100.0,5.0,24.936085,121.223586
08BEAC0A089E,2023-09-03,00:38:32,28.2,100.0,0.0,23.12107103,120.4585091
08BEAC0A085E,2023-09-03,00:38:39,30.8,100.0,21.0,23.1427276,120.2731514
08BEAC0A01AA,2023-09-03,00:38:45,31.2,93.0,5.0,24.9751,121.269826
08BEAC0A0826,2023-09-03,00:39:05,29.7,100.0,14.0,23.0865158,120.3191882
08BEAC0A0156,2023-09-03,00:39:09,31.5,100.0,0.0,24.0838267,120.752756
08BEAC0A0050,2023-09-03,00:39:25,21.7,100.0,0.0,24.255411,121.259081
08BEAC0A080E,2023-09-03,00:39:31,32.3,100.0,15.0,23.158097,120.170618
08BEAC0A0040,2023-09-03,00:39:36,30.8,100.0,0.0,22.99133,120.230478
08BEAC0A06A6,2023-09-03,00:40:04,30.1,100.0,17.0,22.977305,120.186438
08BEAC0A0218,2023-09-03,00:40:25,29.1,100.0,12.0,23.6869687,120.5865383
08BEAC0A0678,2023-09-03,00:40:35,30.7,100.0,23.0,23.139376,120.138374
08BEAC0A0226,2023-09-03,00:41:11,29.5,100.0,0.0,23.2174825,120.365091
08BEAC0A0398,2023-09-03,00:41:27,32.7,100.0,21.0,24.1494507,120.6816876
08BEAC0A019A,2023-09-03,00:41:33,30.8,100.0,17.0,23.3199,120.34515
08BEAC0A06FA,2023-09-03,00:41:55,28.7,100.0,0.0,23.04435,120.470196
08BEAC0A0830,2023-09-03,00:42:07,30.1,100.0,0.0,22.956295,120.248057
08BEAC0A084E,2023-09-03,00:42:20,30.8,100.0,2.0,24.9785086,121.3061612
08BEAC0A0344,2023-09-03,00:42:22,30.3,100.0,4.0,24.960122,121.178153
08BEAC0A0880,2023-09-03,00:42:49,30.7,100.0,18.0,23.7224119,120.3083761
08BEAC0A0742,2023-09-03,00:42:52,30.5,100.0,18.0,23.003578,120.240161
08BEAC0A07A2,2023-09-03,00:43:02,31.7,100.0,5.0,25.10392038,121.2447143
08BEAC0A0480,2023-09-03,00:43:07,31.2,100.0,10.0,23.190069,120.192365
08BEAC0A0340,2023-09-03,00:43:10,30.3,100.0,19.0,22.9193352,120.2170451
08BEAC0A0464,2023-09-03,00:43:14,30.5,100.0,18.0,22.989813,120.203024
08BEAC0A05AC,2023-09-03,00:43:18,29.8,100.0,0.0,22.912748,120.261227
08BEAC0A0774,2023-09-03,00:43:25,30.0,100.0,10.0,22.992411,120.294135
08BEAC0A04EC,2023-09-03,00:43:41,30.5,100.0,4.0,24.936085,121.223586
08BEAC0A089E,2023-09-03,00:43:51,28.1,100.0,0.0,23.12107103,120.4585091
08BEAC0A085E,2023-09-03,00:43:57,31.0,100.0,20.0,23.1427276,120.2731514
08BEAC0A01AA,2023-09-03,00:44:02,31.2,92.0,5.0,24.9751,121.269826
08BEAC0A0826,2023-09-03,00:44:22,29.8,100.0,17.0,23.0865158,120.3191882
08BEAC0A0156,2023-09-03,00:44:27,31.5,100.0,0.0,24.0838267,120.752756
08BEAC0A0050,2023-09-03,00:44:42,21.6,100.0,0.0,24.255411,121.259081
08BEAC0A080E,2023-09-03,00:44:46,32.3,100.0,15.0,23.158097,120.170618
08BEAC0A0040,2023-09-03,00:44:52,30.8,100.0,0.0,22.99133,120.230478
08BEAC0A06A6,2023-09-03,00:45:19,30.2,100.0,18.0,22.977305,120.186438
08BEAC0A0218,2023-09-03,00:45:42,29.1,100.0,13.0,23.6869687,120.5865383
08BEAC0A0678,2023-09-03,00:45:53,30.7,100.0,22.0,23.139376,120.138374
08BEAC0A0226,2023-09-03,00:46:29,29.5,100.0,0.0,23.2174825,120.365091
08BEAC0A0398,2023-09-03,00:46:45,32.6,100.0,22.0,24.1494507,120.6816876
08BEAC0A019A,2023-09-03,00:46:49,30.8,100.0,19.0,23.3199,120.34515
08BEAC0A06FA,2023-09-03,00:47:14,28.8,100.0,0.0,23.04435,120.470196
08BEAC0A0830,2023-09-03,00:47:23,30.1,100.0,0.0,22.956295,120.248057
08BEAC0A084E,2023-09-03,00:47:35,30.8,100.0,2.0,24.9785086,121.3061612
08BEAC0A0344,2023-09-03,00:47:41,30.5,100.0,3.0,24.960122,121.178153
08BEAC0A0880,2023-09-03,00:48:07,30.7,100.0,17.0,23.7224119,120.3083761
08BEAC0A0742,2023-09-03,00:48:17,30.6,100.0,19.0,23.003578,120.240161
08BEAC0A07A2,2023-09-03,00:48:19,31.7,100.0,6.0,25.10392038,121.2447143
08BEAC0A0480,2023-09-03,00:48:23,31.3,100.0,10.0,23.190069,120.192365
08BEAC0A0340,2023-09-03,00:48:30,30.3,100.0,19.0,22.9193352,120.2170451
08BEAC0A0464,2023-09-03,00:48:35,30.3,100.0,17.0,22.989813,120.203024
08BEAC0A05AC,2023-09-03,00:48:36,29.8,100.0,0.0,22.912748,120.261227
08BEAC0A0774,2023-09-03,00:48:43,30.0,100.0,9.0,22.992411,120.294135
08BEAC0A04EC,2023-09-03,00:49:00,30.6,100.0,4.0,24.936085,121.223586
08BEAC0A089E,2023-09-03,00:49:07,28.5,100.0,0.0,23.12107103,120.4585091
08BEAC0A085E,2023-09-03,00:49:14,31.0,100.0,21.0,23.1427276,120.2731514
08BEAC0A01AA,2023-09-03,00:49:19,31.2,92.0,5.0,24.9751,121.269826
08BEAC0A0826,2023-09-03,00:49:41,30.0,100.0,15.0,23.0865158,120.3191882
08BEAC0A0156,2023-09-03,00:49:43,31.6,100.0,0.0,24.0838267,120.752756
08BEAC0A0050,2023-09-03,00:50:00,21.6,100.0,0.0,24.255411,121.259081
08BEAC0A080E,2023-09-03,00:50:03,32.3,100.0,15.0,23.158097,120.170618
08BEAC0A0040,2023-09-03,00:50:08,30.7,100.0,0.0,22.99133,120.230478
08BEAC0A06A6,2023-09-03,00:50:37,30.3,100.0,20.0,22.977305,120.186438
08BEAC0A0218,2023-09-03,00:50:58,29.1,100.0,11.0,23.6869687,120.5865383
08BEAC0A0678,2023-09-03,00:51:10,30.6,100.0,21.0,23.139376,120.138374
08BEAC0A0226,2023-09-03,00:51:48,29.7,100.0,0.0,23.2174825,120.365091
08BEAC0A0398,2023-09-03,00:52:01,32.6,100.0,22.0,24.1494507,120.6816876
08BEAC0A019A,2023-09-03,00:52:08,30.8,100.0,18.0,23.3199,120.34515
08BEAC0A06FA,2023-09-03,00:52:33,28.8,100.0,0.0,23.04435,120.470196
08BEAC0A0830,2023-09-03,00:52:39,30.2,100.0,0.0,22.956295,120.248057
08BEAC0A084E,2023-09-03,00:52:51,30.8,100.0,2.0,24.9785086,121.3061612
08BEAC0A0344,2023-09-03,00:52:58,30.5,100.0,4.0,24.960122,121.178153
08BEAC0A0880,2023-09-03,00:53:23,30.7,100.0,18.0,23.7224119,120.3083761
08BEAC0A07A2,2023-09-03,00:53:37,31.7,100.0,6.0,25.10392038,121.2447143
08BEAC0A0480,2023-09-03,00:53:39,31.3,100.0,10.0,23.190069,120.192365
08BEAC0A0742,2023-09-03,00:53:45,30.5,100.0,17.0,23.003578,120.240161
08BEAC0A0340,2023-09-03,00:53:47,30.3,100.0,19.0,22.9193352,120.2170451
08BEAC0A0464,2023-09-03,00:53:52,30.3,100.0,17.0,22.989813,120.203024
08BEAC0A05AC,2023-09-03,00:53:52,30.0,100.0,0.0,22.912748,120.261227
08BEAC0A0774,2023-09-03,00:54:03,30.0,100.0,9.0,22.992411,120.294135
08BEAC0A04EC,2023-09-03,00:54:17,30.6,100.0,5.0,24.936085,121.223586
08BEAC0A089E,2023-09-03,00:54:25,28.6,100.0,0.0,23.12107103,120.4585091
08BEAC0A085E,2023-09-03,00:54:30,31.0,100.0,21.0,23.1427276,120.2731514
08BEAC0A01AA,2023-09-03,00:54:36,31.2,92.0,6.0,24.9751,121.269826
08BEAC0A0826,2023-09-03,00:54:57,30.1,100.0,15.0,23.0865158,120.3191882
08BEAC0A0156,2023-09-03,00:55:03,31.7,100.0,0.0,24.0838267,120.752756
08BEAC0A0050,2023-09-03,00:55:17,21.2,100.0,0.0,24.255411,121.259081
08BEAC0A080E,2023-09-03,00:55:19,32.3,100.0,14.0,23.158097,120.170618
08BEAC0A0040,2023-09-03,00:55:26,30.7,100.0,0.0,22.99133,120.230478
08BEAC0A06A6,2023-09-03,00:55:52,30.1,100.0,19.0,22.977305,120.186438
08BEAC0A0218,2023-09-03,00:56:13,29.1,100.0,11.0,23.6869687,120.5865383
08BEAC0A0678,2023-09-03,00:56:29,30.8,100.0,21.0,23.139376,120.138374
08BEAC0A0226,2023-09-03,00:57:07,29.6,100.0,0.0,23.2174825,120.365091
08BEAC0A0398,2023-09-03,00:57:18,32.7,100.0,21.0,24.1494507,120.6816876
08BEAC0A019A,2023-09-03,00:57:26,30.8,100.0,19.0,23.3199,120.34515
08BEAC0A06FA,2023-09-03,00:57:52,29.0,100.0,0.0,23.04435,120.470196
08BEAC0A0830,2023-09-03,00:57:54,30.2,100.0,0.0,22.956295,120.248057
08BEAC0A084E,2023-09-03,00:58:10,31.0,100.0,2.0,24.9785086,121.3061612
08BEAC0A0344,2023-09-03,00:58:16,30.5,100.0,4.0,24.960122,121.178153
08BEAC0A0880,2023-09-03,00:58:41,30.7,100.0,17.0,23.7224119,120.3083761
08BEAC0A0480,2023-09-03,00:58:55,31.3,100.0,10.0,23.190069,120.192365
08BEAC0A07A2,2023-09-03,00:58:56,31.8,100.0,6.0,25.10392038,121.2447143
08BEAC0A0340,2023-09-03,00:59:03,30.3,100.0,19.0,22.9193352,120.2170451
08BEAC0A0742,2023-09-03,00:59:03,30.6,100.0,18.0,23.003578,120.240161
08BEAC0A05AC,2023-09-03,00:59:10,30.0,100.0,0.0,22.912748,120.261227
08BEAC0A0464,2023-09-03,00:59:11,30.3,100.0,15.0,22.989813,120.203024
08BEAC0A0774,2023-09-03,00:59:19,30.0,100.0,10.0,22.992411,120.294135
08BEAC0A04EC,2023-09-03,00:59:34,30.6,100.0,3.0,24.936085,121.223586
08BEAC0A089E,2023-09-03,00:59:40,28.7,100.0,0.0,23.12107103,120.4585091
08BEAC0A085E,2023-09-03,00:59:47,31.0,100.0,20.0,23.1427276,120.2731514
08BEAC0A01AA,2023-09-03,00:59:53,31.1,92.0,5.0,24.9751,121.269826
08BEAC0A0826,2023-09-03,01:00:15,30.1,100.0,15.0,23.0865158,120.3191882
08BEAC0A0156,2023-09-03,01:00:19,31.7,100.0,0.0,24.0838267,120.752756
08BEAC0A0050,2023-09-03,01:00:35,21.3,100.0,0.0,24.255411,121.259081
08BEAC0A080E,2023-09-03,01:00:35,32.3,100.0,13.0,23.158097,120.170618
08BEAC0A0040,2023-09-03,01:00:44,30.8,100.0,0.0,22.99133,120.230478
08BEAC0A06A6,2023-09-03,01:01:09,30.2,100.0,18.0,22.977305,120.186438
08BEAC0A0218,2023-09-03,01:01:30,29.2,100.0,13.0,23.6869687,120.5865383
08BEAC0A0678,2023-09-03,01:01:48,31.0,100.0,24.0,23.139376,120.138374
08BEAC0A0226,2023-09-03,01:02:24,29.7,100.0,0.0,23.2174825,120.365091
08BEAC0A0398,2023-09-03,01:02:39,32.7,100.0,23.0,24.1494507,120.6816876
08BEAC0A019A,2023-09-03,01:02:44,31.0,100.0,18.0,23.3199,120.34515
08BEAC0A06FA,2023-09-03,01:03:08,29.0,100.0,0.0,23.04435,120.470196
08BEAC0A0830,2023-09-03,01:03:15,30.3,100.0,0.0,22.956295,120.248057
08BEAC0A084E,2023-09-03,01:03:26,31.0,100.0,1.0,24.9785086,121.3061612
08BEAC0A0344,2023-09-03,01:03:32,30.5,100.0,5.0,24.960122,121.178153
08BEAC0A0880,2023-09-03,01:04:01,30.8,100.0,17.0,23.7224119,120.3083761
08BEAC0A0480,2023-09-03,01:04:13,31.3,100.0,9.0,23.190069,120.192365
08BEAC0A07A2,2023-09-03,01:04:13,31.8,100.0,7.0,25.10392038,121.2447143
08BEAC0A0340,2023-09-03,01:04:18,30.5,100.0,20.0,22.9193352,120.2170451
08BEAC0A0742,2023-09-03,01:04:20,30.6,100.0,19.0,23.003578,120.240161
08BEAC0A05AC,2023-09-03,01:04:26,30.1,100.0,0.0,22.912748,120.261227
08BEAC0A0464,2023-09-03,01:04:28,30.5,100.0,16.0,22.989813,120.203024
08BEAC0A0774,2023-09-03,01:04:36,30.1,100.0,10.0,22.992411,120.294135
08BEAC0A04EC,2023-09-03,01:04:53,30.6,100.0,4.0,24.936085,121.223586
08BEAC0A089E,2023-09-03,01:04:57,28.7,100.0,0.0,23.12107103,120.4585091
08BEAC0A085E,2023-09-03,01:05:06,31.0,100.0,17.0,23.1427276,120.2731514
08BEAC0A01AA,2023-09-03,01:05:08,31.1,92.0,5.0,24.9751,121.269826
08BEAC0A0826,2023-09-03,01:05:32,30.2,100.0,14.0,23.0865158,120.3191882
08BEAC0A0156,2023-09-03,01:05:36,31.7,100.0,0.0,24.0838267,120.752756
08BEAC0A080E,2023-09-03,01:05:51,32.3,100.0,12.0,23.158097,120.170618
08BEAC0A0050,2023-09-03,01:05:54,21.3,100.0,0.0,24.255411,121.259081
08BEAC0A0040,2023-09-03,01:06:02,31.1,100.0,0.0,22.99133,120.230478
08BEAC0A06A6,2023-09-03,01:06:24,30.5,100.0,17.0,22.977305,120.186438
08BEAC0A0218,2023-09-03,01:06:48,29.3,100.0,14.0,23.6869687,120.5865383
08BEAC0A0678,2023-09-03,01:07:04,31.1,100.0,23.0,23.139376,120.138374
08BEAC0A0226,2023-09-03,01:07:43,29.7,100.0,0.0,23.2174825,120.365091
08BEAC0A0398,2023-09-03,01:07:58,32.6,100.0,24.0,24.1494507,120.6816876
08BEAC0A019A,2023-09-03,01:08:01,31.0,100.0,18.0,23.3199,120.34515
08BEAC0A0830,2023-09-03,01:08:31,30.3,100.0,0.0,22.956295,120.248057
08BEAC0A084E,2023-09-03,01:08:44,31.0,100.0,1.0,24.9785086,121.3061612
08BEAC0A0344,2023-09-03,01:08:48,30.5,100.0,5.0,24.960122,121.178153
08BEAC0A0880,2023-09-03,01:09:18,30.7,100.0,17.0,23.7224119,120.3083761
08BEAC0A0480,2023-09-03,01:09:31,31.3,100.0,10.0,23.190069,120.192365
08BEAC0A07A2,2023-09-03,01:09:31,31.8,100.0,6.0,25.10392038,121.2447143
08BEAC0A0340,2023-09-03,01:09:34,30.7,100.0,18.0,22.9193352,120.2170451
08BEAC0A05AC,2023-09-03,01:09:43,30.1,100.0,0.0,22.912748,120.261227
08BEAC0A0464,2023-09-03,01:09:46,30.5,100.0,15.0,22.989813,120.203024
08BEAC0A0774,2023-09-03,01:09:53,30.1,100.0,10.0,22.992411,120.294135
08BEAC0A0742,2023-09-03,01:10:01,30.7,100.0,17.0,23.003578,120.240161
08BEAC0A04EC,2023-09-03,01:10:10,30.7,100.0,4.0,24.936085,121.223586
08BEAC0A089E,2023-09-03,01:10:14,28.5,100.0,0.0,23.12107103,120.4585091
08BEAC0A085E,2023-09-03,01:10:23,31.0,100.0,15.0,23.1427276,120.2731514
08BEAC0A01AA,2023-09-03,01:10:24,31.1,92.0,6.0,24.9751,121.269826
08BEAC0A0826,2023-09-03,01:10:49,30.2,100.0,12.0,23.0865158,120.3191882
08BEAC0A0156,2023-09-03,01:10:53,31.7,100.0,0.0,24.0838267,120.752756
08BEAC0A080E,2023-09-03,01:11:06,32.3,100.0,13.0,23.158097,120.170618
08BEAC0A0050,2023-09-03,01:11:14,21.1,100.0,0.0,24.255411,121.259081
08BEAC0A0040,2023-09-03,01:11:19,31.1,100.0,0.0,22.99133,120.230478
08BEAC0A06A6,2023-09-03,01:11:40,30.5,100.0,19.0,22.977305,120.186438
08BEAC0A0218,2023-09-03,01:12:04,29.3,100.0,14.0,23.6869687,120.5865383
08BEAC0A0678,2023-09-03,01:12:23,31.2,100.0,24.0,23.139376,120.138374
08BEAC0A0226,2023-09-03,01:13:01,29.6,100.0,0.0,23.2174825,120.365091
08BEAC0A0398,2023-09-03,01:13:15,32.1,100.0,26.0,24.1494507,120.6816876
08BEAC0A019A,2023-09-03,01:13:19,31.0,100.0,19.0,23.3199,120.34515
08BEAC0A06FA,2023-09-03,01:13:37,29.0,100.0,0.0,23.04435,120.470196
08BEAC0A0830,2023-09-03,01:13:47,30.2,100.0,0.0,22.956295,120.248057
08BEAC0A0344,2023-09-03,01:14:03,30.5,100.0,5.0,24.960122,121.178153
08BEAC0A084E,2023-09-03,01:14:03,31.0,100.0,2.0,24.9785086,121.3061612
08BEAC0A0880,2023-09-03,01:14:36,30.8,100.0,17.0,23.7224119,120.3083761
08BEAC0A0480,2023-09-03,01:14:48,31.3,100.0,10.0,23.190069,120.192365
08BEAC0A07A2,2023-09-03,01:14:49,31.7,100.0,4.0,25.10392038,121.2447143
08BEAC0A0340,2023-09-03,01:14:52,30.8,100.0,18.0,22.9193352,120.2170451
08BEAC0A05AC,2023-09-03,01:15:00,30.1,100.0,0.0,22.912748,120.261227
08BEAC0A0464,2023-09-03,01:15:07,30.7,100.0,15.0,22.989813,120.203024
08BEAC0A0774,2023-09-03,01:15:10,30.2,100.0,9.0,22.992411,120.294135
08BEAC0A04EC,2023-09-03,01:15:25,30.7,100.0,4.0,24.936085,121.223586
08BEAC0A0742,2023-09-03,01:15:28,30.6,100.0,16.0,23.003578,120.240161
08BEAC0A01AA,2023-09-03,01:15:39,31.2,92.0,7.0,24.9751,121.269826
08BEAC0A085E,2023-09-03,01:15:41,31.0,100.0,13.0,23.1427276,120.2731514
08BEAC0A0826,2023-09-03,01:16:05,30.1,100.0,12.0,23.0865158,120.3191882
08BEAC0A0156,2023-09-03,01:16:10,31.6,100.0,0.0,24.0838267,120.752756
08BEAC0A080E,2023-09-03,01:16:25,32.3,100.0,12.0,23.158097,120.170618
08BEAC0A0050,2023-09-03,01:16:32,21.1,100.0,0.0,24.255411,121.259081
08BEAC0A0040,2023-09-03,01:16:38,31.1,100.0,0.0,22.99133,120.230478
08BEAC0A06A6,2023-09-03,01:16:59,30.6,100.0,17.0,22.977305,120.186438
08BEAC0A0218,2023-09-03,01:17:23,29.3,100.0,13.0,23.6869687,120.5865383
08BEAC0A0678,2023-09-03,01:17:41,31.3,100.0,23.0,23.139376,120.138374
08BEAC0A0226,2023-09-03,01:18:16,29.6,100.0,0.0,23.2174825,120.365091
08BEAC0A019A,2023-09-03,01:18:34,31.0,100.0,19.0,23.3199,120.34515
08BEAC0A0398,2023-09-03,01:18:37,32.2,100.0,25.0,24.1494507,120.6816876
08BEAC0A06FA,2023-09-03,01:18:54,29.0,100.0,0.0,23.04435,120.470196
08BEAC0A0830,2023-09-03,01:19:06,30.2,100.0,0.0,22.956295,120.248057
08BEAC0A0344,2023-09-03,01:19:21,30.5,100.0,5.0,24.960122,121.178153
08BEAC0A084E,2023-09-03,01:19:22,31.0,100.0,2.0,24.9785086,121.3061612
08BEAC0A0880,2023-09-03,01:19:54,30.7,100.0,17.0,23.7224119,120.3083761
08BEAC0A0480,2023-09-03,01:20:06,31.3,100.0,10.0,23.190069,120.192365
08BEAC0A07A2,2023-09-03,01:20:07,31.7,100.0,6.0,25.10392038,121.2447143
08BEAC0A0340,2023-09-03,01:20:11,30.8,100.0,18.0,22.9193352,120.2170451
08BEAC0A05AC,2023-09-03,01:20:17,30.1,100.0,0.0,22.912748,120.261227
08BEAC0A0464,2023-09-03,01:20:28,30.7,100.0,14.0,22.989813,120.203024
08BEAC0A0774,2023-09-03,01:20:30,30.3,100.0,8.0,22.992411,120.294135
08BEAC0A04EC,2023-09-03,01:20:43,30.6,100.0,4.0,24.936085,121.223586
08BEAC0A01AA,2023-09-03,01:20:55,31.2,92.0,7.0,24.9751,121.269826
08BEAC0A085E,2023-09-03,01:20:58,31.0,100.0,13.0,23.1427276,120.2731514
08BEAC0A0742,2023-09-03,01:21:00,30.7,100.0,18.0,23.003578,120.240161
08BEAC0A089E,2023-09-03,01:21:12,28.5,100.0,0.0,23.12107103,120.4585091
08BEAC0A0156,2023-09-03,01:21:27,31.5,100.0,0.0,24.0838267,120.752756
08BEAC0A080E,2023-09-03,01:21:40,32.5,100.0,12.0,23.158097,120.170618
08BEAC0A0050,2023-09-03,01:21:49,21.2,100.0,0.0,24.255411,121.259081
08BEAC0A0040,2023-09-03,01:21:58,31.1,100.0,0.0,22.99133,120.230478
08BEAC0A06A6,2023-09-03,01:22:14,30.6,100.0,15.0,22.977305,120.186438
08BEAC0A0218,2023-09-03,01:22:41,29.5,100.0,13.0,23.6869687,120.5865383
08BEAC0A0678,2023-09-03,01:23:02,31.3,100.0,21.0,23.139376,120.138374
08BEAC0A0226,2023-09-03,01:23:36,29.6,100.0,0.0,23.2174825,120.365091
08BEAC0A019A,2023-09-03,01:23:52,31.0,100.0,19.0,23.3199,120.34515
08BEAC0A0398,2023-09-03,01:23:56,32.2,100.0,25.0,24.1494507,120.6816876
08BEAC0A06FA,2023-09-03,01:24:15,29.1,100.0,0.0,23.04435,120.470196
08BEAC0A0830,2023-09-03,01:24:24,30.2,100.0,0.0,22.956295,120.248057
08BEAC0A0344,2023-09-03,01:24:38,30.5,100.0,5.0,24.960122,121.178153
08BEAC0A084E,2023-09-03,01:24:39,31.0,100.0,1.0,24.9785086,121.3061612
08BEAC0A0880,2023-09-03,01:25:11,30.8,100.0,17.0,23.7224119,120.3083761
08BEAC0A0480,2023-09-03,01:25:23,31.3,100.0,9.0,23.190069,120.192365
08BEAC0A07A2,2023-09-03,01:25:23,31.6,100.0,5.0,25.10392038,121.2447143
08BEAC0A0340,2023-09-03,01:25:28,31.0,100.0,18.0,22.9193352,120.2170451
08BEAC0A05AC,2023-09-03,01:25:36,30.1,100.0,0.0,22.912748,120.261227
08BEAC0A0464,2023-09-03,01:25:47,30.6,100.0,14.0,22.989813,120.203024
08BEAC0A0774,2023-09-03,01:25:48,30.3,100.0,8.0,22.992411,120.294135
08BEAC0A04EC,2023-09-03,01:26:00,30.6,100.0,4.0,24.936085,121.223586
08BEAC0A01AA,2023-09-03,01:26:11,31.3,92.0,6.0,24.9751,121.269826
08BEAC0A085E,2023-09-03,01:26:16,30.8,100.0,13.0,23.1427276,120.2731514
08BEAC0A089E,2023-09-03,01:26:28,28.5,100.0,0.0,23.12107103,120.4585091
08BEAC0A0826,2023-09-03,01:26:32,29.8,100.0,12.0,23.0865158,120.3191882
08BEAC0A0742,2023-09-03,01:26:41,30.7,100.0,15.0,23.003578,120.240161
08BEAC0A0156,2023-09-03,01:26:46,31.3,100.0,0.0,24.0838267,120.752756
08BEAC0A080E,2023-09-03,01:27:01,32.3,100.0,12.0,23.158097,120.170618
08BEAC0A0050,2023-09-03,01:27:06,21.6,100.0,0.0,24.255411,121.259081
08BEAC0A0040,2023-09-03,01:27:16,31.0,100.0,0.0,22.99133,120.230478
08BEAC0A06A6,2023-09-03,01:27:32,30.6,100.0,16.0,22.977305,120.186438
08BEAC0A0218,2023-09-03,01:27:56,29.5,100.0,13.0,23.6869687,120.5865383
08BEAC0A0678,2023-09-03,01:28:17,31.2,100.0,23.0,23.139376,120.138374
08BEAC0A0226,2023-09-03,01:28:52,29.6,100.0,0.0,23.2174825,120.365091
08BEAC0A019A,2023-09-03,01:29:08,31.0,100.0,20.0,23.3199,120.34515
08BEAC0A0398,2023-09-03,01:29:13,32.1,100.0,28.0,24.1494507,120.6816876
08BEAC0A06FA,2023-09-03,01:29:34,29.1,100.0,0.0,23.04435,120.470196
08BEAC0A0830,2023-09-03,01:29:41,30.2,100.0,0.0,22.956295,120.248057
08BEAC0A0344,2023-09-03,01:29:55,30.5,100.0,5.0,24.960122,121.178153
08BEAC0A084E,2023-09-03,01:29:57,31.0,100.0,1.0,24.9785086,121.3061612
08BEAC0A0880,2023-09-03,01:30:30,31.0,100.0,17.0,23.7224119,120.3083761
08BEAC0A0480,2023-09-03,01:30:40,31.3,100.0,10.0,23.190069,120.192365
08BEAC0A07A2,2023-09-03,01:30:42,31.8,100.0,5.0,25.10392038,121.2447143
08BEAC0A0340,2023-09-03,01:30:50,30.8,100.0,19.0,22.9193352,120.2170451
08BEAC0A05AC,2023-09-03,01:30:56,30.0,100.0,0.0,22.912748,120.261227
08BEAC0A0774,2023-09-03,01:31:05,30.5,100.0,7.0,22.992411,120.294135
08BEAC0A0464,2023-09-03,01:31:07,30.6,100.0,14.0,22.989813,120.203024
08BEAC0A04EC,2023-09-03,01:31:21,30.6,100.0,4.0,24.936085,121.223586
08BEAC0A01AA,2023-09-03,01:31:27,31.3,92.0,7.0,24.9751,121.269826
08BEAC0A085E,2023-09-03,01:31:35,31.0,100.0,14.0,23.1427276,120.2731514
08BEAC0A089E,2023-09-03,01:31:46,28.7,100.0,0.0,23.12107103,120.4585091
08BEAC0A0826,2023-09-03,01:31:50,30.1,100.0,11.0,23.0865158,120.3191882
08BEAC0A0742,2023-09-03,01:31:59,30.7,100.0,16.0,23.003578,120.240161
08BEAC0A0156,2023-09-03,01:32:03,31.3,100.0,0.0,24.0838267,120.752756
08BEAC0A080E,2023-09-03,01:32:21,32.5,100.0,12.0,23.158097,120.170618
08BEAC0A0050,2023-09-03,01:32:22,21.7,100.0,0.0,24.255411,121.259081
08BEAC0A0040,2023-09-03,01:32:34,31.1,100.0,0.0,22.99133,120.230478
08BEAC0A06A6,2023-09-03,01:32:48,30.7,100.0,15.0,22.977305,120.186438
08BEAC0A0218,2023-09-03,01:33:14,29.5,100.0,15.0,23.6869687,120.5865383
08BEAC0A0678,2023-09-03,01:33:35,31.1,100.0,21.0,23.139376,120.138374
08BEAC0A0226,2023-09-03,01:34:09,29.6,100.0,0.0,23.2174825,120.365091
08BEAC0A019A,2023-09-03,01:34:24,31.0,100.0,21.0,23.3199,120.34515
08BEAC0A0398,2023-09-03,01:34:29,31.8,100.0,28.0,24.1494507,120.6816876
08BEAC0A06FA,2023-09-03,01:34:52,29.1,100.0,0.0,23.04435,120.470196
08BEAC0A0830,2023-09-03,01:34:57,30.3,100.0,0.0,22.956295,120.248057
08BEAC0A0344,2023-09-03,01:35:12,30.5,100.0,5.0,24.960122,121.178153
08BEAC0A084E,2023-09-03,01:35:17,31.0,100.0,2.0,24.9785086,121.3061612
08BEAC0A0880,2023-09-03,01:35:46,31.1,100.0,16.0,23.7224119,120.3083761
08BEAC0A0480,2023-09-03,01:35:58,31.3,100.0,9.0,23.190069,120.192365
08BEAC0A0340,2023-09-03,01:36:06,30.7,100.0,17.0,22.9193352,120.2170451
08BEAC0A05AC,2023-09-03,01:36:12,29.8,100.0,0.0,22.912748,120.261227
08BEAC0A0774,2023-09-03,01:36:21,30.5,100.0,8.0,22.992411,120.294135
08BEAC0A0464,2023-09-03,01:36:28,30.8,100.0,14.0,22.989813,120.203024
08BEAC0A04EC,2023-09-03,01:36:35,30.7,100.0,5.0,24.936085,121.223586
08BEAC0A01AA,2023-09-03,01:36:44,31.2,93.0,7.0,24.9751,121.269826
08BEAC0A085E,2023-09-03,01:36:52,31.0,100.0,14.0,23.1427276,120.2731514
08BEAC0A089E,2023-09-03,01:37:02,29.0,100.0,0.0,23.12107103,120.4585091
08BEAC0A0826,2023-09-03,01:37:07,29.8,100.0,12.0,23.0865158,120.3191882
08BEAC0A0742,2023-09-03,01:37:17,30.7,100.0,15.0,23.003578,120.240161
08BEAC0A0156,2023-09-03,01:37:22,31.3,100.0,0.0,24.0838267,120.752756
08BEAC0A0050,2023-09-03,01:37:40,21.6,100.0,0.0,24.255411,121.259081
08BEAC0A080E,2023-09-03,01:37:44,32.5,100.0,11.0,23.158097,120.170618
08BEAC0A0040,2023-09-03,01:37:52,31.1,100.0,0.0,22.99133,120.230478
08BEAC0A06A6,2023-09-03,01:38:05,30.7,100.0,15.0,22.977305,120.186438
08BEAC0A0218,2023-09-03,01:38:30,29.5,100.0,15.0,23.6869687,120.5865383
08BEAC0A0678,2023-09-03,01:38:53,31.1,100.0,22.0,23.139376,120.138374
08BEAC0A0226,2023-09-03,01:39:27,29.6,100.0,0.0,23.2174825,120.365091
08BEAC0A019A,2023-09-03,01:39:41,31.0,100.0,20.0,23.3199,120.34515
08BEAC0A0398,2023-09-03,01:39:48,31.7,100.0,27.0,24.1494507,120.6816876
08BEAC0A06FA,2023-09-03,01:40:08,29.1,100.0,0.0,23.04435,120.470196
08BEAC0A0830,2023-09-03,01:40:16,30.3,100.0,0.0,22.956295,120.248057
08BEAC0A0344,2023-09-03,01:40:29,30.5,100.0,6.0,24.960122,121.178153
08BEAC0A084E,2023-09-03,01:40:35,31.0,100.0,1.0,24.9785086,121.3061612
08BEAC0A0880,2023-09-03,01:41:04,31.0,100.0,19.0,23.7224119,120.3083761
08BEAC0A07A2,2023-09-03,01:41:12,31.7,100.0,6.0,25.10392038,121.2447143
08BEAC0A0480,2023-09-03,01:41:14,31.3,100.0,10.0,23.190069,120.192365
08BEAC0A0340,2023-09-03,01:41:21,30.6,100.0,16.0,22.9193352,120.2170451
08BEAC0A05AC,2023-09-03,01:41:30,30.0,100.0,0.0,22.912748,120.261227
08BEAC0A0774,2023-09-03,01:41:38,30.5,100.0,8.0,22.992411,120.294135
08BEAC0A0464,2023-09-03,01:41:47,30.8,100.0,15.0,22.989813,120.203024
08BEAC0A04EC,2023-09-03,01:41:54,30.7,100.0,5.0,24.936085,121.223586
08BEAC0A01AA,2023-09-03,01:42:10,31.2,93.0,7.0,24.9751,121.269826
08BEAC0A085E,2023-09-03,01:42:10,31.1,100.0,16.0,23.1427276,120.2731514
08BEAC0A089E,2023-09-03,01:42:19,28.8,100.0,0.0,23.12107103,120.4585091
08BEAC0A0826,2023-09-03,01:42:27,29.8,100.0,12.0,23.0865158,120.3191882
08BEAC0A0742,2023-09-03,01:42:37,30.7,100.0,16.0,23.003578,120.240161
08BEAC0A0156,2023-09-03,01:42:39,31.5,100.0,0.0,24.0838267,120.752756
08BEAC0A0050,2023-09-03,01:42:56,21.3,100.0,0.0,24.255411,121.259081
08BEAC0A080E,2023-09-03,01:43:02,32.5,100.0,12.0,23.158097,120.170618
08BEAC0A0040,2023-09-03,01:43:08,31.1,100.0,0.0,22.99133,120.230478
08BEAC0A06A6,2023-09-03,01:43:25,30.7,100.0,15.0,22.977305,120.186438
08BEAC0A0218,2023-09-03,01:43:49,29.6,100.0,19.0,23.6869687,120.5865383
08BEAC0A0226,2023-09-03,01:44:44,29.7,100.0,0.0,23.2174825,120.365091
08BEAC0A019A,2023-09-03,01:44:57,31.0,100.0,21.0,23.3199,120.34515
08BEAC0A0398,2023-09-03,01:45:06,32.0,100.0,27.0,24.1494507,120.6816876
08BEAC0A06FA,2023-09-03,01:45:24,29.1,100.0,0.0,23.04435,120.470196
08BEAC0A0830,2023-09-03,01:45:32,30.5,100.0,0.0,22.956295,120.248057
08BEAC0A0344,2023-09-03,01:45:45,30.5,100.0,5.0,24.960122,121.178153
08BEAC0A084E,2023-09-03,01:45:51,31.1,100.0,2.0,24.9785086,121.3061612
08BEAC0A0880,2023-09-03,01:46:20,31.0,100.0,20.0,23.7224119,120.3083761
08BEAC0A0480,2023-09-03,01:46:30,31.5,100.0,9.0,23.190069,120.192365
08BEAC0A07A2,2023-09-03,01:46:32,31.7,100.0,4.0,25.10392038,121.2447143
08BEAC0A0340,2023-09-03,01:46:36,30.7,100.0,23.0,22.9193352,120.2170451
08BEAC0A05AC,2023-09-03,01:46:47,30.0,100.0,0.0,22.912748,120.261227
08BEAC0A0774,2023-09-03,01:46:54,30.5,100.0,9.0,22.992411,120.294135
08BEAC0A04EC,2023-09-03,01:47:09,30.7,100.0,5.0,24.936085,121.223586
08BEAC0A0464,2023-09-03,01:47:11,30.8,100.0,15.0,22.989813,120.203024
08BEAC0A01AA,2023-09-03,01:47:25,31.2,93.0,6.0,24.9751,121.269826
08BEAC0A085E,2023-09-03,01:47:29,31.1,100.0,18.0,23.1427276,120.2731514
08BEAC0A089E,2023-09-03,01:47:34,29.0,100.0,0.0,23.12107103,120.4585091
08BEAC0A0826,2023-09-03,01:47:43,29.8,100.0,13.0,23.0865158,120.3191882
08BEAC0A0742,2023-09-03,01:47:53,30.6,100.0,16.0,23.003578,120.240161
08BEAC0A0156,2023-09-03,01:47:57,31.3,100.0,0.0,24.0838267,120.752756
08BEAC0A0050,2023-09-03,01:48:12,21.3,100.0,0.0,24.255411,121.259081
08BEAC0A080E,2023-09-03,01:48:19,32.5,100.0,11.0,23.158097,120.170618
08BEAC0A0040,2023-09-03,01:48:27,31.1,100.0,0.0,22.99133,120.230478
08BEAC0A06A6,2023-09-03,01:48:40,30.7,100.0,15.0,22.977305,120.186438
08BEAC0A0218,2023-09-03,01:49:07,29.6,100.0,17.0,23.6869687,120.5865383
08BEAC0A0678,2023-09-03,01:49:20,31.3,100.0,24.0,23.139376,120.138374
08BEAC0A0226,2023-09-03,01:50:05,29.6,100.0,0.0,23.2174825,120.365091
08BEAC0A019A,2023-09-03,01:50:15,31.1,100.0,21.0,23.3199,120.34515
08BEAC0A0398,2023-09-03,01:50:22,32.1,100.0,27.0,24.1494507,120.6816876
08BEAC0A06FA,2023-09-03,01:50:45,29.2,100.0,0.0,23.04435,120.470196
08BEAC0A0830,2023-09-03,01:50:49,30.5,100.0,0.0,22.956295,120.248057
08BEAC0A0344,2023-09-03,01:51:02,30.5,100.0,5.0,24.960122,121.178153
08BEAC0A084E,2023-09-03,01:51:12,31.1,100.0,2.0,24.9785086,121.3061612
08BEAC0A0880,2023-09-03,01:51:37,31.1,100.0,18.0,23.7224119,120.3083761
08BEAC0A0480,2023-09-03,01:51:48,31.5,100.0,9.0,23.190069,120.192365
08BEAC0A07A2,2023-09-03,01:51:49,31.7,100.0,5.0,25.10392038,121.2447143
08BEAC0A0340,2023-09-03,01:51:53,30.7,100.0,28.0,22.9193352,120.2170451
08BEAC0A05AC,2023-09-03,01:52:06,30.0,100.0,1.0,22.912748,120.261227
08BEAC0A0774,2023-09-03,01:52:14,30.5,100.0,8.0,22.992411,120.294135
08BEAC0A0464,2023-09-03,01:52:30,30.7,100.0,15.0,22.989813,120.203024
08BEAC0A04EC,2023-09-03,01:52:30,30.6,100.0,4.0,24.936085,121.223586
08BEAC0A01AA,2023-09-03,01:52:43,31.2,93.0,7.0,24.9751,121.269826
08BEAC0A085E,2023-09-03,01:52:46,31.2,100.0,19.0,23.1427276,120.2731514
08BEAC0A089E,2023-09-03,01:52:50,29.0,100.0,0.0,23.12107103,120.4585091
08BEAC0A0826,2023-09-03,01:53:02,29.8,100.0,12.0,23.0865158,120.3191882
08BEAC0A0156,2023-09-03,01:53:13,31.3,100.0,0.0,24.0838267,120.752756
08BEAC0A0742,2023-09-03,01:53:13,30.6,100.0,17.0,23.003578,120.240161
08BEAC0A0050,2023-09-03,01:53:30,21.3,100.0,0.0,24.255411,121.259081
08BEAC0A080E,2023-09-03,01:53:35,32.5,100.0,11.0,23.158097,120.170618
08BEAC0A0040,2023-09-03,01:53:45,31.0,100.0,0.0,22.99133,120.230478
08BEAC0A06A6,2023-09-03,01:53:58,30.7,100.0,14.0,22.977305,120.186438
08BEAC0A0218,2023-09-03,01:54:26,29.5,100.0,14.0,23.6869687,120.5865383
08BEAC0A0678,2023-09-03,01:54:42,31.3,100.0,24.0,23.139376,120.138374
08BEAC0A0226,2023-09-03,01:55:23,29.7,100.0,0.0,23.2174825,120.365091
08BEAC0A019A,2023-09-03,01:55:32,31.1,100.0,22.0,23.3199,120.34515
08BEAC0A0398,2023-09-03,01:55:41,32.1,100.0,28.0,24.1494507,120.6816876
08BEAC0A06FA,2023-09-03,01:56:01,29.1,100.0,0.0,23.04435,120.470196
08BEAC0A0830,2023-09-03,01:56:06,30.5,100.0,0.0,22.956295,120.248057
08BEAC0A0344,2023-09-03,01:56:22,30.5,100.0,4.0,24.960122,121.178153
08BEAC0A084E,2023-09-03,01:56:28,31.1,100.0,2.0,24.9785086,121.3061612
08BEAC0A0880,2023-09-03,01:56:56,31.1,100.0,15.0,23.7224119,120.3083761
08BEAC0A0480,2023-09-03,01:57:02,31.5,100.0,9.0,23.190069,120.192365
08BEAC0A07A2,2023-09-03,01:57:07,31.7,100.0,5.0,25.10392038,121.2447143
08BEAC0A0340,2023-09-03,01:57:12,30.8,100.0,23.0,22.9193352,120.2170451
08BEAC0A05AC,2023-09-03,01:57:23,30.0,100.0,0.0,22.912748,120.261227
08BEAC0A0774,2023-09-03,01:57:32,30.5,100.0,9.0,22.992411,120.294135
08BEAC0A04EC,2023-09-03,01:57:48,30.6,100.0,4.0,24.936085,121.223586
08BEAC0A0464,2023-09-03,01:57:51,30.7,100.0,16.0,22.989813,120.203024
08BEAC0A01AA,2023-09-03,01:58:01,31.1,93.0,6.0,24.9751,121.269826
08BEAC0A085E,2023-09-03,01:58:04,31.1,100.0,23.0,23.1427276,120.2731514
08BEAC0A089E,2023-09-03,01:58:05,28.6,100.0,0.0,23.12107103,120.4585091
08BEAC0A0826,2023-09-03,01:58:18,29.8,100.0,10.0,23.0865158,120.3191882
08BEAC0A0156,2023-09-03,01:58:29,31.3,100.0,0.0,24.0838267,120.752756
08BEAC0A0742,2023-09-03,01:58:32,30.6,100.0,18.0,23.003578,120.240161
08BEAC0A0050,2023-09-03,01:58:46,21.6,100.0,0.0,24.255411,121.259081
08BEAC0A080E,2023-09-03,01:58:52,32.5,100.0,12.0,23.158097,120.170618
08BEAC0A0040,2023-09-03,01:59:03,31.0,100.0,0.0,22.99133,120.230478
08BEAC0A06A6,2023-09-03,01:59:14,30.8,100.0,14.0,22.977305,120.186438
08BEAC0A0218,2023-09-03,01:59:43,29.5,100.0,16.0,23.6869687,120.5865383
08BEAC0A0678,2023-09-03,02:00:00,31.5,100.0,22.0,23.139376,120.138374
08BEAC0A0226,2023-09-03,02:00:42,29.7,100.0,0.0,23.2174825,120.365091
08BEAC0A019A,2023-09-03,02:00:52,31.1,100.0,24.0,23.3199,120.34515
08BEAC0A0398,2023-09-03,02:00:59,32.2,100.0,27.0,24.1494507,120.6816876
08BEAC0A06FA,2023-09-03,02:01:19,29.2,100.0,0.0,23.04435,120.470196
08BEAC0A0830,2023-09-03,02:01:21,30.6,100.0,0.0,22.956295,120.248057
08BEAC0A0344,2023-09-03,02:01:43,30.5,100.0,5.0,24.960122,121.178153
08BEAC0A084E,2023-09-03,02:01:45,31.1,100.0,2.0,24.9785086,121.3061612
08BEAC0A0880,2023-09-03,02:02:16,31.1,100.0,15.0,23.7224119,120.3083761
08BEAC0A0480,2023-09-03,02:02:17,31.5,100.0,9.0,23.190069,120.192365
08BEAC0A07A2,2023-09-03,02:02:22,31.7,100.0,5.0,25.10392038,121.2447143
08BEAC0A0340,2023-09-03,02:02:30,30.8,100.0,21.0,22.9193352,120.2170451
08BEAC0A05AC,2023-09-03,02:02:42,30.1,100.0,0.0,22.912748,120.261227
08BEAC0A0774,2023-09-03,02:02:48,30.5,100.0,8.0,22.992411,120.294135
08BEAC0A04EC,2023-09-03,02:03:06,30.6,100.0,4.0,24.936085,121.223586
08BEAC0A0464,2023-09-03,02:03:09,31.1,100.0,14.0,22.989813,120.203024
08BEAC0A01AA,2023-09-03,02:03:17,31.1,93.0,7.0,24.9751,121.269826
08BEAC0A085E,2023-09-03,02:03:22,31.1,100.0,24.0,23.1427276,120.2731514
08BEAC0A089E,2023-09-03,02:03:23,28.6,100.0,0.0,23.12107103,120.4585091
08BEAC0A0826,2023-09-03,02:03:35,29.8,100.0,11.0,23.0865158,120.3191882
08BEAC0A0156,2023-09-03,02:03:45,31.3,100.0,0.0,24.0838267,120.752756
08BEAC0A0050,2023-09-03,02:04:04,22.0,100.0,0.0,24.255411,121.259081
08BEAC0A080E,2023-09-03,02:04:08,32.5,100.0,12.0,23.158097,120.170618
08BEAC0A0040,2023-09-03,02:04:21,31.1,100.0,0.0,22.99133,120.230478
08BEAC0A06A6,2023-09-03,02:04:30,31.0,100.0,15.0,22.977305,120.186438
08BEAC0A0218,2023-09-03,02:05:01,29.5,100.0,17.0,23.6869687,120.5865383
08BEAC0A0678,2023-09-03,02:05:18,31.5,100.0,20.0,23.139376,120.138374
08BEAC0A0226,2023-09-03,02:06:01,29.8,100.0,0.0,23.2174825,120.365091
08BEAC0A019A,2023-09-03,02:06:12,31.1,100.0,25.0,23.3199,120.34515
08BEAC0A0398,2023-09-03,02:06:17,32.1,100.0,29.0,24.1494507,120.6816876
08BEAC0A06FA,2023-09-03,02:06:38,29.2,100.0,0.0,23.04435,120.470196
08BEAC0A0830,2023-09-03,02:06:39,30.6,100.0,0.0,22.956295,120.248057
08BEAC0A0344,2023-09-03,02:07:00,30.5,100.0,5.0,24.960122,121.178153
08BEAC0A084E,2023-09-03,02:07:03,31.1,100.0,2.0,24.9785086,121.3061612
08BEAC0A0880,2023-09-03,02:07:33,31.1,100.0,14.0,23.7224119,120.3083761
08BEAC0A0480,2023-09-03,02:07:34,31.5,100.0,10.0,23.190069,120.192365
08BEAC0A07A2,2023-09-03,02:07:40,31.7,100.0,5.0,25.10392038,121.2447143
08BEAC0A0340,2023-09-03,02:07:48,30.7,100.0,21.0,22.9193352,120.2170451
08BEAC0A05AC,2023-09-03,02:07:58,30.1,100.0,0.0,22.912748,120.261227
08BEAC0A0774,2023-09-03,02:08:08,30.5,100.0,8.0,22.992411,120.294135
08BEAC0A04EC,2023-09-03,02:08:23,30.7,100.0,4.0,24.936085,121.223586
08BEAC0A0464,2023-09-03,02:08:30,30.7,100.0,14.0,22.989813,120.203024
08BEAC0A01AA,2023-09-03,02:08:35,31.1,93.0,6.0,24.9751,121.269826
08BEAC0A085E,2023-09-03,02:08:41,31.1,100.0,24.0,23.1427276,120.2731514
08BEAC0A089E,2023-09-03,02:08:41,28.7,100.0,0.0,23.12107103,120.4585091
08BEAC0A0826,2023-09-03,02:08:52,29.6,100.0,10.0,23.0865158,120.3191882
08BEAC0A0156,2023-09-03,02:09:04,31.3,100.0,0.0,24.0838267,120.752756
08BEAC0A0050,2023-09-03,02:09:20,22.0,100.0,0.0,24.255411,121.259081
08BEAC0A0742,2023-09-03,02:09:25,30.6,100.0,19.0,23.003578,120.240161
08BEAC0A080E,2023-09-03,02:09:25,32.5,100.0,11.0,23.158097,120.170618
08BEAC0A0040,2023-09-03,02:09:41,31.1,100.0,0.0,22.99133,120.230478
08BEAC0A06A6,2023-09-03,02:09:47,31.0,100.0,14.0,22.977305,120.186438
08BEAC0A0218,2023-09-03,02:10:18,29.5,100.0,23.0,23.6869687,120.5865383
08BEAC0A0678,2023-09-03,02:10:35,31.6,100.0,20.0,23.139376,120.138374
08BEAC0A0226,2023-09-03,02:11:18,29.7,100.0,0.0,23.2174825,120.365091
08BEAC0A019A,2023-09-03,02:11:28,31.1,100.0,26.0,23.3199,120.34515
08BEAC0A0398,2023-09-03,02:11:36,32.1,100.0,27.0,24.1494507,120.6816876
08BEAC0A06FA,2023-09-03,02:11:54,29.2,100.0,0.0,23.04435,120.470196
08BEAC0A0830,2023-09-03,02:11:57,30.7,100.0,0.0,22.956295,120.248057
08BEAC0A0344,2023-09-03,02:12:16,30.5,100.0,5.0,24.960122,121.178153
08BEAC0A084E,2023-09-03,02:12:20,31.1,100.0,2.0,24.9785086,121.3061612
08BEAC0A0480,2023-09-03,02:12:52,31.5,100.0,9.0,23.190069,120.192365
08BEAC0A0880,2023-09-03,02:12:52,31.1,100.0,15.0,23.7224119,120.3083761
08BEAC0A07A2,2023-09-03,02:12:56,31.8,100.0,6.0,25.10392038,121.2447143
08BEAC0A0340,2023-09-03,02:13:05,30.7,100.0,14.0,22.9193352,120.2170451
08BEAC0A05AC,2023-09-03,02:13:15,30.1,100.0,1.0,22.912748,120.261227
08BEAC0A0774,2023-09-03,02:13:24,30.5,100.0,8.0,22.992411,120.294135
08BEAC0A04EC,2023-09-03,02:13:41,30.7,100.0,4.0,24.936085,121.223586
08BEAC0A0464,2023-09-03,02:13:49,31.0,100.0,13.0,22.989813,120.203024
08BEAC0A01AA,2023-09-03,02:13:53,31.2,93.0,6.0,24.9751,121.269826
08BEAC0A085E,2023-09-03,02:13:57,31.2,100.0,29.0,23.1427276,120.2731514
08BEAC0A089E,2023-09-03,02:14:00,28.7,100.0,0.0,23.12107103,120.4585091
08BEAC0A0826,2023-09-03,02:14:10,29.7,100.0,11.0,23.0865158,120.3191882
08BEAC0A0156,2023-09-03,02:14:20,31.3,100.0,0.0,24.0838267,120.752756
08BEAC0A0050,2023-09-03,02:14:37,21.8,100.0,0.0,24.255411,121.259081
08BEAC0A080E,2023-09-03,02:14:42,32.5,100.0,11.0,23.158097,120.170618
08BEAC0A0040,2023-09-03,02:15:00,31.1,100.0,0.0,22.99133,120.230478
08BEAC0A06A6,2023-09-03,02:15:05,31.0,100.0,14.0,22.977305,120.186438
08BEAC0A0218,2023-09-03,02:15:36,29.5,100.0,19.0,23.6869687,120.5865383
08BEAC0A0678,2023-09-03,02:15:54,31.6,100.0,19.0,23.139376,120.138374
08BEAC0A0226,2023-09-03,02:16:35,29.8,100.0,0.0,23.2174825,120.365091
08BEAC0A019A,2023-09-03,02:16:47,31.1,100.0,27.0,23.3199,120.34515
08BEAC0A0398,2023-09-03,02:16:53,32.2,100.0,29.0,24.1494507,120.6816876
08BEAC0A06FA,2023-09-03,02:17:13,29.2,100.0,0.0,23.04435,120.470196
08BEAC0A0830,2023-09-03,02:17:13,30.6,100.0,0.0,22.956295,120.248057
08BEAC0A0344,2023-09-03,02:17:32,30.5,100.0,4.0,24.960122,121.178153
08BEAC0A084E,2023-09-03,02:17:37,31.1,100.0,2.0,24.9785086,121.3061612
08BEAC0A0480,2023-09-03,02:18:09,31.5,100.0,10.0,23.190069,120.192365
08BEAC0A0880,2023-09-03,02:18:13,31.1,100.0,17.0,23.7224119,120.3083761
08BEAC0A07A2,2023-09-03,02:18:14,31.8,100.0,5.0,25.10392038,121.2447143
08BEAC0A0340,2023-09-03,02:18:22,30.7,100.0,13.0,22.9193352,120.2170451
08BEAC0A05AC,2023-09-03,02:18:32,30.1,100.0,0.0,22.912748,120.261227
08BEAC0A0774,2023-09-03,02:18:39,30.5,100.0,7.0,22.992411,120.294135
08BEAC0A04EC,2023-09-03,02:19:00,30.8,100.0,4.0,24.936085,121.223586
08BEAC0A0464,2023-09-03,02:19:09,30.8,100.0,13.0,22.989813,120.203024
08BEAC0A01AA,2023-09-03,02:19:11,31.1,93.0,6.0,24.9751,121.269826
08BEAC0A085E,2023-09-03,02:19:13,31.2,100.0,23.0,23.1427276,120.2731514
08BEAC0A089E,2023-09-03,02:19:17,28.8,100.0,0.0,23.12107103,120.4585091
08BEAC0A0826,2023-09-03,02:19:27,29.7,100.0,12.0,23.0865158,120.3191882
08BEAC0A0156,2023-09-03,02:19:42,31.5,100.0,0.0,24.0838267,120.752756
08BEAC0A0050,2023-09-03,02:19:54,21.5,100.0,0.0,24.255411,121.259081
08BEAC0A080E,2023-09-03,02:19:57,32.5,100.0,11.0,23.158097,120.170618
08BEAC0A0040,2023-09-03,02:20:18,31.1,100.0,0.0,22.99133,120.230478
08BEAC0A06A6,2023-09-03,02:20:24,31.0,100.0,16.0,22.977305,120.186438
08BEAC0A0742,2023-09-03,02:20:24,30.5,100.0,15.0,23.003578,120.240161
08BEAC0A0218,2023-09-03,02:20:55,29.5,100.0,17.0,23.6869687,120.5865383
08BEAC0A0678,2023-09-03,02:21:14,31.7,100.0,20.0,23.139376,120.138374
08BEAC0A0226,2023-09-03,02:21:54,29.6,100.0,0.0,23.2174825,120.365091
08BEAC0A019A,2023-09-03,02:22:06,31.1,100.0,27.0,23.3199,120.34515
08BEAC0A0398,2023-09-03,02:22:12,32.0,100.0,29.0,24.1494507,120.6816876
08BEAC0A06FA,2023-09-03,02:22:30,29.1,100.0,0.0,23.04435,120.470196
08BEAC0A0830,2023-09-03,02:22:31,30.6,100.0,0.0,22.956295,120.248057
08BEAC0A0344,2023-09-03,02:22:48,30.5,100.0,5.0,24.960122,121.178153
08BEAC0A084E,2023-09-03,02:22:54,31.1,100.0,2.0,24.9785086,121.3061612
08BEAC0A0480,2023-09-03,02:23:26,31.5,100.0,10.0,23.190069,120.192365
08BEAC0A0880,2023-09-03,02:23:31,31.1,100.0,17.0,23.7224119,120.3083761
08BEAC0A07A2,2023-09-03,02:23:33,31.8,100.0,5.0,25.10392038,121.2447143
08BEAC0A0340,2023-09-03,02:23:39,30.6,100.0,12.0,22.9193352,120.2170451
08BEAC0A05AC,2023-09-03,02:23:50,30.1,100.0,0.0,22.912748,120.261227
08BEAC0A04EC,2023-09-03,02:24:18,31.0,100.0,4.0,24.936085,121.223586
08BEAC0A01AA,2023-09-03,02:24:30,31.2,93.0,6.0,24.9751,121.269826
08BEAC0A0464,2023-09-03,02:24:30,30.8,100.0,13.0,22.989813,120.203024
08BEAC0A085E,2023-09-03,02:24:32,31.2,100.0,25.0,23.1427276,120.2731514
08BEAC0A089E,2023-09-03,02:24:34,28.7,100.0,0.0,23.12107103,120.4585091
08BEAC0A0826,2023-09-03,02:24:44,30.0,100.0,13.0,23.0865158,120.3191882
08BEAC0A0156,2023-09-03,02:25:00,31.5,100.0,0.0,24.0838267,120.752756
08BEAC0A0050,2023-09-03,02:25:13,21.2,100.0,0.0,24.255411,121.259081
08BEAC0A080E,2023-09-03,02:25:14,32.5,100.0,10.0,23.158097,120.170618
08BEAC0A0040,2023-09-03,02:25:34,31.0,100.0,0.0,22.99133,120.230478
08BEAC0A06A6,2023-09-03,02:25:40,30.8,100.0,15.0,22.977305,120.186438
08BEAC0A0742,2023-09-03,02:25:43,30.3,100.0,14.0,23.003578,120.240161
08BEAC0A0218,2023-09-03,02:26:12,29.6,100.0,20.0,23.6869687,120.5865383
08BEAC0A0678,2023-09-03,02:26:32,31.6,100.0,22.0,23.139376,120.138374
08BEAC0A0226,2023-09-03,02:27:11,29.6,100.0,0.0,23.2174825,120.365091
08BEAC0A019A,2023-09-03,02:27:24,31.1,100.0,28.0,23.3199,120.34515
08BEAC0A0398,2023-09-03,02:27:28,32.0,100.0,29.0,24.1494507,120.6816876
08BEAC0A0830,2023-09-03,02:27:48,30.7,100.0,0.0,22.956295,120.248057
08BEAC0A06FA,2023-09-03,02:27:49,29.0,100.0,0.0,23.04435,120.470196
08BEAC0A0344,2023-09-03,02:28:05,30.5,100.0,4.0,24.960122,121.178153
08BEAC0A084E,2023-09-03,02:28:11,31.2,100.0,2.0,24.9785086,121.3061612
08BEAC0A0480,2023-09-03,02:28:44,31.5,100.0,10.0,23.190069,120.192365
08BEAC0A0880,2023-09-03,02:28:48,31.0,100.0,17.0,23.7224119,120.3083761
08BEAC0A07A2,2023-09-03,02:28:50,32.0,100.0,5.0,25.10392038,121.2447143
08BEAC0A0340,2023-09-03,02:28:58,30.7,100.0,12.0,22.9193352,120.2170451
08BEAC0A05AC,2023-09-03,02:29:06,30.2,100.0,0.0,22.912748,120.261227
08BEAC0A04EC,2023-09-03,02:29:35,31.0,100.0,4.0,24.936085,121.223586
08BEAC0A0774,2023-09-03,02:29:38,30.5,100.0,8.0,22.992411,120.294135
08BEAC0A01AA,2023-09-03,02:29:47,31.3,93.0,6.0,24.9751,121.269826
08BEAC0A0464,2023-09-03,02:29:48,30.8,100.0,14.0,22.989813,120.203024
08BEAC0A085E,2023-09-03,02:29:51,31.2,100.0,25.0,23.1427276,120.2731514
08BEAC0A089E,2023-09-03,02:29:51,28.6,100.0,0.0,23.12107103,120.4585091
08BEAC0A0826,2023-09-03,02:30:02,30.1,100.0,13.0,23.0865158,120.3191882
08BEAC0A0156,2023-09-03,02:30:17,31.5,100.0,0.0,24.0838267,120.752756
08BEAC0A0050,2023-09-03,02:30:32,21.1,100.0,0.0,24.255411,121.259081
08BEAC0A080E,2023-09-03,02:30:37,32.5,100.0,11.0,23.158097,120.170618
08BEAC0A0040,2023-09-03,02:30:52,31.0,100.0,0.0,22.99133,120.230478
08BEAC0A06A6,2023-09-03,02:30:57,30.8,100.0,16.0,22.977305,120.186438
08BEAC0A0742,2023-09-03,02:31:06,30.3,100.0,15.0,23.003578,120.240161
08BEAC0A0218,2023-09-03,02:31:29,29.7,100.0,21.0,23.6869687,120.5865383
08BEAC0A0678,2023-09-03,02:31:52,31.6,100.0,23.0,23.139376,120.138374
08BEAC0A0226,2023-09-03,02:32:28,29.7,100.0,0.0,23.2174825,120.365091
08BEAC0A0398,2023-09-03,02:32:46,32.1,100.0,28.0,24.1494507,120.6816876
08BEAC0A06FA,2023-09-03,02:33:07,29.0,100.0,0.0,23.04435,120.470196
08BEAC0A0830,2023-09-03,02:33:07,30.8,100.0,0.0,22.956295,120.248057
08BEAC0A0344,2023-09-03,02:33:24,30.6,100.0,4.0,24.960122,121.178153
08BEAC0A084E,2023-09-03,02:33:29,31.2,100.0,1.0,24.9785086,121.3061612
08BEAC0A0480,2023-09-03,02:34:02,31.5,100.0,11.0,23.190069,120.192365
08BEAC0A0880,2023-09-03,02:34:04,31.0,100.0,18.0,23.7224119,120.3083761
08BEAC0A07A2,2023-09-03,02:34:10,31.8,100.0,6.0,25.10392038,121.2447143
08BEAC0A0340,2023-09-03,02:34:14,30.8,100.0,12.0,22.9193352,120.2170451
08BEAC0A05AC,2023-09-03,02:34:26,30.2,100.0,0.0,22.912748,120.261227
08BEAC0A04EC,2023-09-03,02:34:55,31.1,100.0,4.0,24.936085,121.223586
08BEAC0A0774,2023-09-03,02:34:57,30.5,100.0,8.0,22.992411,120.294135
08BEAC0A01AA,2023-09-03,02:35:05,31.3,92.0,6.0,24.9751,121.269826
08BEAC0A085E,2023-09-03,02:35:07,31.2,100.0,28.0,23.1427276,120.2731514
08BEAC0A089E,2023-09-03,02:35:08,28.5,100.0,0.0,23.12107103,120.4585091
08BEAC0A0464,2023-09-03,02:35:10,30.8,100.0,16.0,22.989813,120.203024
08BEAC0A0826,2023-09-03,02:35:21,30.3,100.0,13.0,23.0865158,120.3191882
08BEAC0A0156,2023-09-03,02:35:35,31.5,100.0,0.0,24.0838267,120.752756
08BEAC0A0050,2023-09-03,02:35:49,21.5,100.0,0.0,24.255411,121.259081
08BEAC0A080E,2023-09-03,02:35:53,32.5,100.0,11.0,23.158097,120.170618
08BEAC0A0040,2023-09-03,02:36:10,31.1,100.0,0.0,22.99133,120.230478
08BEAC0A06A6,2023-09-03,02:36:17,31.0,100.0,17.0,22.977305,120.186438
08BEAC0A0742,2023-09-03,02:36:23,30.2,100.0,13.0,23.003578,120.240161
08BEAC0A0218,2023-09-03,02:36:45,29.7,100.0,23.0,23.6869687,120.5865383
08BEAC0A0678,2023-09-03,02:37:09,31.7,100.0,23.0,23.139376,120.138374
08BEAC0A0226,2023-09-03,02:37:45,29.8,100.0,0.0,23.2174825,120.365091
08BEAC0A019A,2023-09-03,02:37:55,31.1,100.0,28.0,23.3199,120.34515
08BEAC0A0398,2023-09-03,02:38:05,32.1,100.0,29.0,24.1494507,120.6816876
08BEAC0A06FA,2023-09-03,02:38:25,29.1,100.0,0.0,23.04435,120.470196
08BEAC0A0830,2023-09-03,02:38:25,30.8,100.0,0.0,22.956295,120.248057
08BEAC0A0344,2023-09-03,02:38:39,30.7,100.0,5.0,24.960122,121.178153
08BEAC0A084E,2023-09-03,02:38:46,31.2,100.0,2.0,24.9785086,121.3061612
08BEAC0A0480,2023-09-03,02:39:20,31.5,100.0,9.0,23.190069,120.192365
08BEAC0A0880,2023-09-03,02:39:22,31.1,100.0,16.0,23.7224119,120.3083761
08BEAC0A07A2,2023-09-03,02:39:26,32.0,100.0,5.0,25.10392038,121.2447143
08BEAC0A0340,2023-09-03,02:39:34,30.8,100.0,13.0,22.9193352,120.2170451
08BEAC0A05AC,2023-09-03,02:39:42,30.2,100.0,0.0,22.912748,120.261227
08BEAC0A04EC,2023-09-03,02:40:14,31.1,100.0,4.0,24.936085,121.223586
08BEAC0A0774,2023-09-03,02:40:15,30.5,100.0,8.0,22.992411,120.294135
08BEAC0A01AA,2023-09-03,02:40:23,31.2,93.0,7.0,24.9751,121.269826
08BEAC0A085E,2023-09-03,02:40:25,31.2,100.0,32.0,23.1427276,120.2731514
08BEAC0A089E,2023-09-03,02:40:27,28.3,100.0,0.0,23.12107103,120.4585091
08BEAC0A0464,2023-09-03,02:40:29,30.8,100.0,14.0,22.989813,120.203024
08BEAC0A0826,2023-09-03,02:40:38,30.2,100.0,13.0,23.0865158,120.3191882
08BEAC0A0156,2023-09-03,02:40:52,31.3,100.0,0.0,24.0838267,120.752756
08BEAC0A0050,2023-09-03,02:41:06,21.3,100.0,0.0,24.255411,121.259081
08BEAC0A080E,2023-09-03,02:41:10,32.5,100.0,11.0,23.158097,120.170618
08BEAC0A0040,2023-09-03,02:41:29,31.1,100.0,0.0,22.99133,120.230478
08BEAC0A06A6,2023-09-03,02:41:33,30.8,100.0,15.0,22.977305,120.186438
08BEAC0A0742,2023-09-03,02:41:42,30.2,100.0,14.0,23.003578,120.240161
08BEAC0A0218,2023-09-03,02:42:01,29.7,100.0,24.0,23.6869687,120.5865383
08BEAC0A0678,2023-09-03,02:42:26,32.0,100.0,21.0,23.139376,120.138374
08BEAC0A0226,2023-09-03,02:43:03,29.8,100.0,0.0,23.2174825,120.365091
08BEAC0A019A,2023-09-03,02:43:16,31.0,100.0,29.0,23.3199,120.34515
08BEAC0A0398,2023-09-03,02:43:22,32.1,100.0,29.0,24.1494507,120.6816876
08BEAC0A0830,2023-09-03,02:43:41,30.8,100.0,0.0,22.956295,120.248057
08BEAC0A06FA,2023-09-03,02:43:43,29.1,100.0,0.0,23.04435,120.470196
08BEAC0A0344,2023-09-03,02:43:58,30.8,100.0,4.0,24.960122,121.178153
08BEAC0A084E,2023-09-03,02:44:07,31.2,100.0,1.0,24.9785086,121.3061612
08BEAC0A0480,2023-09-03,02:44:36,31.5,100.0,10.0,23.190069,120.192365
08BEAC0A0880,2023-09-03,02:44:40,31.1,100.0,15.0,23.7224119,120.3083761
08BEAC0A07A2,2023-09-03,02:44:44,32.0,100.0,5.0,25.10392038,121.2447143
08BEAC0A0340,2023-09-03,02:44:52,30.8,100.0,13.0,22.9193352,120.2170451
08BEAC0A05AC,2023-09-03,02:45:01,30.3,100.0,0.0,22.912748,120.261227
08BEAC0A04EC,2023-09-03,02:45:34,31.1,100.0,4.0,24.936085,121.223586
08BEAC0A0774,2023-09-03,02:45:34,30.5,100.0,8.0,22.992411,120.294135
08BEAC0A01AA,2023-09-03,02:45:40,31.3,92.0,6.0,24.9751,121.269826
08BEAC0A085E,2023-09-03,02:45:41,31.1,100.0,77.0,23.1427276,120.2731514
08BEAC0A089E,2023-09-03,02:45:47,28.3,100.0,0.0,23.12107103,120.4585091
08BEAC0A0464,2023-09-03,02:45:49,30.8,100.0,15.0,22.989813,120.203024
08BEAC0A0826,2023-09-03,02:45:59,30.1,100.0,14.0,23.0865158,120.3191882
08BEAC0A0156,2023-09-03,02:46:10,31.3,100.0,0.0,24.0838267,120.752756
08BEAC0A0050,2023-09-03,02:46:27,21.6,100.0,0.0,24.255411,121.259081
08BEAC0A080E,2023-09-03,02:46:29,32.5,100.0,11.0,23.158097,120.170618
08BEAC0A0040,2023-09-03,02:46:49,31.1,100.0,0.0,22.99133,120.230478
08BEAC0A06A6,2023-09-03,02:46:52,30.8,100.0,15.0,22.977305,120.186438
08BEAC0A0742,2023-09-03,02:46:58,30.3,100.0,15.0,23.003578,120.240161
08BEAC0A0218,2023-09-03,02:47:19,29.8,100.0,21.0,23.6869687,120.5865383
08BEAC0A0678,2023-09-03,02:47:44,32.1,100.0,23.0,23.139376,120.138374
08BEAC0A0226,2023-09-03,02:48:21,30.0,100.0,0.0,23.2174825,120.365091
08BEAC0A019A,2023-09-03,02:48:37,31.1,100.0,30.0,23.3199,120.34515
08BEAC0A0398,2023-09-03,02:48:41,32.1,100.0,29.0,24.1494507,120.6816876
08BEAC0A0830,2023-09-03,02:49:00,30.7,100.0,0.0,22.956295,120.248057
08BEAC0A06FA,2023-09-03,02:49:01,29.0,100.0,0.0,23.04435,120.470196
08BEAC0A0344,2023-09-03,02:49:17,30.8,100.0,4.0,24.960122,121.178153
08BEAC0A084E,2023-09-03,02:49:25,31.2,100.0,2.0,24.9785086,121.3061612
08BEAC0A0480,2023-09-03,02:49:55,31.5,100.0,10.0,23.190069,120.192365
08BEAC0A0880,2023-09-03,02:49:57,31.1,100.0,16.0,23.7224119,120.3083761
08BEAC0A07A2,2023-09-03,02:50:01,32.0,100.0,4.0,25.10392038,121.2447143
08BEAC0A0340,2023-09-03,02:50:08,30.8,100.0,13.0,22.9193352,120.2170451
08BEAC0A05AC,2023-09-03,02:50:19,30.2,100.0,0.0,22.912748,120.261227
08BEAC0A0774,2023-09-03,02:50:52,30.5,100.0,9.0,22.992411,120.294135
08BEAC0A04EC,2023-09-03,02:50:53,31.1,100.0,3.0,24.936085,121.223586
08BEAC0A01AA,2023-09-03,02:50:57,31.2,93.0,6.0,24.9751,121.269826
08BEAC0A085E,2023-09-03,02:50:59,31.1,100.0,71.0,23.1427276,120.2731514
08BEAC0A089E,2023-09-03,02:51:03,28.5,100.0,0.0,23.12107103,120.4585091
08BEAC0A0464,2023-09-03,02:51:08,30.8,100.0,14.0,22.989813,120.203024
08BEAC0A0826,2023-09-03,02:51:16,30.1,100.0,13.0,23.0865158,120.3191882
08BEAC0A0156,2023-09-03,02:51:28,31.3,100.0,0.0,24.0838267,120.752756
08BEAC0A0050,2023-09-03,02:51:42,21.3,100.0,0.0,24.255411,121.259081
08BEAC0A080E,2023-09-03,02:51:45,32.5,100.0,10.0,23.158097,120.170618
08BEAC0A06A6,2023-09-03,02:52:09,30.8,100.0,17.0,22.977305,120.186438
08BEAC0A0040,2023-09-03,02:52:10,31.0,100.0,0.0,22.99133,120.230478
08BEAC0A0742,2023-09-03,02:52:16,30.3,100.0,15.0,23.003578,120.240161
08BEAC0A0218,2023-09-03,02:52:37,29.7,100.0,20.0,23.6869687,120.5865383
08BEAC0A0678,2023-09-03,02:53:04,32.1,100.0,22.0,23.139376,120.138374
08BEAC0A0226,2023-09-03,02:53:39,30.0,100.0,0.0,23.2174825,120.365091
08BEAC0A019A,2023-09-03,02:53:56,31.1,100.0,28.0,23.3199,120.34515
08BEAC0A0398,2023-09-03,02:54:02,32.2,100.0,29.0,24.1494507,120.6816876
08BEAC0A0830,2023-09-03,02:54:17,30.7,100.0,0.0,22.956295,120.248057
08BEAC0A06FA,2023-09-03,02:54:20,29.1,100.0,0.0,23.04435,120.470196
08BEAC0A0344,2023-09-03,02:54:36,30.8,100.0,4.0,24.960122,121.178153
08BEAC0A084E,2023-09-03,02:54:42,31.3,100.0,2.0,24.9785086,121.3061612
08BEAC0A0480,2023-09-03,02:55:14,31.5,100.0,9.0,23.190069,120.192365
08BEAC0A0880,2023-09-03,02:55:15,31.0,100.0,15.0,23.7224119,120.3083761
08BEAC0A07A2,2023-09-03,02:55:19,32.1,100.0,4.0,25.10392038,121.2447143
08BEAC0A0340,2023-09-03,02:55:25,30.8,100.0,13.0,22.9193352,120.2170451
08BEAC0A05AC,2023-09-03,02:55:39,30.2,100.0,0.0,22.912748,120.261227
08BEAC0A04EC,2023-09-03,02:56:12,31.0,100.0,3.0,24.936085,121.223586
08BEAC0A0774,2023-09-03,02:56:12,30.3,100.0,8.0,22.992411,120.294135
08BEAC0A01AA,2023-09-03,02:56:15,31.2,93.0,6.0,24.9751,121.269826
08BEAC0A085E,2023-09-03,02:56:18,31.1,100.0,31.0,23.1427276,120.2731514
08BEAC0A089E,2023-09-03,02:56:20,28.6,100.0,0.0,23.12107103,120.4585091
08BEAC0A0464,2023-09-03,02:56:31,30.8,100.0,15.0,22.989813,120.203024
08BEAC0A0826,2023-09-03,02:56:32,30.0,100.0,14.0,23.0865158,120.3191882
08BEAC0A0156,2023-09-03,02:56:46,31.3,100.0,0.0,24.0838267,120.752756
08BEAC0A0050,2023-09-03,02:56:59,21.5,100.0,0.0,24.255411,121.259081
08BEAC0A080E,2023-09-03,02:57:02,32.5,100.0,10.0,23.158097,120.170618
08BEAC0A06A6,2023-09-03,02:57:28,30.8,100.0,17.0,22.977305,120.186438
08BEAC0A0040,2023-09-03,02:57:30,31.0,100.0,0.0,22.99133,120.230478
08BEAC0A0742,2023-09-03,02:57:36,30.2,100.0,15.0,23.003578,120.240161
08BEAC0A0218,2023-09-03,02:57:57,29.7,100.0,25.0,23.6869687,120.5865383
08BEAC0A0678,2023-09-03,02:58:21,32.1,100.0,22.0,23.139376,120.138374
08BEAC0A0226,2023-09-03,02:58:56,30.0,100.0,0.0,23.2174825,120.365091
08BEAC0A019A,2023-09-03,02:59:12,31.1,100.0,29.0,23.3199,120.34515
08BEAC0A0398,2023-09-03,02:59:19,32.1,100.0,28.0,24.1494507,120.6816876
08BEAC0A0830,2023-09-03,02:59:35,30.7,100.0,0.0,22.956295,120.248057
08BEAC0A06FA,2023-09-03,02:59:38,29.0,100.0,0.0,23.04435,120.470196
08BEAC0A0344,2023-09-03,02:59:54,30.8,100.0,4.0,24.960122,121.178153
08BEAC0A084E,2023-09-03,03:00:00,31.2,100.0,2.0,24.9785086,121.3061612
08BEAC0A0480,2023-09-03,03:00:33,31.5,100.0,10.0,23.190069,120.192365
08BEAC0A0880,2023-09-03,03:00:33,31.1,100.0,15.0,23.7224119,120.3083761
08BEAC0A07A2,2023-09-03,03:00:40,32.2,100.0,4.0,25.10392038,121.2447143
08BEAC0A0340,2023-09-03,03:00:43,30.8,100.0,13.0,22.9193352,120.2170451
08BEAC0A05AC,2023-09-03,03:00:59,30.2,100.0,0.0,22.912748,120.261227
08BEAC0A04EC,2023-09-03,03:01:29,31.1,100.0,3.0,24.936085,121.223586
08BEAC0A0774,2023-09-03,03:01:29,30.2,100.0,8.0,22.992411,120.294135
08BEAC0A01AA,2023-09-03,03:01:33,31.0,94.0,6.0,24.9751,121.269826
08BEAC0A085E,2023-09-03,03:01:38,31.1,100.0,24.0,23.1427276,120.2731514
08BEAC0A089E,2023-09-03,03:01:38,28.7,100.0,0.0,23.12107103,120.4585091
08BEAC0A0464,2023-09-03,03:01:53,30.8,100.0,13.0,22.989813,120.203024
08BEAC0A0156,2023-09-03,03:02:06,31.2,100.0,0.0,24.0838267,120.752756
08BEAC0A0050,2023-09-03,03:02:17,21.3,100.0,0.0,24.255411,121.259081
08BEAC0A080E,2023-09-03,03:02:19,32.5,100.0,10.0,23.158097,120.170618
08BEAC0A0040,2023-09-03,03:02:45,30.8,100.0,0.0,22.99133,120.230478
08BEAC0A06A6,2023-09-03,03:02:45,30.8,100.0,16.0,22.977305,120.186438
08BEAC0A0742,2023-09-03,03:02:56,30.3,100.0,13.0,23.003578,120.240161
08BEAC0A0218,2023-09-03,03:03:14,29.7,100.0,29.0,23.6869687,120.5865383
08BEAC0A0678,2023-09-03,03:03:39,32.0,100.0,25.0,23.139376,120.138374
08BEAC0A0226,2023-09-03,03:04:15,29.8,100.0,0.0,23.2174825,120.365091
08BEAC0A019A,2023-09-03,03:04:30,31.1,100.0,28.0,23.3199,120.34515
08BEAC0A0398,2023-09-03,03:04:37,32.0,100.0,26.0,24.1494507,120.6816876
08BEAC0A0830,2023-09-03,03:04:54,30.7,100.0,0.0,22.956295,120.248057
08BEAC0A06FA,2023-09-03,03:04:58,29.0,100.0,0.0,23.04435,120.470196
08BEAC0A0344,2023-09-03,03:05:13,30.8,100.0,4.0,24.960122,121.178153
08BEAC0A084E,2023-09-03,03:05:17,31.3,100.0,2.0,24.9785086,121.3061612
08BEAC0A0880,2023-09-03,03:05:50,31.1,100.0,16.0,23.7224119,120.3083761
08BEAC0A0480,2023-09-03,03:05:52,31.5,100.0,11.0,23.190069,120.192365
08BEAC0A07A2,2023-09-03,03:06:01,32.1,100.0,3.0,25.10392038,121.2447143
08BEAC0A0340,2023-09-03,03:06:03,30.8,100.0,14.0,22.9193352,120.2170451
08BEAC0A05AC,2023-09-03,03:06:16,30.2,100.0,0.0,22.912748,120.261227
08BEAC0A04EC,2023-09-03,03:06:46,31.2,100.0,3.0,24.936085,121.223586
08BEAC0A01AA,2023-09-03,03:06:51,31.0,93.0,5.0,24.9751,121.269826
08BEAC0A0774,2023-09-03,03:06:51,30.2,100.0,8.0,22.992411,120.294135
08BEAC0A085E,2023-09-03,03:06:57,31.1,100.0,24.0,23.1427276,120.2731514
08BEAC0A089E,2023-09-03,03:06:57,28.8,100.0,0.0,23.12107103,120.4585091
08BEAC0A0464,2023-09-03,03:07:14,30.6,100.0,11.0,22.989813,120.203024
08BEAC0A0156,2023-09-03,03:07:24,31.2,100.0,0.0,24.0838267,120.752756
08BEAC0A0826,2023-09-03,03:07:30,29.8,100.0,13.0,23.0865158,120.3191882
08BEAC0A0050,2023-09-03,03:07:34,21.0,100.0,0.0,24.255411,121.259081
08BEAC0A080E,2023-09-03,03:07:35,32.5,100.0,10.0,23.158097,120.170618
08BEAC0A06A6,2023-09-03,03:08:05,30.8,100.0,14.0,22.977305,120.186438
08BEAC0A0040,2023-09-03,03:08:06,30.8,100.0,0.0,22.99133,120.230478
08BEAC0A0742,2023-09-03,03:08:13,30.2,100.0,15.0,23.003578,120.240161
08BEAC0A0218,2023-09-03,03:08:32,29.3,100.0,22.0,23.6869687,120.5865383
08BEAC0A0678,2023-09-03,03:08:59,31.7,100.0,24.0,23.139376,120.138374
08BEAC0A0226,2023-09-03,03:09:34,29.8,100.0,0.0,23.2174825,120.365091
08BEAC0A019A,2023-09-03,03:09:52,31.1,100.0,27.0,23.3199,120.34515
08BEAC0A0398,2023-09-03,03:10:00,32.0,100.0,27.0,24.1494507,120.6816876
08BEAC0A0830,2023-09-03,03:10:14,30.7,100.0,0.0,22.956295,120.248057
08BEAC0A06FA,2023-09-03,03:10:16,29.0,100.0,0.0,23.04435,120.470196
08BEAC0A0344,2023-09-03,03:10:30,30.7,100.0,4.0,24.960122,121.178153
08BEAC0A084E,2023-09-03,03:10:39,31.3,100.0,2.0,24.9785086,121.3061612
08BEAC0A0880,2023-09-03,03:11:10,31.1,100.0,18.0,23.7224119,120.3083761
08BEAC0A0480,2023-09-03,03:11:12,31.5,100.0,10.0,23.190069,120.192365
08BEAC0A07A2,2023-09-03,03:11:17,32.1,100.0,3.0,25.10392038,121.2447143
08BEAC0A0340,2023-09-03,03:11:22,31.0,100.0,14.0,22.9193352,120.2170451
08BEAC0A05AC,2023-09-03,03:11:37,30.1,100.0,0.0,22.912748,120.261227
08BEAC0A04EC,2023-09-03,03:12:03,31.1,100.0,4.0,24.936085,121.223586
08BEAC0A0774,2023-09-03,03:12:07,30.1,100.0,7.0,22.992411,120.294135
08BEAC0A01AA,2023-09-03,03:12:09,31.0,93.0,4.0,24.9751,121.269826
08BEAC0A085E,2023-09-03,03:12:13,31.0,100.0,24.0,23.1427276,120.2731514
08BEAC0A089E,2023-09-03,03:12:14,28.8,100.0,0.0,23.12107103,120.4585091
08BEAC0A0464,2023-09-03,03:12:34,30.6,100.0,11.0,22.989813,120.203024
08BEAC0A0156,2023-09-03,03:12:43,31.2,100.0,0.0,24.0838267,120.752756
08BEAC0A0826,2023-09-03,03:12:49,30.1,100.0,13.0,23.0865158,120.3191882
08BEAC0A0050,2023-09-03,03:12:54,21.3,100.0,0.0,24.255411,121.259081
08BEAC0A080E,2023-09-03,03:12:56,32.5,100.0,10.0,23.158097,120.170618
08BEAC0A0040,2023-09-03,03:13:23,30.8,100.0,0.0,22.99133,120.230478
08BEAC0A06A6,2023-09-03,03:13:25,30.8,100.0,14.0,22.977305,120.186438
08BEAC0A0742,2023-09-03,03:13:30,30.2,100.0,17.0,23.003578,120.240161
08BEAC0A0218,2023-09-03,03:13:50,29.3,100.0,26.0,23.6869687,120.5865383
08BEAC0A0678,2023-09-03,03:14:17,31.7,100.0,23.0,23.139376,120.138374
08BEAC0A0226,2023-09-03,03:14:52,29.7,100.0,0.0,23.2174825,120.365091
08BEAC0A019A,2023-09-03,03:15:09,31.1,100.0,26.0,23.3199,120.34515
08BEAC0A0398,2023-09-03,03:15:17,32.0,100.0,27.0,24.1494507,120.6816876
08BEAC0A06FA,2023-09-03,03:15:34,29.0,100.0,0.0,23.04435,120.470196
08BEAC0A0830,2023-09-03,03:15:34,30.8,100.0,0.0,22.956295,120.248057
08BEAC0A0344,2023-09-03,03:15:46,30.6,100.0,4.0,24.960122,121.178153
08BEAC0A084E,2023-09-03,03:15:58,31.2,100.0,2.0,24.9785086,121.3061612
08BEAC0A0480,2023-09-03,03:16:29,31.5,100.0,10.0,23.190069,120.192365
08BEAC0A0880,2023-09-03,03:16:30,31.0,100.0,18.0,23.7224119,120.3083761
08BEAC0A07A2,2023-09-03,03:16:35,32.1,100.0,4.0,25.10392038,121.2447143
08BEAC0A0340,2023-09-03,03:16:39,31.0,100.0,13.0,22.9193352,120.2170451
08BEAC0A05AC,2023-09-03,03:16:53,30.1,100.0,0.0,22.912748,120.261227
08BEAC0A04EC,2023-09-03,03:17:20,31.0,100.0,3.0,24.936085,121.223586
08BEAC0A01AA,2023-09-03,03:17:26,31.0,93.0,4.0,24.9751,121.269826
08BEAC0A0774,2023-09-03,03:17:26,30.1,100.0,7.0,22.992411,120.294135
08BEAC0A085E,2023-09-03,03:17:30,31.0,100.0,29.0,23.1427276,120.2731514
08BEAC0A089E,2023-09-03,03:17:32,29.0,100.0,0.0,23.12107103,120.4585091
08BEAC0A0464,2023-09-03,03:17:54,30.5,100.0,12.0,22.989813,120.203024
08BEAC0A0156,2023-09-03,03:18:04,31.2,100.0,0.0,24.0838267,120.752756
08BEAC0A0826,2023-09-03,03:18:05,30.0,100.0,13.0,23.0865158,120.3191882
08BEAC0A0050,2023-09-03,03:18:13,21.5,100.0,0.0,24.255411,121.259081
08BEAC0A080E,2023-09-03,03:18:22,32.5,100.0,10.0,23.158097,120.170618
08BEAC0A0040,2023-09-03,03:18:42,30.8,100.0,0.0,22.99133,120.230478
08BEAC0A06A6,2023-09-03,03:18:46,30.8,100.0,15.0,22.977305,120.186438
08BEAC0A0742,2023-09-03,03:18:46,30.2,100.0,16.0,23.003578,120.240161
08BEAC0A0218,2023-09-03,03:19:10,29.5,100.0,32.0,23.6869687,120.5865383
08BEAC0A0678,2023-09-03,03:19:37,31.6,100.0,22.0,23.139376,120.138374
08BEAC0A0226,2023-09-03,03:20:11,29.8,100.0,0.0,23.2174825,120.365091
08BEAC0A019A,2023-09-03,03:20:27,31.1,100.0,27.0,23.3199,120.34515
08BEAC0A0398,2023-09-03,03:20:37,32.1,100.0,28.0,24.1494507,120.6816876
08BEAC0A0830,2023-09-03,03:20:52,30.7,100.0,0.0,22.956295,120.248057
08BEAC0A06FA,2023-09-03,03:20:54,29.0,100.0,0.0,23.04435,120.470196
08BEAC0A0344,2023-09-03,03:21:05,30.6,100.0,3.0,24.960122,121.178153
08BEAC0A084E,2023-09-03,03:21:15,31.2,100.0,1.0,24.9785086,121.3061612
08BEAC0A0480,2023-09-03,03:21:46,31.5,100.0,10.0,23.190069,120.192365
08BEAC0A0880,2023-09-03,03:21:50,31.0,100.0,17.0,23.7224119,120.3083761
08BEAC0A07A2,2023-09-03,03:21:54,31.7,100.0,3.0,25.10392038,121.2447143
08BEAC0A0340,2023-09-03,03:21:56,30.8,100.0,13.0,22.9193352,120.2170451
08BEAC0A05AC,2023-09-03,03:22:10,30.1,100.0,0.0,22.912748,120.261227
08BEAC0A04EC,2023-09-03,03:22:37,31.0,100.0,2.0,24.936085,121.223586
08BEAC0A01AA,2023-09-03,03:22:42,31.1,93.0,4.0,24.9751,121.269826
08BEAC0A0774,2023-09-03,03:22:42,30.2,100.0,7.0,22.992411,120.294135
08BEAC0A085E,2023-09-03,03:22:48,30.8,100.0,27.0,23.1427276,120.2731514
08BEAC0A089E,2023-09-03,03:22:48,29.0,100.0,0.0,23.12107103,120.4585091
08BEAC0A0464,2023-09-03,03:23:19,30.6,100.0,14.0,22.989813,120.203024
08BEAC0A0156,2023-09-03,03:23:22,31.3,100.0,0.0,24.0838267,120.752756
08BEAC0A0826,2023-09-03,03:23:24,29.7,100.0,12.0,23.0865158,120.3191882
08BEAC0A0050,2023-09-03,03:23:31,21.2,100.0,0.0,24.255411,121.259081
08BEAC0A080E,2023-09-03,03:23:39,32.5,100.0,10.0,23.158097,120.170618
08BEAC0A0040,2023-09-03,03:24:00,30.7,100.0,0.0,22.99133,120.230478
08BEAC0A0742,2023-09-03,03:24:03,30.2,100.0,18.0,23.003578,120.240161
08BEAC0A06A6,2023-09-03,03:24:06,30.7,100.0,13.0,22.977305,120.186438
08BEAC0A0218,2023-09-03,03:24:29,29.7,100.0,42.0,23.6869687,120.5865383
08BEAC0A0678,2023-09-03,03:24:56,31.5,100.0,22.0,23.139376,120.138374
08BEAC0A0226,2023-09-03,03:25:29,29.8,100.0,0.0,23.2174825,120.365091
08BEAC0A019A,2023-09-03,03:25:45,31.1,100.0,28.0,23.3199,120.34515
08BEAC0A0398,2023-09-03,03:25:56,32.1,100.0,29.0,24.1494507,120.6816876
08BEAC0A0830,2023-09-03,03:26:12,30.7,100.0,0.0,22.956295,120.248057
08BEAC0A06FA,2023-09-03,03:26:14,29.0,100.0,0.0,23.04435,120.470196
08BEAC0A0344,2023-09-03,03:26:22,30.6,100.0,3.0,24.960122,121.178153
08BEAC0A084E,2023-09-03,03:26:33,31.2,100.0,1.0,24.9785086,121.3061612
08BEAC0A0480,2023-09-03,03:27:04,31.5,100.0,10.0,23.190069,120.192365
08BEAC0A0880,2023-09-03,03:27:10,31.0,100.0,19.0,23.7224119,120.3083761
08BEAC0A07A2,2023-09-03,03:27:12,32.0,100.0,4.0,25.10392038,121.2447143
08BEAC0A0340,2023-09-03,03:27:16,31.0,100.0,13.0,22.9193352,120.2170451
08BEAC0A05AC,2023-09-03,03:27:29,30.0,100.0,0.0,22.912748,120.261227
08BEAC0A04EC,2023-09-03,03:27:54,31.0,100.0,2.0,24.936085,121.223586
08BEAC0A01AA,2023-09-03,03:27:58,31.1,93.0,4.0,24.9751,121.269826
08BEAC0A0774,2023-09-03,03:28:01,30.1,100.0,8.0,22.992411,120.294135
08BEAC0A085E,2023-09-03,03:28:05,30.8,100.0,29.0,23.1427276,120.2731514
08BEAC0A089E,2023-09-03,03:28:10,29.0,100.0,0.0,23.12107103,120.4585091
08BEAC0A0464,2023-09-03,03:28:40,30.6,100.0,14.0,22.989813,120.203024
08BEAC0A0156,2023-09-03,03:28:42,31.2,100.0,0.0,24.0838267,120.752756
08BEAC0A0826,2023-09-03,03:28:43,29.7,100.0,12.0,23.0865158,120.3191882
08BEAC0A0050,2023-09-03,03:28:52,21.1,100.0,0.0,24.255411,121.259081
08BEAC0A080E,2023-09-03,03:28:58,32.3,100.0,9.0,23.158097,120.170618
08BEAC0A0040,2023-09-03,03:29:18,30.7,100.0,0.0,22.99133,120.230478
08BEAC0A0742,2023-09-03,03:29:21,30.1,100.0,18.0,23.003578,120.240161
08BEAC0A06A6,2023-09-03,03:29:25,30.8,100.0,13.0,22.977305,120.186438
08BEAC0A0218,2023-09-03,03:29:46,30.0,100.0,51.0,23.6869687,120.5865383
08BEAC0A0678,2023-09-03,03:30:16,31.5,100.0,23.0,23.139376,120.138374
08BEAC0A0226,2023-09-03,03:30:47,29.8,100.0,0.0,23.2174825,120.365091
08BEAC0A019A,2023-09-03,03:31:04,31.1,100.0,29.0,23.3199,120.34515
08BEAC0A0398,2023-09-03,03:31:13,32.1,100.0,30.0,24.1494507,120.6816876
08BEAC0A0830,2023-09-03,03:31:30,30.6,100.0,0.0,22.956295,120.248057
08BEAC0A06FA,2023-09-03,03:31:33,29.0,100.0,1.0,23.04435,120.470196
08BEAC0A0344,2023-09-03,03:31:40,30.6,100.0,3.0,24.960122,121.178153
08BEAC0A084E,2023-09-03,03:31:50,31.2,100.0,1.0,24.9785086,121.3061612
08BEAC0A0480,2023-09-03,03:32:23,31.3,100.0,11.0,23.190069,120.192365
08BEAC0A0880,2023-09-03,03:32:28,31.0,100.0,18.0,23.7224119,120.3083761
08BEAC0A07A2,2023-09-03,03:32:30,32.0,100.0,4.0,25.10392038,121.2447143
08BEAC0A0340,2023-09-03,03:32:35,30.8,100.0,12.0,22.9193352,120.2170451
08BEAC0A05AC,2023-09-03,03:32:45,30.0,100.0,0.0,22.912748,120.261227
08BEAC0A04EC,2023-09-03,03:33:13,30.8,100.0,2.0,24.936085,121.223586
08BEAC0A01AA,2023-09-03,03:33:19,31.2,92.0,5.0,24.9751,121.269826
08BEAC0A0774,2023-09-03,03:33:19,30.1,100.0,8.0,22.992411,120.294135
08BEAC0A085E,2023-09-03,03:33:23,30.8,100.0,38.0,23.1427276,120.2731514
08BEAC0A089E,2023-09-03,03:33:32,28.8,100.0,0.0,23.12107103,120.4585091
08BEAC0A0464,2023-09-03,03:33:59,30.7,100.0,14.0,22.989813,120.203024
08BEAC0A0156,2023-09-03,03:34:01,31.2,100.0,0.0,24.0838267,120.752756
08BEAC0A0826,2023-09-03,03:34:03,29.8,100.0,12.0,23.0865158,120.3191882
08BEAC0A0050,2023-09-03,03:34:12,21.1,100.0,0.0,24.255411,121.259081
08BEAC0A080E,2023-09-03,03:34:17,32.5,100.0,10.0,23.158097,120.170618
08BEAC0A0040,2023-09-03,03:34:38,30.7,100.0,0.0,22.99133,120.230478
08BEAC0A0742,2023-09-03,03:34:39,30.1,100.0,17.0,23.003578,120.240161
08BEAC0A06A6,2023-09-03,03:34:44,30.7,100.0,13.0,22.977305,120.186438
08BEAC0A0218,2023-09-03,03:35:08,30.0,100.0,53.0,23.6869687,120.5865383
08BEAC0A0678,2023-09-03,03:35:35,31.5,100.0,23.0,23.139376,120.138374
08BEAC0A0226,2023-09-03,03:36:03,29.8,100.0,0.0,23.2174825,120.365091
08BEAC0A019A,2023-09-03,03:36:25,31.1,100.0,30.0,23.3199,120.34515
08BEAC0A0398,2023-09-03,03:36:32,32.0,100.0,31.0,24.1494507,120.6816876
08BEAC0A0830,2023-09-03,03:36:49,30.6,100.0,0.0,22.956295,120.248057
08BEAC0A06FA,2023-09-03,03:36:52,28.8,100.0,0.0,23.04435,120.470196
08BEAC0A0344,2023-09-03,03:36:57,30.6,100.0,4.0,24.960122,121.178153
08BEAC0A084E,2023-09-03,03:37:07,31.2,100.0,1.0,24.9785086,121.3061612
08BEAC0A0480,2023-09-03,03:37:40,31.3,100.0,11.0,23.190069,120.192365
08BEAC0A0880,2023-09-03,03:37:43,30.8,100.0,20.0,23.7224119,120.3083761
08BEAC0A07A2,2023-09-03,03:37:48,32.1,100.0,4.0,25.10392038,121.2447143
08BEAC0A0340,2023-09-03,03:37:51,30.8,100.0,13.0,22.9193352,120.2170451
08BEAC0A05AC,2023-09-03,03:38:05,30.1,100.0,0.0,22.912748,120.261227
08BEAC0A04EC,2023-09-03,03:38:30,30.8,100.0,2.0,24.936085,121.223586
08BEAC0A01AA,2023-09-03,03:38:36,31.2,91.0,5.0,24.9751,121.269826
08BEAC0A0774,2023-09-03,03:38:39,30.1,100.0,7.0,22.992411,120.294135
08BEAC0A085E,2023-09-03,03:38:43,31.0,100.0,35.0,23.1427276,120.2731514
08BEAC0A089E,2023-09-03,03:38:50,28.8,100.0,0.0,23.12107103,120.4585091
08BEAC0A0464,2023-09-03,03:39:23,30.7,100.0,15.0,22.989813,120.203024
08BEAC0A0826,2023-09-03,03:39:23,29.7,100.0,12.0,23.0865158,120.3191882
08BEAC0A0156,2023-09-03,03:39:24,31.2,100.0,0.0,24.0838267,120.752756
08BEAC0A0050,2023-09-03,03:39:30,21.5,100.0,0.0,24.255411,121.259081
08BEAC0A080E,2023-09-03,03:39:34,32.5,100.0,10.0,23.158097,120.170618
08BEAC0A0742,2023-09-03,03:39:57,30.2,100.0,17.0,23.003578,120.240161
08BEAC0A0040,2023-09-03,03:39:59,30.6,100.0,0.0,22.99133,120.230478
08BEAC0A06A6,2023-09-03,03:40:03,30.7,100.0,13.0,22.977305,120.186438
08BEAC0A0218,2023-09-03,03:40:27,30.2,100.0,46.0,23.6869687,120.5865383
08BEAC0A0678,2023-09-03,03:40:55,31.5,100.0,21.0,23.139376,120.138374
08BEAC0A0226,2023-09-03,03:41:23,29.8,100.0,0.0,23.2174825,120.365091
08BEAC0A019A,2023-09-03,03:41:45,31.0,100.0,30.0,23.3199,120.34515
08BEAC0A0398,2023-09-03,03:41:53,31.8,100.0,31.0,24.1494507,120.6816876
08BEAC0A0830,2023-09-03,03:42:07,30.7,100.0,0.0,22.956295,120.248057
08BEAC0A06FA,2023-09-03,03:42:11,28.7,100.0,0.0,23.04435,120.470196
08BEAC0A0344,2023-09-03,03:42:17,30.6,100.0,3.0,24.960122,121.178153
08BEAC0A084E,2023-09-03,03:42:25,31.2,100.0,1.0,24.9785086,121.3061612
08BEAC0A0480,2023-09-03,03:42:57,31.5,100.0,11.0,23.190069,120.192365
08BEAC0A0880,2023-09-03,03:43:01,30.8,100.0,19.0,23.7224119,120.3083761
08BEAC0A0340,2023-09-03,03:43:10,30.8,100.0,13.0,22.9193352,120.2170451
08BEAC0A07A2,2023-09-03,03:43:10,31.8,100.0,3.0,25.10392038,121.2447143
08BEAC0A05AC,2023-09-03,03:43:23,30.2,100.0,0.0,22.912748,120.261227
08BEAC0A01AA,2023-09-03,03:43:55,31.3,90.0,3.0,24.9751,121.269826
08BEAC0A0774,2023-09-03,03:43:56,30.1,100.0,8.0,22.992411,120.294135
08BEAC0A085E,2023-09-03,03:43:59,30.8,100.0,37.0,23.1427276,120.2731514
08BEAC0A089E,2023-09-03,03:44:09,29.0,100.0,0.0,23.12107103,120.4585091
08BEAC0A0826,2023-09-03,03:44:39,29.8,100.0,13.0,23.0865158,120.3191882
08BEAC0A0156,2023-09-03,03:44:43,31.1,100.0,0.0,24.0838267,120.752756
08BEAC0A0050,2023-09-03,03:44:46,21.6,100.0,0.0,24.255411,121.259081
08BEAC0A0464,2023-09-03,03:44:46,30.7,100.0,15.0,22.989813,120.203024
08BEAC0A080E,2023-09-03,03:44:50,32.5,100.0,10.0,23.158097,120.170618
08BEAC0A0742,2023-09-03,03:45:15,30.2,100.0,16.0,23.003578,120.240161
08BEAC0A0040,2023-09-03,03:45:17,30.5,100.0,0.0,22.99133,120.230478
08BEAC0A06A6,2023-09-03,03:45:21,30.7,100.0,12.0,22.977305,120.186438
08BEAC0A0218,2023-09-03,03:45:48,30.2,100.0,40.0,23.6869687,120.5865383
08BEAC0A0678,2023-09-03,03:46:13,31.6,100.0,21.0,23.139376,120.138374
08BEAC0A0226,2023-09-03,03:46:41,29.7,100.0,0.0,23.2174825,120.365091
08BEAC0A019A,2023-09-03,03:47:03,31.0,100.0,28.0,23.3199,120.34515
08BEAC0A0398,2023-09-03,03:47:12,31.5,100.0,32.0,24.1494507,120.6816876
08BEAC0A0830,2023-09-03,03:47:27,30.8,100.0,0.0,22.956295,120.248057
08BEAC0A06FA,2023-09-03,03:47:30,28.7,100.0,0.0,23.04435,120.470196
08BEAC0A0344,2023-09-03,03:47:35,30.7,100.0,3.0,24.960122,121.178153
08BEAC0A084E,2023-09-03,03:47:41,31.2,100.0,1.0,24.9785086,121.3061612
08BEAC0A0480,2023-09-03,03:48:13,31.5,100.0,11.0,23.190069,120.192365
08BEAC0A0880,2023-09-03,03:48:17,30.8,100.0,19.0,23.7224119,120.3083761
08BEAC0A07A2,2023-09-03,03:48:27,32.0,100.0,4.0,25.10392038,121.2447143
08BEAC0A0340,2023-09-03,03:48:28,31.0,100.0,14.0,22.9193352,120.2170451
08BEAC0A05AC,2023-09-03,03:48:44,30.2,100.0,0.0,22.912748,120.261227
08BEAC0A04EC,2023-09-03,03:48:59,30.7,100.0,2.0,24.936085,121.223586
08BEAC0A0774,2023-09-03,03:49:13,30.0,100.0,7.0,22.992411,120.294135
08BEAC0A01AA,2023-09-03,03:49:14,31.5,89.0,3.0,24.9751,121.269826
08BEAC0A085E,2023-09-03,03:49:17,31.0,100.0,32.0,23.1427276,120.2731514
08BEAC0A089E,2023-09-03,03:49:26,28.8,100.0,0.0,23.12107103,120.4585091
08BEAC0A0826,2023-09-03,03:49:56,30.0,100.0,12.0,23.0865158,120.3191882
08BEAC0A0156,2023-09-03,03:50:03,31.2,100.0,0.0,24.0838267,120.752756
08BEAC0A0050,2023-09-03,03:50:06,21.5,100.0,0.0,24.255411,121.259081
08BEAC0A0464,2023-09-03,03:50:08,30.7,100.0,16.0,22.989813,120.203024
08BEAC0A080E,2023-09-03,03:50:08,32.5,100.0,10.0,23.158097,120.170618
08BEAC0A0742,2023-09-03,03:50:33,30.0,100.0,17.0,23.003578,120.240161
08BEAC0A0040,2023-09-03,03:50:37,30.3,100.0,0.0,22.99133,120.230478
08BEAC0A06A6,2023-09-03,03:50:43,30.7,100.0,14.0,22.977305,120.186438
08BEAC0A0218,2023-09-03,03:51:06,30.2,100.0,39.0,23.6869687,120.5865383
08BEAC0A0678,2023-09-03,03:51:29,31.5,100.0,17.0,23.139376,120.138374
08BEAC0A0226,2023-09-03,03:51:58,29.6,100.0,0.0,23.2174825,120.365091
08BEAC0A019A,2023-09-03,03:52:20,31.1,100.0,31.0,23.3199,120.34515
08BEAC0A0398,2023-09-03,03:52:29,31.6,100.0,30.0,24.1494507,120.6816876
08BEAC0A0830,2023-09-03,03:52:47,30.6,100.0,0.0,22.956295,120.248057
08BEAC0A06FA,2023-09-03,03:52:49,28.8,100.0,0.0,23.04435,120.470196
08BEAC0A0344,2023-09-03,03:52:54,30.6,100.0,3.0,24.960122,121.178153
08BEAC0A084E,2023-09-03,03:52:59,31.2,100.0,1.0,24.9785086,121.3061612
08BEAC0A0480,2023-09-03,03:53:30,31.5,100.0,11.0,23.190069,120.192365
08BEAC0A0880,2023-09-03,03:53:34,30.7,100.0,18.0,23.7224119,120.3083761
08BEAC0A0340,2023-09-03,03:53:48,31.0,100.0,14.0,22.9193352,120.2170451
08BEAC0A05AC,2023-09-03,03:54:01,30.2,100.0,0.0,22.912748,120.261227
08BEAC0A04EC,2023-09-03,03:54:17,30.7,100.0,2.0,24.936085,121.223586
08BEAC0A0774,2023-09-03,03:54:30,30.0,100.0,7.0,22.992411,120.294135
08BEAC0A01AA,2023-09-03,03:54:33,31.5,90.0,4.0,24.9751,121.269826
08BEAC0A085E,2023-09-03,03:54:36,31.1,100.0,31.0,23.1427276,120.2731514
08BEAC0A089E,2023-09-03,03:54:44,28.6,100.0,0.0,23.12107103,120.4585091
08BEAC0A0826,2023-09-03,03:55:15,30.0,100.0,13.0,23.0865158,120.3191882
08BEAC0A0156,2023-09-03,03:55:23,31.1,100.0,0.0,24.0838267,120.752756
08BEAC0A080E,2023-09-03,03:55:29,32.5,100.0,10.0,23.158097,120.170618
08BEAC0A0464,2023-09-03,03:55:30,30.7,100.0,18.0,22.989813,120.203024
08BEAC0A0742,2023-09-03,03:55:51,29.7,100.0,18.0,23.003578,120.240161
08BEAC0A0040,2023-09-03,03:55:58,30.2,100.0,0.0,22.99133,120.230478
08BEAC0A06A6,2023-09-03,03:56:03,30.6,100.0,14.0,22.977305,120.186438
08BEAC0A0218,2023-09-03,03:56:26,30.2,100.0,37.0,23.6869687,120.5865383
08BEAC0A0678,2023-09-03,03:56:47,31.6,100.0,17.0,23.139376,120.138374
08BEAC0A0226,2023-09-03,03:57:15,29.6,100.0,0.0,23.2174825,120.365091
08BEAC0A019A,2023-09-03,03:57:40,31.0,100.0,30.0,23.3199,120.34515
08BEAC0A0398,2023-09-03,03:57:45,31.8,100.0,31.0,24.1494507,120.6816876
08BEAC0A0830,2023-09-03,03:58:08,30.5,100.0,0.0,22.956295,120.248057
08BEAC0A06FA,2023-09-03,03:58:10,28.7,100.0,0.0,23.04435,120.470196
08BEAC0A0344,2023-09-03,03:58:14,30.6,100.0,4.0,24.960122,121.178153
08BEAC0A084E,2023-09-03,03:58:18,31.2,100.0,1.0,24.9785086,121.3061612
08BEAC0A0480,2023-09-03,03:58:47,31.5,100.0,10.0,23.190069,120.192365
08BEAC0A0880,2023-09-03,03:58:55,30.7,100.0,17.0,23.7224119,120.3083761
08BEAC0A0340,2023-09-03,03:59:04,31.0,100.0,15.0,22.9193352,120.2170451
08BEAC0A05AC,2023-09-03,03:59:21,30.2,100.0,0.0,22.912748,120.261227
08BEAC0A07A2,2023-09-03,03:59:25,32.0,100.0,3.0,25.10392038,121.2447143
08BEAC0A04EC,2023-09-03,03:59:37,30.7,100.0,2.0,24.936085,121.223586
08BEAC0A0774,2023-09-03,03:59:47,29.8,100.0,8.0,22.992411,120.294135
08BEAC0A01AA,2023-09-03,03:59:49,31.5,90.0,4.0,24.9751,121.269826
08BEAC0A085E,2023-09-03,03:59:54,31.0,100.0,31.0,23.1427276,120.2731514
08BEAC0A089E,2023-09-03,04:00:02,28.6,100.0,0.0,23.12107103,120.4585091
08BEAC0A0826,2023-09-03,04:00:32,30.0,100.0,14.0,23.0865158,120.3191882
08BEAC0A0050,2023-09-03,04:00:34,21.6,100.0,0.0,24.255411,121.259081
08BEAC0A0156,2023-09-03,04:00:42,31.1,100.0,0.0,24.0838267,120.752756
08BEAC0A080E,2023-09-03,04:00:47,32.3,100.0,10.0,23.158097,120.170618
08BEAC0A0464,2023-09-03,04:00:54,30.8,100.0,17.0,22.989813,120.203024
08BEAC0A0742,2023-09-03,04:01:11,29.7,100.0,18.0,23.003578,120.240161
08BEAC0A0040,2023-09-03,04:01:17,30.1,100.0,0.0,22.99133,120.230478
08BEAC0A06A6,2023-09-03,04:01:20,30.6,100.0,15.0,22.977305,120.186438
08BEAC0A0218,2023-09-03,04:01:43,30.2,100.0,39.0,23.6869687,120.5865383
08BEAC0A0678,2023-09-03,04:02:05,31.7,100.0,18.0,23.139376,120.138374
08BEAC0A0226,2023-09-03,04:02:31,29.7,100.0,0.0,23.2174825,120.365091
08BEAC0A019A,2023-09-03,04:03:01,30.8,100.0,29.0,23.3199,120.34515
08BEAC0A0398,2023-09-03,04:03:01,31.6,100.0,34.0,24.1494507,120.6816876
08BEAC0A0830,2023-09-03,04:03:23,30.5,100.0,0.0,22.956295,120.248057
08BEAC0A06FA,2023-09-03,04:03:28,28.7,100.0,0.0,23.04435,120.470196
08BEAC0A0344,2023-09-03,04:03:32,30.6,100.0,2.0,24.960122,121.178153
08BEAC0A084E,2023-09-03,04:03:36,31.2,100.0,1.0,24.9785086,121.3061612
08BEAC0A0480,2023-09-03,04:04:08,31.5,100.0,10.0,23.190069,120.192365
08BEAC0A0880,2023-09-03,04:04:16,30.7,100.0,18.0,23.7224119,120.3083761
08BEAC0A0340,2023-09-03,04:04:21,30.8,100.0,16.0,22.9193352,120.2170451
08BEAC0A05AC,2023-09-03,04:04:41,30.3,100.0,0.0,22.912748,120.261227
08BEAC0A07A2,2023-09-03,04:04:44,31.8,100.0,4.0,25.10392038,121.2447143
08BEAC0A04EC,2023-09-03,04:04:57,30.7,100.0,2.0,24.936085,121.223586
08BEAC0A0774,2023-09-03,04:05:04,29.8,100.0,7.0,22.992411,120.294135
08BEAC0A01AA,2023-09-03,04:05:09,31.3,90.0,4.0,24.9751,121.269826
08BEAC0A085E,2023-09-03,04:05:13,31.0,100.0,31.0,23.1427276,120.2731514
08BEAC0A089E,2023-09-03,04:05:19,28.6,100.0,0.0,23.12107103,120.4585091
08BEAC0A0050,2023-09-03,04:05:46,21.8,100.0,0.0,24.255411,121.259081
08BEAC0A0826,2023-09-03,04:05:47,30.0,100.0,15.0,23.0865158,120.3191882
08BEAC0A0156,2023-09-03,04:06:00,31.2,100.0,0.0,24.0838267,120.752756
08BEAC0A080E,2023-09-03,04:06:04,32.3,100.0,11.0,23.158097,120.170618
08BEAC0A0464,2023-09-03,04:06:13,30.7,100.0,18.0,22.989813,120.203024
08BEAC0A0742,2023-09-03,04:06:30,29.7,100.0,18.0,23.003578,120.240161
08BEAC0A0040,2023-09-03,04:06:33,30.1,100.0,0.0,22.99133,120.230478
08BEAC0A06A6,2023-09-03,04:06:35,30.7,100.0,15.0,22.977305,120.186438
08BEAC0A0218,2023-09-03,04:07:03,30.2,100.0,54.0,23.6869687,120.5865383
08BEAC0A0678,2023-09-03,04:07:22,31.7,100.0,19.0,23.139376,120.138374
08BEAC0A0226,2023-09-03,04:07:48,29.6,100.0,0.0,23.2174825,120.365091
08BEAC0A019A,2023-09-03,04:08:16,30.8,100.0,29.0,23.3199,120.34515
08BEAC0A0398,2023-09-03,04:08:19,31.6,100.0,32.0,24.1494507,120.6816876
08BEAC0A06FA,2023-09-03,04:08:47,28.8,100.0,0.0,23.04435,120.470196
08BEAC0A0344,2023-09-03,04:08:48,30.6,100.0,3.0,24.960122,121.178153
08BEAC0A084E,2023-09-03,04:08:54,31.2,100.0,1.0,24.9785086,121.3061612
08BEAC0A0830,2023-09-03,04:09:05,30.6,100.0,0.0,22.956295,120.248057
08BEAC0A0480,2023-09-03,04:09:25,31.5,100.0,11.0,23.190069,120.192365
08BEAC0A0880,2023-09-03,04:09:34,30.7,100.0,19.0,23.7224119,120.3083761
08BEAC0A0340,2023-09-03,04:09:38,30.8,100.0,18.0,22.9193352,120.2170451
08BEAC0A05AC,2023-09-03,04:09:57,30.3,100.0,0.0,22.912748,120.261227
08BEAC0A04EC,2023-09-03,04:10:15,30.7,100.0,2.0,24.936085,121.223586
08BEAC0A0774,2023-09-03,04:10:22,29.8,100.0,7.0,22.992411,120.294135
08BEAC0A07A2,2023-09-03,04:10:25,31.8,100.0,3.0,25.10392038,121.2447143
08BEAC0A01AA,2023-09-03,04:10:26,31.2,91.0,5.0,24.9751,121.269826
08BEAC0A085E,2023-09-03,04:10:28,30.8,100.0,31.0,23.1427276,120.2731514
08BEAC0A089E,2023-09-03,04:10:36,28.5,100.0,0.0,23.12107103,120.4585091
08BEAC0A0050,2023-09-03,04:11:04,22.0,100.0,0.0,24.255411,121.259081
08BEAC0A0826,2023-09-03,04:11:04,30.0,100.0,16.0,23.0865158,120.3191882
08BEAC0A0156,2023-09-03,04:11:16,31.2,100.0,0.0,24.0838267,120.752756
08BEAC0A080E,2023-09-03,04:11:18,32.3,100.0,10.0,23.158097,120.170618
08BEAC0A0464,2023-09-03,04:11:30,30.7,100.0,18.0,22.989813,120.203024
08BEAC0A0742,2023-09-03,04:11:47,29.8,100.0,18.0,23.003578,120.240161
08BEAC0A06A6,2023-09-03,04:11:53,30.7,100.0,16.0,22.977305,120.186438
08BEAC0A0040,2023-09-03,04:11:54,30.1,100.0,0.0,22.99133,120.230478
08BEAC0A0218,2023-09-03,04:12:19,30.3,100.0,40.0,23.6869687,120.5865383
08BEAC0A0678,2023-09-03,04:12:38,31.7,100.0,23.0,23.139376,120.138374
08BEAC0A0226,2023-09-03,04:13:05,29.8,100.0,0.0,23.2174825,120.365091
08BEAC0A019A,2023-09-03,04:13:33,30.8,100.0,29.0,23.3199,120.34515
08BEAC0A0398,2023-09-03,04:13:41,32.0,100.0,32.0,24.1494507,120.6816876
08BEAC0A06FA,2023-09-03,04:14:03,28.8,100.0,0.0,23.04435,120.470196
08BEAC0A0344,2023-09-03,04:14:05,30.6,100.0,3.0,24.960122,121.178153
08BEAC0A084E,2023-09-03,04:14:10,31.2,100.0,1.0,24.9785086,121.3061612
08BEAC0A0830,2023-09-03,04:14:24,30.7,100.0,0.0,22.956295,120.248057
08BEAC0A0480,2023-09-03,04:14:40,31.5,100.0,10.0,23.190069,120.192365
08BEAC0A0880,2023-09-03,04:14:50,30.7,100.0,19.0,23.7224119,120.3083761
08BEAC0A0340,2023-09-03,04:14:54,31.0,100.0,19.0,22.9193352,120.2170451
08BEAC0A05AC,2023-09-03,04:15:13,30.3,100.0,0.0,22.912748,120.261227
08BEAC0A04EC,2023-09-03,04:15:32,30.7,100.0,2.0,24.936085,121.223586
08BEAC0A0774,2023-09-03,04:15:38,30.0,100.0,7.0,22.992411,120.294135
08BEAC0A01AA,2023-09-03,04:15:45,31.3,91.0,4.0,24.9751,121.269826
08BEAC0A07A2,2023-09-03,04:15:45,31.8,100.0,3.0,25.10392038,121.2447143
08BEAC0A085E,2023-09-03,04:15:48,30.7,100.0,31.0,23.1427276,120.2731514
08BEAC0A089E,2023-09-03,04:15:54,28.6,100.0,0.0,23.12107103,120.4585091
08BEAC0A0826,2023-09-03,04:16:21,30.1,100.0,17.0,23.0865158,120.3191882
08BEAC0A0050,2023-09-03,04:16:23,21.8,100.0,0.0,24.255411,121.259081
08BEAC0A0156,2023-09-03,04:16:34,31.2,100.0,0.0,24.0838267,120.752756
08BEAC0A080E,2023-09-03,04:16:34,32.3,100.0,10.0,23.158097,120.170618
08BEAC0A0464,2023-09-03,04:16:51,30.7,100.0,16.0,22.989813,120.203024
08BEAC0A0742,2023-09-03,04:17:04,29.8,100.0,20.0,23.003578,120.240161
08BEAC0A06A6,2023-09-03,04:17:09,30.6,100.0,16.0,22.977305,120.186438
08BEAC0A0040,2023-09-03,04:17:11,30.1,100.0,0.0,22.99133,120.230478
08BEAC0A0218,2023-09-03,04:17:37,30.3,100.0,37.0,23.6869687,120.5865383
08BEAC0A0678,2023-09-03,04:17:56,31.5,100.0,23.0,23.139376,120.138374
08BEAC0A0226,2023-09-03,04:18:22,29.6,100.0,0.0,23.2174825,120.365091
08BEAC0A019A,2023-09-03,04:18:52,30.8,100.0,30.0,23.3199,120.34515
08BEAC0A0398,2023-09-03,04:18:58,31.8,100.0,32.0,24.1494507,120.6816876
08BEAC0A06FA,2023-09-03,04:19:21,28.8,100.0,0.0,23.04435,120.470196
08BEAC0A0344,2023-09-03,04:19:24,30.6,100.0,3.0,24.960122,121.178153
08BEAC0A084E,2023-09-03,04:19:27,31.2,100.0,1.0,24.9785086,121.3061612
08BEAC0A0830,2023-09-03,04:19:43,30.7,100.0,0.0,22.956295,120.248057
08BEAC0A0480,2023-09-03,04:19:56,31.5,100.0,10.0,23.190069,120.192365
08BEAC0A0880,2023-09-03,04:20:06,30.7,100.0,20.0,23.7224119,120.3083761
08BEAC0A0340,2023-09-03,04:20:11,31.0,100.0,20.0,22.9193352,120.2170451
08BEAC0A05AC,2023-09-03,04:20:30,30.2,100.0,0.0,22.912748,120.261227
08BEAC0A04EC,2023-09-03,04:20:48,30.7,100.0,2.0,24.936085,121.223586
08BEAC0A0774,2023-09-03,04:20:55,30.0,100.0,7.0,22.992411,120.294135
08BEAC0A01AA,2023-09-03,04:21:00,31.3,90.0,4.0,24.9751,121.269826
08BEAC0A07A2,2023-09-03,04:21:02,31.8,100.0,4.0,25.10392038,121.2447143
08BEAC0A085E,2023-09-03,04:21:04,30.6,100.0,32.0,23.1427276,120.2731514
08BEAC0A089E,2023-09-03,04:21:10,28.7,100.0,0.0,23.12107103,120.4585091
08BEAC0A0826,2023-09-03,04:21:38,30.0,100.0,18.0,23.0865158,120.3191882
08BEAC0A0050,2023-09-03,04:21:42,21.5,100.0,0.0,24.255411,121.259081
08BEAC0A0156,2023-09-03,04:21:49,31.2,100.0,0.0,24.0838267,120.752756
08BEAC0A080E,2023-09-03,04:21:51,32.3,100.0,10.0,23.158097,120.170618
08BEAC0A0464,2023-09-03,04:22:13,30.7,100.0,18.0,22.989813,120.203024
08BEAC0A0742,2023-09-03,04:22:22,29.8,100.0,21.0,23.003578,120.240161
08BEAC0A06A6,2023-09-03,04:22:25,30.6,100.0,16.0,22.977305,120.186438
08BEAC0A0040,2023-09-03,04:22:28,30.0,100.0,0.0,22.99133,120.230478
08BEAC0A0218,2023-09-03,04:22:55,30.3,100.0,28.0,23.6869687,120.5865383
08BEAC0A0678,2023-09-03,04:23:11,31.5,100.0,24.0,23.139376,120.138374
08BEAC0A0226,2023-09-03,04:23:39,29.5,100.0,0.0,23.2174825,120.365091
08BEAC0A019A,2023-09-03,04:24:08,30.8,100.0,31.0,23.3199,120.34515
08BEAC0A0398,2023-09-03,04:24:15,31.6,100.0,33.0,24.1494507,120.6816876
08BEAC0A0344,2023-09-03,04:24:39,30.6,100.0,3.0,24.960122,121.178153
08BEAC0A06FA,2023-09-03,04:24:40,28.8,100.0,0.0,23.04435,120.470196
08BEAC0A084E,2023-09-03,04:24:44,31.2,100.0,1.0,24.9785086,121.3061612
08BEAC0A0830,2023-09-03,04:25:00,30.8,100.0,0.0,22.956295,120.248057
08BEAC0A0480,2023-09-03,04:25:12,31.5,100.0,11.0,23.190069,120.192365
08BEAC0A0880,2023-09-03,04:25:24,30.7,100.0,20.0,23.7224119,120.3083761
08BEAC0A0340,2023-09-03,04:25:27,31.0,100.0,22.0,22.9193352,120.2170451
08BEAC0A05AC,2023-09-03,04:25:49,30.3,100.0,0.0,22.912748,120.261227
08BEAC0A04EC,2023-09-03,04:26:04,30.7,100.0,2.0,24.936085,121.223586
08BEAC0A0774,2023-09-03,04:26:12,30.0,100.0,7.0,22.992411,120.294135
08BEAC0A01AA,2023-09-03,04:26:15,31.2,90.0,4.0,24.9751,121.269826
08BEAC0A07A2,2023-09-03,04:26:20,32.0,100.0,4.0,25.10392038,121.2447143
08BEAC0A085E,2023-09-03,04:26:21,30.5,100.0,31.0,23.1427276,120.2731514
08BEAC0A089E,2023-09-03,04:26:27,28.7,100.0,0.0,23.12107103,120.4585091
08BEAC0A0826,2023-09-03,04:26:55,30.0,100.0,19.0,23.0865158,120.3191882
08BEAC0A0050,2023-09-03,04:26:59,21.5,100.0,0.0,24.255411,121.259081
08BEAC0A0156,2023-09-03,04:27:08,31.2,100.0,0.0,24.0838267,120.752756
08BEAC0A080E,2023-09-03,04:27:08,32.3,100.0,10.0,23.158097,120.170618
08BEAC0A0464,2023-09-03,04:27:32,30.6,100.0,17.0,22.989813,120.203024
08BEAC0A0742,2023-09-03,04:27:38,29.8,100.0,23.0,23.003578,120.240161
08BEAC0A06A6,2023-09-03,04:27:41,30.7,100.0,16.0,22.977305,120.186438
08BEAC0A0040,2023-09-03,04:27:47,30.1,100.0,0.0,22.99133,120.230478
08BEAC0A0218,2023-09-03,04:28:10,30.2,100.0,23.0,23.6869687,120.5865383
08BEAC0A0678,2023-09-03,04:28:28,31.3,100.0,26.0,23.139376,120.138374
08BEAC0A0226,2023-09-03,04:28:56,29.2,100.0,0.0,23.2174825,120.365091
08BEAC0A019A,2023-09-03,04:29:24,30.8,100.0,31.0,23.3199,120.34515
08BEAC0A0398,2023-09-03,04:29:35,31.5,100.0,33.0,24.1494507,120.6816876
08BEAC0A0344,2023-09-03,04:29:55,30.6,100.0,3.0,24.960122,121.178153
08BEAC0A06FA,2023-09-03,04:29:58,28.8,100.0,0.0,23.04435,120.470196
08BEAC0A084E,2023-09-03,04:30:03,31.2,100.0,1.0,24.9785086,121.3061612
08BEAC0A0830,2023-09-03,04:30:15,30.7,100.0,0.0,22.956295,120.248057
08BEAC0A0480,2023-09-03,04:30:30,31.3,100.0,11.0,23.190069,120.192365
08BEAC0A0880,2023-09-03,04:30:42,30.7,100.0,22.0,23.7224119,120.3083761
08BEAC0A0340,2023-09-03,04:30:45,31.0,100.0,22.0,22.9193352,120.2170451
08BEAC0A05AC,2023-09-03,04:31:05,30.2,100.0,0.0,22.912748,120.261227
08BEAC0A04EC,2023-09-03,04:31:23,30.6,100.0,2.0,24.936085,121.223586
08BEAC0A0774,2023-09-03,04:31:27,29.8,100.0,8.0,22.992411,120.294135
08BEAC0A01AA,2023-09-03,04:31:33,31.2,91.0,4.0,24.9751,121.269826
08BEAC0A07A2,2023-09-03,04:31:36,32.1,100.0,4.0,25.10392038,121.2447143
08BEAC0A085E,2023-09-03,04:31:38,30.6,100.0,32.0,23.1427276,120.2731514
08BEAC0A089E,2023-09-03,04:31:45,28.7,100.0,0.0,23.12107103,120.4585091
08BEAC0A0826,2023-09-03,04:32:11,30.1,100.0,19.0,23.0865158,120.3191882
08BEAC0A0050,2023-09-03,04:32:17,21.5,100.0,0.0,24.255411,121.259081
08BEAC0A0156,2023-09-03,04:32:23,31.2,100.0,0.0,24.0838267,120.752756
08BEAC0A080E,2023-09-03,04:32:25,32.3,100.0,10.0,23.158097,120.170618
08BEAC0A0464,2023-09-03,04:32:51,30.5,100.0,17.0,22.989813,120.203024
08BEAC0A0742,2023-09-03,04:32:54,29.8,100.0,21.0,23.003578,120.240161
08BEAC0A06A6,2023-09-03,04:32:57,30.6,100.0,16.0,22.977305,120.186438
08BEAC0A0040,2023-09-03,04:33:05,30.0,100.0,0.0,22.99133,120.230478
08BEAC0A0218,2023-09-03,04:33:28,30.1,100.0,23.0,23.6869687,120.5865383
08BEAC0A0678,2023-09-03,04:33:45,31.3,100.0,27.0,23.139376,120.138374
08BEAC0A0226,2023-09-03,04:34:13,29.2,100.0,0.0,23.2174825,120.365091
08BEAC0A019A,2023-09-03,04:34:41,30.8,100.0,32.0,23.3199,120.34515
08BEAC0A0398,2023-09-03,04:34:52,31.6,100.0,33.0,24.1494507,120.6816876
08BEAC0A0344,2023-09-03,04:35:11,30.6,100.0,2.0,24.960122,121.178153
08BEAC0A06FA,2023-09-03,04:35:14,28.8,100.0,0.0,23.04435,120.470196
08BEAC0A084E,2023-09-03,04:35:22,31.2,100.0,2.0,24.9785086,121.3061612
08BEAC0A0830,2023-09-03,04:35:35,30.7,100.0,0.0,22.956295,120.248057
08BEAC0A0480,2023-09-03,04:35:48,31.3,100.0,10.0,23.190069,120.192365
08BEAC0A0880,2023-09-03,04:35:58,30.6,100.0,23.0,23.7224119,120.3083761
08BEAC0A0340,2023-09-03,04:36:01,31.0,100.0,22.0,22.9193352,120.2170451
08BEAC0A05AC,2023-09-03,04:36:22,30.2,100.0,0.0,22.912748,120.261227
08BEAC0A04EC,2023-09-03,04:36:39,30.6,100.0,2.0,24.936085,121.223586
08BEAC0A0774,2023-09-03,04:36:44,29.8,100.0,8.0,22.992411,120.294135
08BEAC0A01AA,2023-09-03,04:36:50,31.2,91.0,4.0,24.9751,121.269826
08BEAC0A07A2,2023-09-03,04:36:53,32.3,100.0,5.0,25.10392038,121.2447143
08BEAC0A085E,2023-09-03,04:36:54,30.6,100.0,31.0,23.1427276,120.2731514
08BEAC0A089E,2023-09-03,04:37:02,28.7,100.0,0.0,23.12107103,120.4585091
08BEAC0A0826,2023-09-03,04:37:26,30.1,100.0,22.0,23.0865158,120.3191882
08BEAC0A0050,2023-09-03,04:37:32,21.6,100.0,0.0,24.255411,121.259081
08BEAC0A0156,2023-09-03,04:37:38,31.2,100.0,0.0,24.0838267,120.752756
08BEAC0A080E,2023-09-03,04:37:41,32.3,100.0,10.0,23.158097,120.170618
08BEAC0A0742,2023-09-03,04:38:13,29.7,100.0,24.0,23.003578,120.240161
08BEAC0A0464,2023-09-03,04:38:14,30.5,100.0,20.0,22.989813,120.203024
08BEAC0A06A6,2023-09-03,04:38:16,30.6,100.0,18.0,22.977305,120.186438
08BEAC0A0040,2023-09-03,04:38:22,30.0,100.0,0.0,22.99133,120.230478
08BEAC0A0218,2023-09-03,04:38:45,30.0,100.0,23.0,23.6869687,120.5865383
08BEAC0A0678,2023-09-03,04:39:05,31.2,100.0,28.0,23.139376,120.138374
08BEAC0A0226,2023-09-03,04:39:28,29.2,100.0,0.0,23.2174825,120.365091
08BEAC0A019A,2023-09-03,04:39:57,30.8,100.0,31.0,23.3199,120.34515
08BEAC0A0398,2023-09-03,04:40:08,31.6,100.0,34.0,24.1494507,120.6816876
08BEAC0A0344,2023-09-03,04:40:27,30.6,100.0,3.0,24.960122,121.178153
08BEAC0A06FA,2023-09-03,04:40:30,28.8,100.0,0.0,23.04435,120.470196
08BEAC0A084E,2023-09-03,04:40:39,31.2,100.0,1.0,24.9785086,121.3061612
08BEAC0A0830,2023-09-03,04:40:56,30.8,100.0,0.0,22.956295,120.248057
08BEAC0A0480,2023-09-03,04:41:06,31.3,100.0,10.0,23.190069,120.192365
08BEAC0A0880,2023-09-03,04:41:15,30.7,100.0,25.0,23.7224119,120.3083761
08BEAC0A0340,2023-09-03,04:41:17,31.0,100.0,22.0,22.9193352,120.2170451
08BEAC0A05AC,2023-09-03,04:41:38,30.1,100.0,0.0,22.912748,120.261227
08BEAC0A04EC,2023-09-03,04:41:55,30.6,100.0,2.0,24.936085,121.223586
08BEAC0A0774,2023-09-03,04:42:00,29.8,100.0,8.0,22.992411,120.294135
08BEAC0A01AA,2023-09-03,04:42:05,31.0,93.0,3.0,24.9751,121.269826
08BEAC0A085E,2023-09-03,04:42:11,30.7,100.0,32.0,23.1427276,120.2731514
08BEAC0A07A2,2023-09-03,04:42:12,32.3,100.0,3.0,25.10392038,121.2447143
08BEAC0A089E,2023-09-03,04:42:19,28.8,100.0,0.0,23.12107103,120.4585091
08BEAC0A0826,2023-09-03,04:42:44,30.1,100.0,24.0,23.0865158,120.3191882
08BEAC0A0050,2023-09-03,04:42:50,21.7,100.0,0.0,24.255411,121.259081
08BEAC0A0156,2023-09-03,04:42:55,31.2,100.0,0.0,24.0838267,120.752756
08BEAC0A080E,2023-09-03,04:42:58,32.3,100.0,10.0,23.158097,120.170618
08BEAC0A0742,2023-09-03,04:43:29,29.7,100.0,22.0,23.003578,120.240161
08BEAC0A06A6,2023-09-03,04:43:34,30.5,100.0,19.0,22.977305,120.186438
08BEAC0A0464,2023-09-03,04:43:36,30.5,100.0,20.0,22.989813,120.203024
08BEAC0A0040,2023-09-03,04:43:40,30.0,100.0,0.0,22.99133,120.230478
08BEAC0A0218,2023-09-03,04:43:59,29.8,100.0,23.0,23.6869687,120.5865383
08BEAC0A0678,2023-09-03,04:44:23,31.0,100.0,30.0,23.139376,120.138374
08BEAC0A0226,2023-09-03,04:44:47,29.2,100.0,0.0,23.2174825,120.365091
08BEAC0A019A,2023-09-03,04:45:14,30.8,100.0,32.0,23.3199,120.34515
08BEAC0A0398,2023-09-03,04:45:27,31.6,100.0,36.0,24.1494507,120.6816876
08BEAC0A0344,2023-09-03,04:45:43,30.6,100.0,3.0,24.960122,121.178153
08BEAC0A06FA,2023-09-03,04:45:48,29.0,100.0,0.0,23.04435,120.470196
08BEAC0A084E,2023-09-03,04:45:55,31.1,100.0,1.0,24.9785086,121.3061612
08BEAC0A0830,2023-09-03,04:46:14,30.8,100.0,0.0,22.956295,120.248057
08BEAC0A0480,2023-09-03,04:46:23,31.3,100.0,10.0,23.190069,120.192365
08BEAC0A0340,2023-09-03,04:46:33,31.0,100.0,18.0,22.9193352,120.2170451
08BEAC0A0880,2023-09-03,04:46:33,30.7,100.0,26.0,23.7224119,120.3083761
08BEAC0A05AC,2023-09-03,04:46:56,30.1,100.0,0.0,22.912748,120.261227
08BEAC0A04EC,2023-09-03,04:47:12,30.2,100.0,2.0,24.936085,121.223586
08BEAC0A0774,2023-09-03,04:47:18,29.7,100.0,8.0,22.992411,120.294135
08BEAC0A01AA,2023-09-03,04:47:23,30.7,94.0,2.0,24.9751,121.269826
08BEAC0A07A2,2023-09-03,04:47:28,32.3,100.0,4.0,25.10392038,121.2447143
08BEAC0A085E,2023-09-03,04:47:28,30.7,100.0,34.0,23.1427276,120.2731514
08BEAC0A089E,2023-09-03,04:47:36,28.7,100.0,0.0,23.12107103,120.4585091
08BEAC0A0826,2023-09-03,04:48:01,30.1,100.0,24.0,23.0865158,120.3191882
08BEAC0A0050,2023-09-03,04:48:05,21.6,100.0,0.0,24.255411,121.259081
08BEAC0A0156,2023-09-03,04:48:12,31.2,100.0,0.0,24.0838267,120.752756
08BEAC0A080E,2023-09-03,04:48:15,32.3,100.0,9.0,23.158097,120.170618
08BEAC0A0742,2023-09-03,04:48:44,29.7,100.0,25.0,23.003578,120.240161
08BEAC0A06A6,2023-09-03,04:48:50,30.6,100.0,19.0,22.977305,120.186438
08BEAC0A0464,2023-09-03,04:48:57,30.5,100.0,19.0,22.989813,120.203024
08BEAC0A0040,2023-09-03,04:48:58,29.8,100.0,0.0,22.99133,120.230478
08BEAC0A0218,2023-09-03,04:49:16,29.8,100.0,24.0,23.6869687,120.5865383
08BEAC0A0678,2023-09-03,04:49:41,31.0,100.0,30.0,23.139376,120.138374
08BEAC0A0226,2023-09-03,04:50:04,29.2,100.0,0.0,23.2174825,120.365091
08BEAC0A019A,2023-09-03,04:50:31,30.8,100.0,31.0,23.3199,120.34515
08BEAC0A0398,2023-09-03,04:50:44,31.7,100.0,34.0,24.1494507,120.6816876
08BEAC0A0344,2023-09-03,04:50:59,30.5,100.0,3.0,24.960122,121.178153
08BEAC0A06FA,2023-09-03,04:51:06,29.0,100.0,0.0,23.04435,120.470196
08BEAC0A084E,2023-09-03,04:51:12,31.1,100.0,1.0,24.9785086,121.3061612
08BEAC0A0830,2023-09-03,04:51:30,30.7,100.0,0.0,22.956295,120.248057
08BEAC0A0480,2023-09-03,04:51:41,31.3,100.0,11.0,23.190069,120.192365
08BEAC0A0340,2023-09-03,04:51:51,31.0,100.0,17.0,22.9193352,120.2170451
08BEAC0A0880,2023-09-03,04:51:53,30.7,100.0,27.0,23.7224119,120.3083761
08BEAC0A05AC,2023-09-03,04:52:13,30.1,100.0,0.0,22.912748,120.261227
08BEAC0A04EC,2023-09-03,04:52:29,30.1,100.0,1.0,24.936085,121.223586
08BEAC0A0774,2023-09-03,04:52:36,29.8,100.0,10.0,22.992411,120.294135
08BEAC0A01AA,2023-09-03,04:52:38,30.6,94.0,2.0,24.9751,121.269826
08BEAC0A085E,2023-09-03,04:52:45,30.6,100.0,35.0,23.1427276,120.2731514
08BEAC0A07A2,2023-09-03,04:52:46,32.1,100.0,3.0,25.10392038,121.2447143
08BEAC0A089E,2023-09-03,04:52:52,28.8,100.0,0.0,23.12107103,120.4585091
08BEAC0A0826,2023-09-03,04:53:18,29.7,100.0,28.0,23.0865158,120.3191882
08BEAC0A0050,2023-09-03,04:53:22,21.3,100.0,0.0,24.255411,121.259081
08BEAC0A0156,2023-09-03,04:53:30,31.2,100.0,0.0,24.0838267,120.752756
08BEAC0A080E,2023-09-03,04:53:31,32.3,100.0,10.0,23.158097,120.170618
08BEAC0A0742,2023-09-03,04:54:02,29.8,100.0,26.0,23.003578,120.240161
08BEAC0A06A6,2023-09-03,04:54:05,30.6,100.0,20.0,22.977305,120.186438
08BEAC0A0040,2023-09-03,04:54:16,30.0,100.0,0.0,22.99133,120.230478
08BEAC0A0464,2023-09-03,04:54:17,30.6,100.0,17.0,22.989813,120.203024
08BEAC0A0218,2023-09-03,04:54:33,29.8,100.0,27.0,23.6869687,120.5865383
08BEAC0A0678,2023-09-03,04:55:02,31.2,100.0,29.0,23.139376,120.138374
08BEAC0A0226,2023-09-03,04:55:21,29.2,100.0,0.0,23.2174825,120.365091
08BEAC0A019A,2023-09-03,04:55:47,30.8,100.0,30.0,23.3199,120.34515
08BEAC0A0398,2023-09-03,04:56:02,31.5,100.0,32.0,24.1494507,120.6816876
08BEAC0A0344,2023-09-03,04:56:14,30.2,100.0,1.0,24.960122,121.178153
08BEAC0A06FA,2023-09-03,04:56:22,28.8,100.0,0.0,23.04435,120.470196
08BEAC0A084E,2023-09-03,04:56:29,31.0,100.0,1.0,24.9785086,121.3061612
08BEAC0A0830,2023-09-03,04:56:47,30.5,100.0,0.0,22.956295,120.248057
08BEAC0A0480,2023-09-03,04:56:58,31.3,100.0,11.0,23.190069,120.192365
08BEAC0A0340,2023-09-03,04:57:08,31.0,100.0,17.0,22.9193352,120.2170451
08BEAC0A0880,2023-09-03,04:57:09,30.7,100.0,28.0,23.7224119,120.3083761
08BEAC0A05AC,2023-09-03,04:57:29,30.1,100.0,0.0,22.912748,120.261227
08BEAC0A04EC,2023-09-03,04:57:46,29.8,100.0,1.0,24.936085,121.223586
08BEAC0A0774,2023-09-03,04:57:52,29.7,100.0,9.0,22.992411,120.294135
08BEAC0A01AA,2023-09-03,04:57:54,30.5,92.0,1.0,24.9751,121.269826
08BEAC0A085E,2023-09-03,04:58:01,30.6,100.0,35.0,23.1427276,120.2731514
08BEAC0A07A2,2023-09-03,04:58:04,32.1,100.0,4.0,25.10392038,121.2447143
08BEAC0A089E,2023-09-03,04:58:10,28.7,100.0,0.0,23.12107103,120.4585091
08BEAC0A0826,2023-09-03,04:58:34,29.6,100.0,28.0,23.0865158,120.3191882
08BEAC0A0050,2023-09-03,04:58:38,21.3,100.0,0.0,24.255411,121.259081
08BEAC0A0156,2023-09-03,04:58:46,31.3,100.0,0.0,24.0838267,120.752756
08BEAC0A080E,2023-09-03,04:58:46,32.3,100.0,10.0,23.158097,120.170618
08BEAC0A0742,2023-09-03,04:59:18,29.8,100.0,26.0,23.003578,120.240161
08BEAC0A06A6,2023-09-03,04:59:23,30.6,100.0,21.0,22.977305,120.186438
08BEAC0A0040,2023-09-03,04:59:32,29.8,100.0,0.0,22.99133,120.230478
08BEAC0A0464,2023-09-03,04:59:40,30.6,100.0,17.0,22.989813,120.203024
08BEAC0A0218,2023-09-03,04:59:51,30.0,100.0,29.0,23.6869687,120.5865383
08BEAC0A0678,2023-09-03,05:00:19,31.3,100.0,30.0,23.139376,120.138374
08BEAC0A0226,2023-09-03,05:00:38,29.2,100.0,0.0,23.2174825,120.365091
08BEAC0A019A,2023-09-03,05:01:02,30.8,100.0,30.0,23.3199,120.34515
08BEAC0A0398,2023-09-03,05:01:19,31.3,100.0,29.0,24.1494507,120.6816876
08BEAC0A0344,2023-09-03,05:01:31,30.1,100.0,0.0,24.960122,121.178153
08BEAC0A06FA,2023-09-03,05:01:39,29.0,100.0,0.0,23.04435,120.470196
08BEAC0A084E,2023-09-03,05:01:44,30.8,100.0,1.0,24.9785086,121.3061612
08BEAC0A0830,2023-09-03,05:02:06,30.5,100.0,0.0,22.956295,120.248057
08BEAC0A0480,2023-09-03,05:02:14,31.3,100.0,11.0,23.190069,120.192365
08BEAC0A0880,2023-09-03,05:02:25,30.8,100.0,27.0,23.7224119,120.3083761
08BEAC0A0340,2023-09-03,05:02:27,30.8,100.0,18.0,22.9193352,120.2170451
08BEAC0A05AC,2023-09-03,05:02:46,30.1,100.0,0.0,22.912748,120.261227
08BEAC0A04EC,2023-09-03,05:03:03,29.7,100.0,0.0,24.936085,121.223586
08BEAC0A0774,2023-09-03,05:03:09,29.8,100.0,11.0,22.992411,120.294135
08BEAC0A01AA,2023-09-03,05:03:10,30.3,92.0,0.0,24.9751,121.269826
08BEAC0A085E,2023-09-03,05:03:18,30.6,100.0,36.0,23.1427276,120.2731514
08BEAC0A07A2,2023-09-03,05:03:22,32.1,100.0,4.0,25.10392038,121.2447143
08BEAC0A089E,2023-09-03,05:03:28,28.7,100.0,0.0,23.12107103,120.4585091
08BEAC0A0826,2023-09-03,05:03:50,29.6,100.0,29.0,23.0865158,120.3191882
08BEAC0A0050,2023-09-03,05:03:53,21.2,100.0,0.0,24.255411,121.259081
08BEAC0A0156,2023-09-03,05:04:03,31.3,100.0,0.0,24.0838267,120.752756
08BEAC0A080E,2023-09-03,05:04:03,32.3,100.0,10.0,23.158097,120.170618
08BEAC0A0742,2023-09-03,05:04:37,29.7,100.0,26.0,23.003578,120.240161
08BEAC0A06A6,2023-09-03,05:04:41,30.6,100.0,20.0,22.977305,120.186438
08BEAC0A0040,2023-09-03,05:04:51,30.0,100.0,0.0,22.99133,120.230478
08BEAC0A0464,2023-09-03,05:04:59,30.5,100.0,17.0,22.989813,120.203024
08BEAC0A0218,2023-09-03,05:05:06,30.1,100.0,31.0,23.6869687,120.5865383
08BEAC0A0678,2023-09-03,05:05:36,31.3,100.0,31.0,23.139376,120.138374
08BEAC0A0226,2023-09-03,05:05:56,29.2,100.0,0.0,23.2174825,120.365091
08BEAC0A019A,2023-09-03,05:06:21,30.8,100.0,29.0,23.3199,120.34515
08BEAC0A0398,2023-09-03,05:06:36,31.6,100.0,30.0,24.1494507,120.6816876
08BEAC0A0344,2023-09-03,05:06:48,30.0,100.0,1.0,24.960122,121.178153
08BEAC0A06FA,2023-09-03,05:06:57,28.8,100.0,0.0,23.04435,120.470196
08BEAC0A084E,2023-09-03,05:07:04,30.8,100.0,1.0,24.9785086,121.3061612
08BEAC0A0830,2023-09-03,05:07:25,30.6,100.0,0.0,22.956295,120.248057
08BEAC0A0480,2023-09-03,05:07:30,31.3,100.0,11.0,23.190069,120.192365
08BEAC0A0880,2023-09-03,05:07:43,30.7,100.0,26.0,23.7224119,120.3083761
08BEAC0A0340,2023-09-03,05:07:45,30.8,100.0,24.0,22.9193352,120.2170451
08BEAC0A05AC,2023-09-03,05:08:02,30.1,100.0,0.0,22.912748,120.261227
08BEAC0A04EC,2023-09-03,05:08:19,29.7,100.0,0.0,24.936085,121.223586
08BEAC0A0774,2023-09-03,05:08:24,29.8,100.0,12.0,22.992411,120.294135
08BEAC0A01AA,2023-09-03,05:08:25,30.3,92.0,0.0,24.9751,121.269826
08BEAC0A085E,2023-09-03,05:08:36,30.6,100.0,38.0,23.1427276,120.2731514
08BEAC0A07A2,2023-09-03,05:08:43,31.6,100.0,4.0,25.10392038,121.2447143
08BEAC0A089E,2023-09-03,05:08:46,28.7,100.0,0.0,23.12107103,120.4585091
08BEAC0A0826,2023-09-03,05:09:07,29.7,100.0,29.0,23.0865158,120.3191882
08BEAC0A0050,2023-09-03,05:09:12,20.5,100.0,0.0,24.255411,121.259081
08BEAC0A0156,2023-09-03,05:09:21,31.3,100.0,0.0,24.0838267,120.752756
08BEAC0A080E,2023-09-03,05:09:21,32.2,100.0,11.0,23.158097,120.170618
08BEAC0A0742,2023-09-03,05:09:55,29.8,100.0,25.0,23.003578,120.240161
08BEAC0A06A6,2023-09-03,05:09:56,30.5,100.0,20.0,22.977305,120.186438
08BEAC0A0040,2023-09-03,05:10:09,29.8,100.0,0.0,22.99133,120.230478
08BEAC0A0464,2023-09-03,05:10:21,30.3,100.0,21.0,22.989813,120.203024
08BEAC0A0218,2023-09-03,05:10:23,30.1,100.0,34.0,23.6869687,120.5865383
08BEAC0A0678,2023-09-03,05:10:53,31.1,100.0,32.0,23.139376,120.138374
08BEAC0A0226,2023-09-03,05:11:12,29.1,100.0,0.0,23.2174825,120.365091
08BEAC0A0398,2023-09-03,05:11:52,31.5,100.0,31.0,24.1494507,120.6816876
08BEAC0A0344,2023-09-03,05:12:05,29.8,100.0,0.0,24.960122,121.178153
08BEAC0A06FA,2023-09-03,05:12:14,28.8,100.0,0.0,23.04435,120.470196
08BEAC0A084E,2023-09-03,05:12:22,30.8,100.0,1.0,24.9785086,121.3061612
08BEAC0A0830,2023-09-03,05:12:42,30.7,100.0,0.0,22.956295,120.248057
08BEAC0A0480,2023-09-03,05:12:47,31.3,100.0,11.0,23.190069,120.192365
08BEAC0A0340,2023-09-03,05:13:01,31.0,100.0,21.0,22.9193352,120.2170451
08BEAC0A0880,2023-09-03,05:13:02,30.8,100.0,27.0,23.7224119,120.3083761
08BEAC0A05AC,2023-09-03,05:13:19,30.1,100.0,0.0,22.912748,120.261227
08BEAC0A04EC,2023-09-03,05:13:36,29.7,100.0,0.0,24.936085,121.223586
08BEAC0A0774,2023-09-03,05:13:41,29.8,100.0,15.0,22.992411,120.294135
08BEAC0A01AA,2023-09-03,05:13:42,30.3,93.0,0.0,24.9751,121.269826
08BEAC0A085E,2023-09-03,05:13:52,30.6,100.0,39.0,23.1427276,120.2731514
08BEAC0A089E,2023-09-03,05:14:03,28.7,100.0,0.0,23.12107103,120.4585091
08BEAC0A0826,2023-09-03,05:14:23,29.6,100.0,30.0,23.0865158,120.3191882
08BEAC0A0050,2023-09-03,05:14:27,20.1,100.0,0.0,24.255411,121.259081
08BEAC0A0156,2023-09-03,05:14:37,31.3,100.0,0.0,24.0838267,120.752756
08BEAC0A080E,2023-09-03,05:14:37,32.2,100.0,11.0,23.158097,120.170618
08BEAC0A0742,2023-09-03,05:15:13,29.8,100.0,28.0,23.003578,120.240161
08BEAC0A06A6,2023-09-03,05:15:15,30.5,100.0,17.0,22.977305,120.186438
08BEAC0A0040,2023-09-03,05:15:27,29.7,100.0,0.0,22.99133,120.230478
08BEAC0A0218,2023-09-03,05:15:39,30.2,100.0,35.0,23.6869687,120.5865383
08BEAC0A0464,2023-09-03,05:15:40,30.3,100.0,23.0,22.989813,120.203024
08BEAC0A0678,2023-09-03,05:16:08,30.8,100.0,30.0,23.139376,120.138374
08BEAC0A0226,2023-09-03,05:16:29,29.1,100.0,0.0,23.2174825,120.365091
08BEAC0A019A,2023-09-03,05:16:48,30.7,100.0,29.0,23.3199,120.34515
08BEAC0A0398,2023-09-03,05:17:08,31.1,100.0,33.0,24.1494507,120.6816876
08BEAC0A0344,2023-09-03,05:17:22,29.8,100.0,0.0,24.960122,121.178153
08BEAC0A06FA,2023-09-03,05:17:34,28.8,100.0,0.0,23.04435,120.470196
08BEAC0A084E,2023-09-03,05:17:37,30.7,100.0,1.0,24.9785086,121.3061612
08BEAC0A0830,2023-09-03,05:17:58,30.7,100.0,0.0,22.956295,120.248057
08BEAC0A0480,2023-09-03,05:18:03,31.3,100.0,10.0,23.190069,120.192365
08BEAC0A0880,2023-09-03,05:18:19,30.8,100.0,30.0,23.7224119,120.3083761
08BEAC0A0340,2023-09-03,05:18:21,31.1,100.0,21.0,22.9193352,120.2170451
08BEAC0A05AC,2023-09-03,05:18:34,30.2,100.0,0.0,22.912748,120.261227
08BEAC0A04EC,2023-09-03,05:18:51,29.7,100.0,0.0,24.936085,121.223586
08BEAC0A01AA,2023-09-03,05:18:59,30.3,93.0,0.0,24.9751,121.269826
08BEAC0A0774,2023-09-03,05:19:00,29.7,100.0,17.0,22.992411,120.294135
08BEAC0A085E,2023-09-03,05:19:07,30.7,100.0,39.0,23.1427276,120.2731514
08BEAC0A089E,2023-09-03,05:19:20,28.8,100.0,0.0,23.12107103,120.4585091
08BEAC0A0826,2023-09-03,05:19:38,29.5,100.0,30.0,23.0865158,120.3191882
08BEAC0A0050,2023-09-03,05:19:43,20.3,100.0,0.0,24.255411,121.259081
08BEAC0A07A2,2023-09-03,05:19:43,31.3,100.0,3.0,25.10392038,121.2447143
08BEAC0A0156,2023-09-03,05:19:55,31.3,100.0,0.0,24.0838267,120.752756
08BEAC0A080E,2023-09-03,05:19:56,32.3,100.0,11.0,23.158097,120.170618
08BEAC0A0742,2023-09-03,05:20:31,29.8,100.0,27.0,23.003578,120.240161
08BEAC0A06A6,2023-09-03,05:20:33,30.2,100.0,21.0,22.977305,120.186438
08BEAC0A0040,2023-09-03,05:20:45,29.8,100.0,0.0,22.99133,120.230478
08BEAC0A0218,2023-09-03,05:20:56,30.1,100.0,30.0,23.6869687,120.5865383
08BEAC0A0464,2023-09-03,05:20:56,30.2,100.0,27.0,22.989813,120.203024
08BEAC0A0678,2023-09-03,05:21:32,30.8,100.0,27.0,23.139376,120.138374
08BEAC0A0226,2023-09-03,05:21:46,29.0,100.0,0.0,23.2174825,120.365091
08BEAC0A019A,2023-09-03,05:22:05,30.8,100.0,28.0,23.3199,120.34515
08BEAC0A0398,2023-09-03,05:22:24,31.1,100.0,33.0,24.1494507,120.6816876
08BEAC0A0344,2023-09-03,05:22:39,29.8,100.0,0.0,24.960122,121.178153
08BEAC0A06FA,2023-09-03,05:22:48,28.8,100.0,0.0,23.04435,120.470196
08BEAC0A084E,2023-09-03,05:22:55,30.7,100.0,1.0,24.9785086,121.3061612
08BEAC0A0830,2023-09-03,05:23:15,30.6,100.0,0.0,22.956295,120.248057
08BEAC0A0480,2023-09-03,05:23:19,31.3,100.0,11.0,23.190069,120.192365
08BEAC0A0880,2023-09-03,05:23:36,30.8,100.0,31.0,23.7224119,120.3083761
08BEAC0A0340,2023-09-03,05:23:37,31.0,100.0,22.0,22.9193352,120.2170451
08BEAC0A05AC,2023-09-03,05:23:53,30.2,100.0,0.0,22.912748,120.261227
08BEAC0A04EC,2023-09-03,05:24:10,29.7,100.0,0.0,24.936085,121.223586
08BEAC0A01AA,2023-09-03,05:24:13,30.3,92.0,1.0,24.9751,121.269826
08BEAC0A0774,2023-09-03,05:24:18,29.8,100.0,18.0,22.992411,120.294135
08BEAC0A085E,2023-09-03,05:24:27,30.7,100.0,40.0,23.1427276,120.2731514
08BEAC0A089E,2023-09-03,05:24:36,28.8,100.0,0.0,23.12107103,120.4585091
08BEAC0A0826,2023-09-03,05:24:56,29.6,100.0,32.0,23.0865158,120.3191882
08BEAC0A07A2,2023-09-03,05:25:01,31.3,100.0,3.0,25.10392038,121.2447143
08BEAC0A0050,2023-09-03,05:25:02,20.5,100.0,0.0,24.255411,121.259081
08BEAC0A0156,2023-09-03,05:25:13,31.3,100.0,0.0,24.0838267,120.752756
08BEAC0A080E,2023-09-03,05:25:15,32.3,100.0,12.0,23.158097,120.170618
08BEAC0A0742,2023-09-03,05:25:49,29.7,100.0,29.0,23.003578,120.240161
08BEAC0A06A6,2023-09-03,05:25:50,30.2,100.0,25.0,22.977305,120.186438
08BEAC0A0040,2023-09-03,05:26:01,29.7,100.0,0.0,22.99133,120.230478
08BEAC0A0218,2023-09-03,05:26:14,30.1,100.0,33.0,23.6869687,120.5865383
08BEAC0A0464,2023-09-03,05:26:16,30.2,100.0,29.0,22.989813,120.203024
08BEAC0A0678,2023-09-03,05:26:48,30.6,100.0,28.0,23.139376,120.138374
08BEAC0A0226,2023-09-03,05:27:03,29.1,100.0,0.0,23.2174825,120.365091
08BEAC0A019A,2023-09-03,05:27:26,30.8,100.0,29.0,23.3199,120.34515
08BEAC0A0398,2023-09-03,05:27:40,31.1,100.0,34.0,24.1494507,120.6816876
08BEAC0A0344,2023-09-03,05:27:55,29.8,100.0,0.0,24.960122,121.178153
08BEAC0A06FA,2023-09-03,05:28:05,28.8,100.0,0.0,23.04435,120.470196
08BEAC0A084E,2023-09-03,05:28:11,30.7,100.0,1.0,24.9785086,121.3061612
08BEAC0A0830,2023-09-03,05:28:33,30.6,100.0,0.0,22.956295,120.248057
08BEAC0A0480,2023-09-03,05:28:34,31.3,100.0,12.0,23.190069,120.192365
08BEAC0A0340,2023-09-03,05:28:53,30.8,100.0,24.0,22.9193352,120.2170451
08BEAC0A0880,2023-09-03,05:28:54,30.7,100.0,31.0,23.7224119,120.3083761
08BEAC0A05AC,2023-09-03,05:29:10,30.0,100.0,0.0,22.912748,120.261227
08BEAC0A04EC,2023-09-03,05:29:25,29.8,100.0,0.0,24.936085,121.223586
08BEAC0A01AA,2023-09-03,05:29:31,30.3,92.0,1.0,24.9751,121.269826
08BEAC0A0774,2023-09-03,05:29:33,30.0,100.0,19.0,22.992411,120.294135
08BEAC0A085E,2023-09-03,05:29:44,30.8,100.0,40.0,23.1427276,120.2731514
08BEAC0A089E,2023-09-03,05:29:52,28.8,100.0,0.0,23.12107103,120.4585091
08BEAC0A0826,2023-09-03,05:30:13,29.6,100.0,32.0,23.0865158,120.3191882
08BEAC0A0050,2023-09-03,05:30:19,20.6,100.0,0.0,24.255411,121.259081
08BEAC0A07A2,2023-09-03,05:30:19,31.3,100.0,2.0,25.10392038,121.2447143
08BEAC0A0156,2023-09-03,05:30:29,31.3,100.0,0.0,24.0838267,120.752756
08BEAC0A080E,2023-09-03,05:30:41,32.3,100.0,11.0,23.158097,120.170618
08BEAC0A0742,2023-09-03,05:31:05,29.8,100.0,27.0,23.003578,120.240161
08BEAC0A06A6,2023-09-03,05:31:07,30.2,100.0,29.0,22.977305,120.186438
08BEAC0A0040,2023-09-03,05:31:19,29.7,100.0,0.0,22.99133,120.230478
08BEAC0A0218,2023-09-03,05:31:30,30.0,100.0,30.0,23.6869687,120.5865383
08BEAC0A0464,2023-09-03,05:31:32,30.2,100.0,29.0,22.989813,120.203024
08BEAC0A0678,2023-09-03,05:32:05,30.2,100.0,25.0,23.139376,120.138374
08BEAC0A0226,2023-09-03,05:32:22,29.1,100.0,0.0,23.2174825,120.365091
08BEAC0A019A,2023-09-03,05:32:42,30.8,100.0,29.0,23.3199,120.34515
08BEAC0A0398,2023-09-03,05:32:57,31.5,100.0,33.0,24.1494507,120.6816876
08BEAC0A0344,2023-09-03,05:33:12,29.8,100.0,1.0,24.960122,121.178153
08BEAC0A084E,2023-09-03,05:33:28,30.7,100.0,1.0,24.9785086,121.3061612
08BEAC0A0830,2023-09-03,05:33:49,30.5,100.0,0.0,22.956295,120.248057
08BEAC0A0480,2023-09-03,05:33:51,31.3,100.0,11.0,23.190069,120.192365
08BEAC0A0880,2023-09-03,05:34:10,30.7,100.0,31.0,23.7224119,120.3083761
08BEAC0A0340,2023-09-03,05:34:12,30.8,100.0,26.0,22.9193352,120.2170451
08BEAC0A05AC,2023-09-03,05:34:26,30.1,100.0,0.0,22.912748,120.261227
08BEAC0A04EC,2023-09-03,05:34:44,29.8,100.0,1.0,24.936085,121.223586
08BEAC0A01AA,2023-09-03,05:34:47,30.3,92.0,1.0,24.9751,121.269826
08BEAC0A0774,2023-09-03,05:34:48,29.8,100.0,20.0,22.992411,120.294135
08BEAC0A085E,2023-09-03,05:35:00,30.8,100.0,40.0,23.1427276,120.2731514
08BEAC0A089E,2023-09-03,05:35:07,28.7,100.0,0.0,23.12107103,120.4585091
08BEAC0A0826,2023-09-03,05:35:33,29.8,100.0,32.0,23.0865158,120.3191882
08BEAC0A07A2,2023-09-03,05:35:38,31.2,100.0,1.0,25.10392038,121.2447143
08BEAC0A0156,2023-09-03,05:35:46,31.2,100.0,0.0,24.0838267,120.752756
08BEAC0A080E,2023-09-03,05:35:56,32.3,100.0,11.0,23.158097,120.170618
08BEAC0A0742,2023-09-03,05:36:21,30.0,100.0,28.0,23.003578,120.240161
08BEAC0A06A6,2023-09-03,05:36:23,30.1,100.0,31.0,22.977305,120.186438
08BEAC0A0040,2023-09-03,05:36:35,29.8,100.0,0.0,22.99133,120.230478
08BEAC0A0218,2023-09-03,05:36:47,29.8,100.0,24.0,23.6869687,120.5865383
08BEAC0A0464,2023-09-03,05:36:50,30.3,100.0,28.0,22.989813,120.203024
08BEAC0A0678,2023-09-03,05:37:19,30.2,100.0,26.0,23.139376,120.138374
08BEAC0A0226,2023-09-03,05:37:38,29.1,100.0,0.0,23.2174825,120.365091
08BEAC0A019A,2023-09-03,05:37:58,30.8,100.0,29.0,23.3199,120.34515
08BEAC0A0398,2023-09-03,05:38:14,31.5,100.0,33.0,24.1494507,120.6816876
08BEAC0A0344,2023-09-03,05:38:29,30.0,100.0,0.0,24.960122,121.178153
08BEAC0A06FA,2023-09-03,05:38:32,28.8,100.0,0.0,23.04435,120.470196
08BEAC0A084E,2023-09-03,05:38:44,30.7,100.0,1.0,24.9785086,121.3061612
08BEAC0A0830,2023-09-03,05:39:05,30.3,100.0,0.0,22.956295,120.248057
08BEAC0A0480,2023-09-03,05:39:07,31.3,100.0,11.0,23.190069,120.192365
08BEAC0A0880,2023-09-03,05:39:27,30.7,100.0,32.0,23.7224119,120.3083761
08BEAC0A0340,2023-09-03,05:39:28,30.8,100.0,27.0,22.9193352,120.2170451
08BEAC0A05AC,2023-09-03,05:39:42,30.1,100.0,0.0,22.912748,120.261227
08BEAC0A01AA,2023-09-03,05:40:03,30.3,91.0,2.0,24.9751,121.269826
08BEAC0A04EC,2023-09-03,05:40:03,30.0,100.0,0.0,24.936085,121.223586
08BEAC0A0774,2023-09-03,05:40:04,30.0,100.0,21.0,22.992411,120.294135
08BEAC0A085E,2023-09-03,05:40:18,30.8,100.0,40.0,23.1427276,120.2731514
08BEAC0A089E,2023-09-03,05:40:24,28.7,100.0,0.0,23.12107103,120.4585091
08BEAC0A0050,2023-09-03,05:40:47,20.2,100.0,0.0,24.255411,121.259081
08BEAC0A0826,2023-09-03,05:40:49,29.8,100.0,33.0,23.0865158,120.3191882
08BEAC0A07A2,2023-09-03,05:40:55,31.2,100.0,1.0,25.10392038,121.2447143
08BEAC0A0156,2023-09-03,05:41:04,31.1,100.0,0.0,24.0838267,120.752756
08BEAC0A080E,2023-09-03,05:41:16,32.3,100.0,11.0,23.158097,120.170618
08BEAC0A0742,2023-09-03,05:41:40,30.0,100.0,26.0,23.003578,120.240161
08BEAC0A06A6,2023-09-03,05:41:42,30.1,100.0,31.0,22.977305,120.186438
08BEAC0A0040,2023-09-03,05:41:51,30.0,100.0,0.0,22.99133,120.230478
08BEAC0A0218,2023-09-03,05:42:04,29.7,100.0,22.0,23.6869687,120.5865383
08BEAC0A0464,2023-09-03,05:42:11,30.2,100.0,28.0,22.989813,120.203024
08BEAC0A0678,2023-09-03,05:42:35,30.5,100.0,25.0,23.139376,120.138374
08BEAC0A0226,2023-09-03,05:42:55,29.0,100.0,0.0,23.2174825,120.365091
08BEAC0A019A,2023-09-03,05:43:14,30.8,100.0,30.0,23.3199,120.34515
08BEAC0A0398,2023-09-03,05:43:31,31.6,100.0,33.0,24.1494507,120.6816876
08BEAC0A06FA,2023-09-03,05:43:47,28.8,100.0,0.0,23.04435,120.470196
08BEAC0A0344,2023-09-03,05:43:49,30.0,100.0,0.0,24.960122,121.178153
08BEAC0A084E,2023-09-03,05:44:01,30.7,100.0,1.0,24.9785086,121.3061612
08BEAC0A0830,2023-09-03,05:44:23,30.2,100.0,0.0,22.956295,120.248057
08BEAC0A0480,2023-09-03,05:44:24,31.3,100.0,12.0,23.190069,120.192365
08BEAC0A0340,2023-09-03,05:44:44,30.8,100.0,29.0,22.9193352,120.2170451
08BEAC0A0880,2023-09-03,05:44:46,30.6,100.0,31.0,23.7224119,120.3083761
08BEAC0A05AC,2023-09-03,05:44:59,30.1,100.0,0.0,22.912748,120.261227
08BEAC0A01AA,2023-09-03,05:45:19,30.5,90.0,1.0,24.9751,121.269826
08BEAC0A0774,2023-09-03,05:45:22,30.0,100.0,23.0,22.992411,120.294135
08BEAC0A04EC,2023-09-03,05:45:23,29.8,100.0,0.0,24.936085,121.223586
08BEAC0A085E,2023-09-03,05:45:36,30.8,100.0,40.0,23.1427276,120.2731514
08BEAC0A089E,2023-09-03,05:45:40,28.7,100.0,0.0,23.12107103,120.4585091
08BEAC0A0050,2023-09-03,05:46:05,20.6,100.0,0.0,24.255411,121.259081
08BEAC0A0826,2023-09-03,05:46:07,30.0,100.0,33.0,23.0865158,120.3191882
08BEAC0A07A2,2023-09-03,05:46:12,31.0,100.0,0.0,25.10392038,121.2447143
08BEAC0A0156,2023-09-03,05:46:19,31.1,100.0,0.0,24.0838267,120.752756
08BEAC0A080E,2023-09-03,05:46:33,32.3,100.0,10.0,23.158097,120.170618
08BEAC0A0742,2023-09-03,05:46:59,30.0,100.0,28.0,23.003578,120.240161
08BEAC0A06A6,2023-09-03,05:47:01,30.2,100.0,32.0,22.977305,120.186438
08BEAC0A0040,2023-09-03,05:47:08,30.0,100.0,0.0,22.99133,120.230478
08BEAC0A0218,2023-09-03,05:47:20,29.6,100.0,23.0,23.6869687,120.5865383
08BEAC0A0464,2023-09-03,05:47:29,30.2,100.0,29.0,22.989813,120.203024
08BEAC0A0678,2023-09-03,05:47:52,30.2,100.0,22.0,23.139376,120.138374
08BEAC0A0226,2023-09-03,05:48:13,29.0,100.0,0.0,23.2174825,120.365091
08BEAC0A019A,2023-09-03,05:48:29,30.7,100.0,30.0,23.3199,120.34515
08BEAC0A0398,2023-09-03,05:48:49,31.7,100.0,32.0,24.1494507,120.6816876
08BEAC0A06FA,2023-09-03,05:49:04,28.8,100.0,0.0,23.04435,120.470196
08BEAC0A0344,2023-09-03,05:49:06,30.0,100.0,0.0,24.960122,121.178153
08BEAC0A084E,2023-09-03,05:49:18,30.7,100.0,0.0,24.9785086,121.3061612
08BEAC0A0830,2023-09-03,05:49:38,30.2,100.0,0.0,22.956295,120.248057
08BEAC0A0480,2023-09-03,05:49:41,31.3,100.0,11.0,23.190069,120.192365
08BEAC0A0340,2023-09-03,05:50:02,30.8,100.0,31.0,22.9193352,120.2170451
08BEAC0A0880,2023-09-03,05:50:05,30.5,100.0,26.0,23.7224119,120.3083761
08BEAC0A05AC,2023-09-03,05:50:16,30.1,100.0,0.0,22.912748,120.261227
08BEAC0A01AA,2023-09-03,05:50:34,30.3,89.0,1.0,24.9751,121.269826
08BEAC0A0774,2023-09-03,05:50:39,29.8,100.0,22.0,22.992411,120.294135
08BEAC0A04EC,2023-09-03,05:50:40,29.8,100.0,0.0,24.936085,121.223586
08BEAC0A085E,2023-09-03,05:50:55,30.8,100.0,42.0,23.1427276,120.2731514
08BEAC0A089E,2023-09-03,05:50:57,28.8,100.0,0.0,23.12107103,120.4585091
08BEAC0A0050,2023-09-03,05:51:21,20.3,100.0,0.0,24.255411,121.259081
08BEAC0A0826,2023-09-03,05:51:26,30.1,100.0,35.0,23.0865158,120.3191882
08BEAC0A07A2,2023-09-03,05:51:30,31.0,100.0,1.0,25.10392038,121.2447143
08BEAC0A0156,2023-09-03,05:51:38,31.0,100.0,0.0,24.0838267,120.752756
08BEAC0A080E,2023-09-03,05:51:52,32.3,100.0,10.0,23.158097,120.170618
08BEAC0A0742,2023-09-03,05:52:15,30.0,100.0,31.0,23.003578,120.240161
08BEAC0A06A6,2023-09-03,05:52:18,30.2,100.0,32.0,22.977305,120.186438
08BEAC0A0040,2023-09-03,05:52:26,29.8,100.0,0.0,22.99133,120.230478
08BEAC0A0218,2023-09-03,05:52:38,29.6,100.0,23.0,23.6869687,120.5865383
08BEAC0A0464,2023-09-03,05:52:49,30.3,100.0,27.0,22.989813,120.203024
08BEAC0A0678,2023-09-03,05:53:09,30.3,100.0,20.0,23.139376,120.138374
08BEAC0A0226,2023-09-03,05:53:29,28.8,100.0,0.0,23.2174825,120.365091
08BEAC0A019A,2023-09-03,05:53:46,30.8,100.0,31.0,23.3199,120.34515
08BEAC0A0398,2023-09-03,05:54:05,31.7,100.0,33.0,24.1494507,120.6816876
08BEAC0A06FA,2023-09-03,05:54:21,28.8,100.0,0.0,23.04435,120.470196
08BEAC0A0344,2023-09-03,05:54:23,30.0,100.0,0.0,24.960122,121.178153
08BEAC0A084E,2023-09-03,05:54:34,30.7,100.0,0.0,24.9785086,121.3061612
08BEAC0A0830,2023-09-03,05:54:55,30.2,100.0,0.0,22.956295,120.248057
08BEAC0A0480,2023-09-03,05:54:59,31.3,100.0,11.0,23.190069,120.192365
08BEAC0A0340,2023-09-03,05:55:18,30.7,100.0,28.0,22.9193352,120.2170451
08BEAC0A0880,2023-09-03,05:55:23,30.2,100.0,23.0,23.7224119,120.3083761
08BEAC0A05AC,2023-09-03,05:55:33,29.8,100.0,0.0,22.912748,120.261227
08BEAC0A01AA,2023-09-03,05:55:51,30.5,89.0,1.0,24.9751,121.269826
08BEAC0A0774,2023-09-03,05:55:55,29.8,100.0,20.0,22.992411,120.294135
08BEAC0A04EC,2023-09-03,05:55:59,29.8,100.0,0.0,24.936085,121.223586
08BEAC0A085E,2023-09-03,05:56:10,30.8,100.0,41.0,23.1427276,120.2731514
08BEAC0A089E,2023-09-03,05:56:14,28.8,100.0,0.0,23.12107103,120.4585091
08BEAC0A0050,2023-09-03,05:56:40,20.0,100.0,0.0,24.255411,121.259081
08BEAC0A0826,2023-09-03,05:56:42,30.2,100.0,36.0,23.0865158,120.3191882
08BEAC0A07A2,2023-09-03,05:56:52,31.0,100.0,1.0,25.10392038,121.2447143
08BEAC0A0156,2023-09-03,05:56:57,30.8,100.0,0.0,24.0838267,120.752756
08BEAC0A080E,2023-09-03,05:57:09,32.3,100.0,10.0,23.158097,120.170618
08BEAC0A0742,2023-09-03,05:57:33,29.8,100.0,31.0,23.003578,120.240161
08BEAC0A06A6,2023-09-03,05:57:35,30.3,100.0,34.0,22.977305,120.186438
08BEAC0A0040,2023-09-03,05:57:45,29.7,100.0,0.0,22.99133,120.230478
08BEAC0A0218,2023-09-03,05:57:55,29.6,100.0,24.0,23.6869687,120.5865383
08BEAC0A0464,2023-09-03,05:58:08,30.5,100.0,27.0,22.989813,120.203024
08BEAC0A0678,2023-09-03,05:58:24,30.2,100.0,20.0,23.139376,120.138374
08BEAC0A0226,2023-09-03,05:58:46,28.8,100.0,0.0,23.2174825,120.365091
08BEAC0A019A,2023-09-03,05:59:01,30.7,100.0,33.0,23.3199,120.34515
08BEAC0A0398,2023-09-03,05:59:23,32.0,100.0,33.0,24.1494507,120.6816876
08BEAC0A06FA,2023-09-03,05:59:35,28.8,100.0,0.0,23.04435,120.470196
08BEAC0A0344,2023-09-03,05:59:40,30.0,100.0,0.0,24.960122,121.178153
08BEAC0A084E,2023-09-03,05:59:53,30.7,100.0,1.0,24.9785086,121.3061612
08BEAC0A0830,2023-09-03,06:00:12,30.2,100.0,0.0,22.956295,120.248057
08BEAC0A0480,2023-09-03,06:00:15,31.3,100.0,11.0,23.190069,120.192365
08BEAC0A0340,2023-09-03,06:00:35,30.7,100.0,27.0,22.9193352,120.2170451
08BEAC0A0880,2023-09-03,06:00:40,30.2,100.0,26.0,23.7224119,120.3083761
08BEAC0A05AC,2023-09-03,06:00:51,29.7,100.0,0.0,22.912748,120.261227
08BEAC0A01AA,2023-09-03,06:01:07,30.5,87.0,0.0,24.9751,121.269826
08BEAC0A0774,2023-09-03,06:01:12,29.8,100.0,21.0,22.992411,120.294135
08BEAC0A04EC,2023-09-03,06:01:14,29.7,100.0,0.0,24.936085,121.223586
08BEAC0A085E,2023-09-03,06:01:27,30.8,100.0,40.0,23.1427276,120.2731514
08BEAC0A089E,2023-09-03,06:01:31,28.8,100.0,0.0,23.12107103,120.4585091
08BEAC0A0050,2023-09-03,06:01:56,20.0,100.0,0.0,24.255411,121.259081
08BEAC0A0826,2023-09-03,06:01:59,30.2,100.0,34.0,23.0865158,120.3191882
08BEAC0A07A2,2023-09-03,06:02:10,31.0,100.0,1.0,25.10392038,121.2447143
08BEAC0A0156,2023-09-03,06:02:14,30.8,100.0,0.0,24.0838267,120.752756
08BEAC0A080E,2023-09-03,06:02:24,32.3,100.0,10.0,23.158097,120.170618
08BEAC0A0742,2023-09-03,06:02:50,30.0,100.0,33.0,23.003578,120.240161
08BEAC0A06A6,2023-09-03,06:02:52,30.2,100.0,33.0,22.977305,120.186438
08BEAC0A0040,2023-09-03,06:03:06,29.8,100.0,0.0,22.99133,120.230478
08BEAC0A0218,2023-09-03,06:03:13,29.6,100.0,25.0,23.6869687,120.5865383
08BEAC0A0464,2023-09-03,06:03:27,30.5,100.0,28.0,22.989813,120.203024
08BEAC0A0678,2023-09-03,06:03:43,30.1,100.0,19.0,23.139376,120.138374
08BEAC0A0226,2023-09-03,06:04:02,28.8,100.0,0.0,23.2174825,120.365091
08BEAC0A019A,2023-09-03,06:04:17,30.8,100.0,33.0,23.3199,120.34515
08BEAC0A0398,2023-09-03,06:04:43,31.8,100.0,34.0,24.1494507,120.6816876
08BEAC0A06FA,2023-09-03,06:04:50,28.8,100.0,0.0,23.04435,120.470196
08BEAC0A0344,2023-09-03,06:04:59,29.8,100.0,0.0,24.960122,121.178153
08BEAC0A084E,2023-09-03,06:05:09,30.7,100.0,0.0,24.9785086,121.3061612
08BEAC0A0830,2023-09-03,06:05:30,30.2,100.0,0.0,22.956295,120.248057
08BEAC0A0480,2023-09-03,06:05:32,31.3,100.0,11.0,23.190069,120.192365
08BEAC0A0340,2023-09-03,06:05:52,30.7,100.0,29.0,22.9193352,120.2170451
08BEAC0A0880,2023-09-03,06:05:58,30.2,100.0,28.0,23.7224119,120.3083761
08BEAC0A05AC,2023-09-03,06:06:08,29.7,100.0,0.0,22.912748,120.261227
08BEAC0A01AA,2023-09-03,06:06:24,30.5,87.0,0.0,24.9751,121.269826
08BEAC0A0774,2023-09-03,06:06:28,29.8,100.0,20.0,22.992411,120.294135
08BEAC0A04EC,2023-09-03,06:06:33,29.7,100.0,0.0,24.936085,121.223586
08BEAC0A085E,2023-09-03,06:06:42,30.8,100.0,39.0,23.1427276,120.2731514
08BEAC0A089E,2023-09-03,06:06:50,28.7,100.0,0.0,23.12107103,120.4585091
08BEAC0A0050,2023-09-03,06:07:14,20.0,100.0,0.0,24.255411,121.259081
08BEAC0A0826,2023-09-03,06:07:16,30.2,100.0,32.0,23.0865158,120.3191882
08BEAC0A07A2,2023-09-03,06:07:26,31.0,100.0,0.0,25.10392038,121.2447143
08BEAC0A0156,2023-09-03,06:07:31,30.8,100.0,0.0,24.0838267,120.752756
08BEAC0A080E,2023-09-03,06:07:41,32.3,100.0,10.0,23.158097,120.170618
08BEAC0A0742,2023-09-03,06:08:06,30.1,100.0,31.0,23.003578,120.240161
08BEAC0A06A6,2023-09-03,06:08:10,30.3,100.0,33.0,22.977305,120.186438
08BEAC0A0040,2023-09-03,06:08:25,29.7,100.0,0.0,22.99133,120.230478
08BEAC0A0218,2023-09-03,06:08:30,29.6,100.0,26.0,23.6869687,120.5865383
08BEAC0A0464,2023-09-03,06:08:44,30.5,100.0,29.0,22.989813,120.203024
08BEAC0A0678,2023-09-03,06:09:00,30.2,100.0,19.0,23.139376,120.138374
08BEAC0A0226,2023-09-03,06:09:18,28.8,100.0,0.0,23.2174825,120.365091
08BEAC0A019A,2023-09-03,06:09:34,30.8,100.0,32.0,23.3199,120.34515
08BEAC0A0340,2023-09-03,06:11:08,30.7,100.0,30.0,22.9193352,120.2170451
08BEAC0A0880,2023-09-03,06:11:14,30.1,100.0,27.0,23.7224119,120.3083761
08BEAC0A05AC,2023-09-03,06:11:25,29.7,100.0,0.0,22.912748,120.261227
08BEAC0A01AA,2023-09-03,06:11:41,30.5,87.0,1.0,24.9751,121.269826
08BEAC0A0774,2023-09-03,06:11:44,29.8,100.0,21.0,22.992411,120.294135
08BEAC0A04EC,2023-09-03,06:11:51,29.6,100.0,0.0,24.936085,121.223586
08BEAC0A085E,2023-09-03,06:11:58,30.7,100.0,37.0,23.1427276,120.2731514
08BEAC0A089E,2023-09-03,06:12:06,28.6,100.0,0.0,23.12107103,120.4585091
08BEAC0A0050,2023-09-03,06:12:32,20.2,100.0,0.0,24.255411,121.259081
08BEAC0A0826,2023-09-03,06:12:35,30.3,100.0,38.0,23.0865158,120.3191882
08BEAC0A07A2,2023-09-03,06:12:44,30.8,100.0,1.0,25.10392038,121.2447143
08BEAC0A0156,2023-09-03,06:12:48,30.8,100.0,0.0,24.0838267,120.752756
08BEAC0A080E,2023-09-03,06:13:03,32.3,100.0,10.0,23.158097,120.170618
08BEAC0A0742,2023-09-03,06:13:23,30.0,100.0,34.0,23.003578,120.240161
08BEAC0A06A6,2023-09-03,06:13:28,30.5,100.0,33.0,22.977305,120.186438
08BEAC0A0040,2023-09-03,06:13:42,29.8,100.0,0.0,22.99133,120.230478
08BEAC0A0218,2023-09-03,06:13:46,29.7,100.0,26.0,23.6869687,120.5865383
08BEAC0A0464,2023-09-03,06:14:03,30.5,100.0,30.0,22.989813,120.203024
08BEAC0A0678,2023-09-03,06:14:17,30.1,100.0,20.0,23.139376,120.138374
08BEAC0A0226,2023-09-03,06:14:34,29.0,100.0,0.0,23.2174825,120.365091
08BEAC0A019A,2023-09-03,06:14:48,30.8,100.0,32.0,23.3199,120.34515
08BEAC0A0398,2023-09-03,06:15:14,31.6,100.0,33.0,24.1494507,120.6816876
08BEAC0A06FA,2023-09-03,06:15:24,28.8,100.0,1.0,23.04435,120.470196
08BEAC0A0344,2023-09-03,06:15:33,29.8,100.0,0.0,24.960122,121.178153
08BEAC0A084E,2023-09-03,06:15:45,30.7,100.0,0.0,24.9785086,121.3061612
08BEAC0A0830,2023-09-03,06:16:06,30.1,100.0,0.0,22.956295,120.248057
08BEAC0A0480,2023-09-03,06:16:08,31.3,100.0,10.0,23.190069,120.192365
08BEAC0A0340,2023-09-03,06:16:25,30.7,100.0,34.0,22.9193352,120.2170451
08BEAC0A0880,2023-09-03,06:16:30,30.0,100.0,29.0,23.7224119,120.3083761
08BEAC0A05AC,2023-09-03,06:16:41,29.6,100.0,0.0,22.912748,120.261227
08BEAC0A01AA,2023-09-03,06:16:59,30.3,87.0,1.0,24.9751,121.269826
08BEAC0A0774,2023-09-03,06:17:03,29.8,100.0,21.0,22.992411,120.294135
08BEAC0A04EC,2023-09-03,06:17:10,29.6,100.0,0.0,24.936085,121.223586
08BEAC0A085E,2023-09-03,06:17:16,30.6,100.0,32.0,23.1427276,120.2731514
08BEAC0A089E,2023-09-03,06:17:25,28.7,100.0,0.0,23.12107103,120.4585091
08BEAC0A0050,2023-09-03,06:17:47,20.1,100.0,0.0,24.255411,121.259081
08BEAC0A0826,2023-09-03,06:17:53,30.3,100.0,33.0,23.0865158,120.3191882
08BEAC0A07A2,2023-09-03,06:18:00,30.8,100.0,1.0,25.10392038,121.2447143
08BEAC0A0156,2023-09-03,06:18:05,30.8,100.0,0.0,24.0838267,120.752756
08BEAC0A080E,2023-09-03,06:18:28,32.3,100.0,10.0,23.158097,120.170618
08BEAC0A0742,2023-09-03,06:18:42,29.8,100.0,34.0,23.003578,120.240161
08BEAC0A06A6,2023-09-03,06:18:47,30.2,100.0,32.0,22.977305,120.186438
08BEAC0A0040,2023-09-03,06:18:58,29.8,100.0,0.0,22.99133,120.230478
08BEAC0A0218,2023-09-03,06:19:02,29.7,100.0,24.0,23.6869687,120.5865383
08BEAC0A0464,2023-09-03,06:19:20,30.5,100.0,30.0,22.989813,120.203024
08BEAC0A0678,2023-09-03,06:19:36,30.1,100.0,22.0,23.139376,120.138374
08BEAC0A0226,2023-09-03,06:19:51,29.1,100.0,0.0,23.2174825,120.365091
08BEAC0A019A,2023-09-03,06:20:05,30.8,100.0,34.0,23.3199,120.34515
08BEAC0A0398,2023-09-03,06:20:33,31.5,100.0,34.0,24.1494507,120.6816876
08BEAC0A06FA,2023-09-03,06:20:42,28.8,100.0,0.0,23.04435,120.470196
08BEAC0A0344,2023-09-03,06:20:53,29.8,100.0,0.0,24.960122,121.178153
08BEAC0A084E,2023-09-03,06:21:02,30.6,100.0,0.0,24.9785086,121.3061612
08BEAC0A0480,2023-09-03,06:21:23,31.3,100.0,11.0,23.190069,120.192365
08BEAC0A0830,2023-09-03,06:21:23,30.1,100.0,0.0,22.956295,120.248057
08BEAC0A0340,2023-09-03,06:21:43,30.6,100.0,39.0,22.9193352,120.2170451
08BEAC0A0880,2023-09-03,06:21:50,29.8,100.0,33.0,23.7224119,120.3083761
08BEAC0A05AC,2023-09-03,06:21:59,29.7,100.0,0.0,22.912748,120.261227
08BEAC0A01AA,2023-09-03,06:22:16,30.3,88.0,1.0,24.9751,121.269826
08BEAC0A0774,2023-09-03,06:22:20,29.7,100.0,20.0,22.992411,120.294135
08BEAC0A04EC,2023-09-03,06:22:26,29.5,100.0,0.0,24.936085,121.223586
08BEAC0A085E,2023-09-03,06:22:32,30.6,100.0,28.0,23.1427276,120.2731514
08BEAC0A089E,2023-09-03,06:22:40,28.7,100.0,0.0,23.12107103,120.4585091
08BEAC0A0050,2023-09-03,06:23:03,20.1,100.0,0.0,24.255411,121.259081
08BEAC0A0826,2023-09-03,06:23:10,30.3,100.0,32.0,23.0865158,120.3191882
08BEAC0A07A2,2023-09-03,06:23:17,30.7,100.0,1.0,25.10392038,121.2447143
08BEAC0A0156,2023-09-03,06:23:24,30.8,100.0,0.0,24.0838267,120.752756
08BEAC0A080E,2023-09-03,06:23:47,32.3,100.0,10.0,23.158097,120.170618
08BEAC0A0742,2023-09-03,06:23:57,29.7,100.0,36.0,23.003578,120.240161
08BEAC0A06A6,2023-09-03,06:24:04,30.1,100.0,30.0,22.977305,120.186438
08BEAC0A0040,2023-09-03,06:24:15,30.0,100.0,0.0,22.99133,120.230478
08BEAC0A0218,2023-09-03,06:24:18,29.8,100.0,24.0,23.6869687,120.5865383
08BEAC0A0464,2023-09-03,06:24:39,30.5,100.0,30.0,22.989813,120.203024
08BEAC0A0678,2023-09-03,06:24:52,30.1,100.0,24.0,23.139376,120.138374
08BEAC0A0226,2023-09-03,06:25:08,29.2,100.0,0.0,23.2174825,120.365091
08BEAC0A019A,2023-09-03,06:25:22,30.8,100.0,34.0,23.3199,120.34515
08BEAC0A0398,2023-09-03,06:25:50,31.5,100.0,35.0,24.1494507,120.6816876
08BEAC0A06FA,2023-09-03,06:26:02,28.8,100.0,0.0,23.04435,120.470196
08BEAC0A0344,2023-09-03,06:26:10,29.7,100.0,0.0,24.960122,121.178153
08BEAC0A084E,2023-09-03,06:26:20,30.6,100.0,0.0,24.9785086,121.3061612
08BEAC0A0480,2023-09-03,06:26:40,31.3,100.0,11.0,23.190069,120.192365
08BEAC0A0830,2023-09-03,06:26:40,30.1,100.0,0.0,22.956295,120.248057
08BEAC0A0340,2023-09-03,06:26:59,30.7,100.0,35.0,22.9193352,120.2170451
08BEAC0A0880,2023-09-03,06:27:06,29.8,100.0,33.0,23.7224119,120.3083761
08BEAC0A05AC,2023-09-03,06:27:18,29.7,100.0,0.0,22.912748,120.261227
08BEAC0A01AA,2023-09-03,06:27:33,30.3,88.0,1.0,24.9751,121.269826
08BEAC0A0774,2023-09-03,06:27:38,29.7,100.0,19.0,22.992411,120.294135
08BEAC0A04EC,2023-09-03,06:27:42,29.5,100.0,1.0,24.936085,121.223586
08BEAC0A085E,2023-09-03,06:27:49,30.3,100.0,27.0,23.1427276,120.2731514
08BEAC0A089E,2023-09-03,06:27:58,28.6,100.0,0.0,23.12107103,120.4585091
08BEAC0A0050,2023-09-03,06:28:18,20.2,100.0,0.0,24.255411,121.259081
08BEAC0A0826,2023-09-03,06:28:26,30.0,100.0,31.0,23.0865158,120.3191882
08BEAC0A07A2,2023-09-03,06:28:35,30.6,100.0,1.0,25.10392038,121.2447143
08BEAC0A0156,2023-09-03,06:28:42,30.8,100.0,0.0,24.0838267,120.752756
08BEAC0A080E,2023-09-03,06:29:05,32.2,100.0,10.0,23.158097,120.170618
08BEAC0A0742,2023-09-03,06:29:14,29.7,100.0,35.0,23.003578,120.240161
08BEAC0A06A6,2023-09-03,06:29:20,30.1,100.0,26.0,22.977305,120.186438
08BEAC0A0040,2023-09-03,06:29:32,30.0,100.0,0.0,22.99133,120.230478
08BEAC0A0218,2023-09-03,06:29:37,30.0,100.0,28.0,23.6869687,120.5865383
08BEAC0A0464,2023-09-03,06:29:56,30.5,100.0,31.0,22.989813,120.203024
08BEAC0A0678,2023-09-03,06:30:09,30.1,100.0,21.0,23.139376,120.138374
08BEAC0A0226,2023-09-03,06:30:25,29.2,100.0,0.0,23.2174825,120.365091
08BEAC0A019A,2023-09-03,06:30:41,30.8,100.0,31.0,23.3199,120.34515
08BEAC0A0398,2023-09-03,06:31:08,31.1,100.0,36.0,24.1494507,120.6816876
08BEAC0A06FA,2023-09-03,06:31:20,28.8,100.0,0.0,23.04435,120.470196
08BEAC0A0344,2023-09-03,06:31:28,29.8,100.0,0.0,24.960122,121.178153
08BEAC0A084E,2023-09-03,06:31:35,30.6,100.0,0.0,24.9785086,121.3061612
08BEAC0A0480,2023-09-03,06:31:58,31.3,100.0,11.0,23.190069,120.192365
08BEAC0A0830,2023-09-03,06:32:01,30.2,100.0,0.0,22.956295,120.248057
08BEAC0A0340,2023-09-03,06:32:15,30.6,100.0,34.0,22.9193352,120.2170451
08BEAC0A0880,2023-09-03,06:32:22,30.0,100.0,33.0,23.7224119,120.3083761
08BEAC0A05AC,2023-09-03,06:32:37,29.6,100.0,0.0,22.912748,120.261227
08BEAC0A01AA,2023-09-03,06:32:48,30.3,88.0,1.0,24.9751,121.269826
08BEAC0A0774,2023-09-03,06:32:55,29.6,100.0,20.0,22.992411,120.294135
08BEAC0A04EC,2023-09-03,06:33:01,29.5,100.0,1.0,24.936085,121.223586
08BEAC0A085E,2023-09-03,06:33:07,30.5,100.0,29.0,23.1427276,120.2731514
08BEAC0A089E,2023-09-03,06:33:13,28.6,100.0,0.0,23.12107103,120.4585091
08BEAC0A0050,2023-09-03,06:33:34,20.2,100.0,0.0,24.255411,121.259081
08BEAC0A0826,2023-09-03,06:33:42,30.0,100.0,33.0,23.0865158,120.3191882
08BEAC0A07A2,2023-09-03,06:33:52,30.7,100.0,1.0,25.10392038,121.2447143
08BEAC0A0156,2023-09-03,06:33:59,31.0,100.0,0.0,24.0838267,120.752756
08BEAC0A080E,2023-09-03,06:34:25,32.2,100.0,10.0,23.158097,120.170618
08BEAC0A0742,2023-09-03,06:34:31,29.7,100.0,33.0,23.003578,120.240161
08BEAC0A06A6,2023-09-03,06:34:38,30.2,100.0,23.0,22.977305,120.186438
08BEAC0A0040,2023-09-03,06:34:49,29.7,100.0,0.0,22.99133,120.230478
08BEAC0A0218,2023-09-03,06:34:53,30.0,100.0,26.0,23.6869687,120.5865383
08BEAC0A0464,2023-09-03,06:35:14,30.5,100.0,30.0,22.989813,120.203024
08BEAC0A0678,2023-09-03,06:35:25,30.2,100.0,16.0,23.139376,120.138374
08BEAC0A0226,2023-09-03,06:35:42,29.2,100.0,0.0,23.2174825,120.365091
08BEAC0A019A,2023-09-03,06:35:57,31.0,100.0,33.0,23.3199,120.34515
08BEAC0A0398,2023-09-03,06:36:26,31.1,100.0,35.0,24.1494507,120.6816876
08BEAC0A06FA,2023-09-03,06:36:34,28.8,100.0,0.0,23.04435,120.470196
08BEAC0A0344,2023-09-03,06:36:44,29.7,100.0,1.0,24.960122,121.178153
08BEAC0A084E,2023-09-03,06:36:53,30.6,100.0,0.0,24.9785086,121.3061612
08BEAC0A0480,2023-09-03,06:37:14,31.3,100.0,11.0,23.190069,120.192365
08BEAC0A0830,2023-09-03,06:37:22,30.3,100.0,0.0,22.956295,120.248057
08BEAC0A0340,2023-09-03,06:37:34,30.6,100.0,32.0,22.9193352,120.2170451
08BEAC0A0880,2023-09-03,06:37:41,30.1,100.0,34.0,23.7224119,120.3083761
08BEAC0A05AC,2023-09-03,06:37:54,29.6,100.0,0.0,22.912748,120.261227
08BEAC0A01AA,2023-09-03,06:38:08,30.2,88.0,1.0,24.9751,121.269826
08BEAC0A0774,2023-09-03,06:38:13,29.6,100.0,20.0,22.992411,120.294135
08BEAC0A04EC,2023-09-03,06:38:18,29.5,100.0,1.0,24.936085,121.223586
08BEAC0A085E,2023-09-03,06:38:23,30.5,100.0,28.0,23.1427276,120.2731514
08BEAC0A089E,2023-09-03,06:38:29,28.6,100.0,0.0,23.12107103,120.4585091
08BEAC0A0050,2023-09-03,06:38:52,20.1,100.0,0.0,24.255411,121.259081
08BEAC0A0826,2023-09-03,06:39:02,30.2,100.0,32.0,23.0865158,120.3191882
08BEAC0A07A2,2023-09-03,06:39:10,30.7,100.0,1.0,25.10392038,121.2447143
08BEAC0A0156,2023-09-03,06:39:15,31.0,100.0,0.0,24.0838267,120.752756
08BEAC0A080E,2023-09-03,06:39:41,32.3,100.0,9.0,23.158097,120.170618
08BEAC0A0742,2023-09-03,06:39:49,29.7,100.0,34.0,23.003578,120.240161
08BEAC0A06A6,2023-09-03,06:39:53,30.2,100.0,21.0,22.977305,120.186438
08BEAC0A0040,2023-09-03,06:40:08,29.7,100.0,0.0,22.99133,120.230478
08BEAC0A0218,2023-09-03,06:40:09,30.0,100.0,27.0,23.6869687,120.5865383
08BEAC0A0464,2023-09-03,06:40:32,30.6,100.0,29.0,22.989813,120.203024
08BEAC0A0678,2023-09-03,06:40:42,30.2,100.0,14.0,23.139376,120.138374
08BEAC0A0226,2023-09-03,06:41:01,29.2,100.0,0.0,23.2174825,120.365091
08BEAC0A019A,2023-09-03,06:41:13,30.8,100.0,33.0,23.3199,120.34515
08BEAC0A0398,2023-09-03,06:41:41,31.0,100.0,38.0,24.1494507,120.6816876
08BEAC0A06FA,2023-09-03,06:41:50,28.8,100.0,0.0,23.04435,120.470196
08BEAC0A0344,2023-09-03,06:41:59,29.7,100.0,1.0,24.960122,121.178153
08BEAC0A084E,2023-09-03,06:42:12,30.6,100.0,0.0,24.9785086,121.3061612
08BEAC0A0480,2023-09-03,06:42:30,31.3,100.0,11.0,23.190069,120.192365
08BEAC0A0830,2023-09-03,06:42:38,30.3,100.0,0.0,22.956295,120.248057
08BEAC0A0340,2023-09-03,06:42:50,30.7,100.0,32.0,22.9193352,120.2170451
08BEAC0A0880,2023-09-03,06:43:00,30.2,100.0,35.0,23.7224119,120.3083761
08BEAC0A05AC,2023-09-03,06:43:09,29.3,100.0,0.0,22.912748,120.261227
08BEAC0A01AA,2023-09-03,06:43:22,30.3,88.0,1.0,24.9751,121.269826
08BEAC0A0774,2023-09-03,06:43:31,29.7,100.0,21.0,22.992411,120.294135
08BEAC0A04EC,2023-09-03,06:43:36,29.5,100.0,1.0,24.936085,121.223586
08BEAC0A085E,2023-09-03,06:43:39,30.6,100.0,28.0,23.1427276,120.2731514
08BEAC0A089E,2023-09-03,06:43:47,28.6,100.0,0.0,23.12107103,120.4585091
08BEAC0A0050,2023-09-03,06:44:11,20.1,100.0,0.0,24.255411,121.259081
08BEAC0A0826,2023-09-03,06:44:19,30.2,100.0,35.0,23.0865158,120.3191882
08BEAC0A07A2,2023-09-03,06:44:27,30.7,100.0,2.0,25.10392038,121.2447143
08BEAC0A0156,2023-09-03,06:44:33,30.8,100.0,0.0,24.0838267,120.752756
08BEAC0A080E,2023-09-03,06:44:58,32.2,100.0,9.0,23.158097,120.170618
08BEAC0A0742,2023-09-03,06:45:04,29.6,100.0,33.0,23.003578,120.240161
08BEAC0A06A6,2023-09-03,06:45:11,30.3,100.0,21.0,22.977305,120.186438
08BEAC0A0040,2023-09-03,06:45:24,29.8,100.0,0.0,22.99133,120.230478
08BEAC0A0218,2023-09-03,06:45:28,30.1,100.0,28.0,23.6869687,120.5865383
08BEAC0A0464,2023-09-03,06:45:49,30.5,100.0,25.0,22.989813,120.203024
08BEAC0A0678,2023-09-03,06:45:57,30.3,100.0,14.0,23.139376,120.138374
08BEAC0A0226,2023-09-03,06:46:17,29.1,100.0,0.0,23.2174825,120.365091
08BEAC0A019A,2023-09-03,06:46:30,30.8,100.0,33.0,23.3199,120.34515
08BEAC0A0398,2023-09-03,06:46:59,31.1,100.0,38.0,24.1494507,120.6816876
08BEAC0A06FA,2023-09-03,06:47:07,28.8,100.0,0.0,23.04435,120.470196
08BEAC0A0344,2023-09-03,06:47:17,29.7,100.0,1.0,24.960122,121.178153
08BEAC0A084E,2023-09-03,06:47:27,30.6,100.0,0.0,24.9785086,121.3061612
08BEAC0A0480,2023-09-03,06:47:47,31.3,100.0,11.0,23.190069,120.192365
08BEAC0A0830,2023-09-03,06:48:02,30.5,100.0,0.0,22.956295,120.248057
08BEAC0A0880,2023-09-03,06:48:16,30.3,100.0,34.0,23.7224119,120.3083761
08BEAC0A05AC,2023-09-03,06:48:26,29.6,100.0,0.0,22.912748,120.261227
08BEAC0A01AA,2023-09-03,06:48:38,30.3,88.0,2.0,24.9751,121.269826
08BEAC0A0774,2023-09-03,06:48:48,29.7,100.0,22.0,22.992411,120.294135
08BEAC0A04EC,2023-09-03,06:48:51,29.6,100.0,1.0,24.936085,121.223586
08BEAC0A085E,2023-09-03,06:48:55,30.7,100.0,29.0,23.1427276,120.2731514
08BEAC0A089E,2023-09-03,06:49:06,28.7,100.0,0.0,23.12107103,120.4585091
08BEAC0A0050,2023-09-03,06:49:28,20.3,100.0,0.0,24.255411,121.259081
08BEAC0A0826,2023-09-03,06:49:37,30.3,100.0,36.0,23.0865158,120.3191882
08BEAC0A07A2,2023-09-03,06:49:45,30.8,100.0,2.0,25.10392038,121.2447143
08BEAC0A0156,2023-09-03,06:49:49,30.8,100.0,0.0,24.0838267,120.752756
08BEAC0A080E,2023-09-03,06:50:14,32.2,100.0,9.0,23.158097,120.170618
08BEAC0A0742,2023-09-03,06:50:23,29.6,100.0,31.0,23.003578,120.240161
08BEAC0A06A6,2023-09-03,06:50:27,30.1,100.0,21.0,22.977305,120.186438
08BEAC0A0040,2023-09-03,06:50:40,29.7,100.0,0.0,22.99133,120.230478
08BEAC0A0218,2023-09-03,06:50:47,30.0,100.0,27.0,23.6869687,120.5865383
08BEAC0A0464,2023-09-03,06:51:12,30.5,100.0,19.0,22.989813,120.203024
08BEAC0A0678,2023-09-03,06:51:14,30.7,100.0,16.0,23.139376,120.138374
08BEAC0A0226,2023-09-03,06:51:33,29.1,100.0,0.0,23.2174825,120.365091
08BEAC0A019A,2023-09-03,06:51:47,30.8,100.0,33.0,23.3199,120.34515
08BEAC0A0398,2023-09-03,06:52:19,30.7,100.0,39.0,24.1494507,120.6816876
08BEAC0A06FA,2023-09-03,06:52:24,28.7,100.0,0.0,23.04435,120.470196
08BEAC0A0344,2023-09-03,06:52:33,29.8,100.0,1.0,24.960122,121.178153
08BEAC0A084E,2023-09-03,06:52:43,30.6,100.0,0.0,24.9785086,121.3061612
08BEAC0A0480,2023-09-03,06:53:06,31.3,100.0,11.0,23.190069,120.192365
08BEAC0A0830,2023-09-03,06:53:18,30.3,100.0,0.0,22.956295,120.248057
08BEAC0A0340,2023-09-03,06:53:19,30.7,100.0,32.0,22.9193352,120.2170451
08BEAC0A0880,2023-09-03,06:53:32,30.3,100.0,35.0,23.7224119,120.3083761
08BEAC0A05AC,2023-09-03,06:53:44,29.7,100.0,0.0,22.912748,120.261227
08BEAC0A01AA,2023-09-03,06:53:54,30.5,88.0,2.0,24.9751,121.269826
08BEAC0A0774,2023-09-03,06:54:05,29.7,100.0,21.0,22.992411,120.294135
08BEAC0A04EC,2023-09-03,06:54:07,29.6,100.0,1.0,24.936085,121.223586
08BEAC0A085E,2023-09-03,06:54:16,30.7,100.0,29.0,23.1427276,120.2731514
08BEAC0A089E,2023-09-03,06:54:25,28.7,100.0,0.0,23.12107103,120.4585091
08BEAC0A0050,2023-09-03,06:54:46,20.3,100.0,0.0,24.255411,121.259081
08BEAC0A0826,2023-09-03,06:54:57,30.3,100.0,33.0,23.0865158,120.3191882
08BEAC0A07A2,2023-09-03,06:55:02,30.7,100.0,2.0,25.10392038,121.2447143
08BEAC0A0156,2023-09-03,06:55:07,30.7,100.0,0.0,24.0838267,120.752756
08BEAC0A080E,2023-09-03,06:55:30,32.3,100.0,9.0,23.158097,120.170618
08BEAC0A0742,2023-09-03,06:55:39,29.7,100.0,30.0,23.003578,120.240161
08BEAC0A06A6,2023-09-03,06:55:43,30.3,100.0,19.0,22.977305,120.186438
08BEAC0A0040,2023-09-03,06:55:58,29.8,100.0,0.0,22.99133,120.230478
08BEAC0A0218,2023-09-03,06:56:03,30.1,100.0,29.0,23.6869687,120.5865383
08BEAC0A0678,2023-09-03,06:56:29,30.8,100.0,18.0,23.139376,120.138374
08BEAC0A0464,2023-09-03,06:56:35,30.5,100.0,18.0,22.989813,120.203024
08BEAC0A0226,2023-09-03,06:56:49,29.2,100.0,0.0,23.2174825,120.365091
08BEAC0A019A,2023-09-03,06:57:04,30.8,100.0,33.0,23.3199,120.34515
08BEAC0A0398,2023-09-03,06:57:36,30.2,100.0,40.0,24.1494507,120.6816876
08BEAC0A06FA,2023-09-03,06:57:41,28.8,100.0,0.0,23.04435,120.470196
08BEAC0A0344,2023-09-03,06:57:50,29.7,100.0,1.0,24.960122,121.178153
08BEAC0A084E,2023-09-03,06:58:00,30.6,100.0,1.0,24.9785086,121.3061612
08BEAC0A0480,2023-09-03,06:58:22,31.3,100.0,10.0,23.190069,120.192365
08BEAC0A0340,2023-09-03,06:58:34,30.8,100.0,32.0,22.9193352,120.2170451
08BEAC0A0830,2023-09-03,06:58:34,30.2,100.0,0.0,22.956295,120.248057
08BEAC0A0880,2023-09-03,06:58:49,30.3,100.0,33.0,23.7224119,120.3083761
08BEAC0A05AC,2023-09-03,06:59:02,29.7,100.0,0.0,22.912748,120.261227
08BEAC0A01AA,2023-09-03,06:59:11,30.6,88.0,2.0,24.9751,121.269826
08BEAC0A0774,2023-09-03,06:59:20,29.7,100.0,21.0,22.992411,120.294135
08BEAC0A04EC,2023-09-03,06:59:24,29.6,100.0,2.0,24.936085,121.223586
08BEAC0A085E,2023-09-03,06:59:34,30.7,100.0,28.0,23.1427276,120.2731514
08BEAC0A089E,2023-09-03,06:59:43,28.7,100.0,0.0,23.12107103,120.4585091
08BEAC0A0050,2023-09-03,07:00:01,20.5,100.0,0.0,24.255411,121.259081
08BEAC0A0826,2023-09-03,07:00:14,30.3,100.0,28.0,23.0865158,120.3191882
08BEAC0A07A2,2023-09-03,07:00:19,30.7,100.0,2.0,25.10392038,121.2447143
08BEAC0A0156,2023-09-03,07:00:23,30.7,100.0,0.0,24.0838267,120.752756
08BEAC0A080E,2023-09-03,07:00:46,32.3,100.0,10.0,23.158097,120.170618
08BEAC0A0742,2023-09-03,07:00:55,29.7,100.0,27.0,23.003578,120.240161
08BEAC0A06A6,2023-09-03,07:01:01,30.2,100.0,20.0,22.977305,120.186438
08BEAC0A0040,2023-09-03,07:01:15,30.1,100.0,0.0,22.99133,120.230478
08BEAC0A0218,2023-09-03,07:01:19,30.1,100.0,27.0,23.6869687,120.5865383
08BEAC0A0678,2023-09-03,07:01:44,31.0,100.0,19.0,23.139376,120.138374
08BEAC0A0464,2023-09-03,07:01:52,30.5,100.0,17.0,22.989813,120.203024
08BEAC0A0226,2023-09-03,07:02:06,29.3,100.0,0.0,23.2174825,120.365091
08BEAC0A019A,2023-09-03,07:02:21,30.8,100.0,34.0,23.3199,120.34515
08BEAC0A0398,2023-09-03,07:02:52,30.2,100.0,38.0,24.1494507,120.6816876
08BEAC0A06FA,2023-09-03,07:02:56,28.8,100.0,0.0,23.04435,120.470196
08BEAC0A0344,2023-09-03,07:03:05,29.7,100.0,1.0,24.960122,121.178153
08BEAC0A084E,2023-09-03,07:03:18,30.6,100.0,0.0,24.9785086,121.3061612
08BEAC0A0480,2023-09-03,07:03:38,31.3,100.0,12.0,23.190069,120.192365
08BEAC0A0830,2023-09-03,07:03:49,30.2,100.0,0.0,22.956295,120.248057
08BEAC0A0340,2023-09-03,07:03:53,30.7,100.0,37.0,22.9193352,120.2170451
08BEAC0A0880,2023-09-03,07:04:06,30.3,100.0,34.0,23.7224119,120.3083761
08BEAC0A05AC,2023-09-03,07:04:19,29.5,100.0,1.0,22.912748,120.261227
08BEAC0A01AA,2023-09-03,07:04:28,30.7,88.0,2.0,24.9751,121.269826
08BEAC0A0774,2023-09-03,07:04:38,29.6,100.0,21.0,22.992411,120.294135
08BEAC0A04EC,2023-09-03,07:04:41,29.6,100.0,2.0,24.936085,121.223586
08BEAC0A085E,2023-09-03,07:04:50,30.6,100.0,30.0,23.1427276,120.2731514
08BEAC0A089E,2023-09-03,07:05:01,28.7,100.0,0.0,23.12107103,120.4585091
08BEAC0A0050,2023-09-03,07:05:17,21.0,100.0,0.0,24.255411,121.259081
08BEAC0A0826,2023-09-03,07:05:32,30.2,100.0,36.0,23.0865158,120.3191882
08BEAC0A07A2,2023-09-03,07:05:35,30.7,100.0,1.0,25.10392038,121.2447143
08BEAC0A0156,2023-09-03,07:05:39,30.8,100.0,0.0,24.0838267,120.752756
08BEAC0A080E,2023-09-03,07:06:07,32.3,100.0,9.0,23.158097,120.170618
08BEAC0A0742,2023-09-03,07:06:14,29.7,100.0,27.0,23.003578,120.240161
08BEAC0A06A6,2023-09-03,07:06:18,30.1,100.0,23.0,22.977305,120.186438
08BEAC0A0040,2023-09-03,07:06:33,30.0,100.0,0.0,22.99133,120.230478
08BEAC0A0218,2023-09-03,07:06:37,30.1,100.0,29.0,23.6869687,120.5865383
08BEAC0A0678,2023-09-03,07:07:00,31.0,100.0,20.0,23.139376,120.138374
08BEAC0A0464,2023-09-03,07:07:09,30.3,100.0,19.0,22.989813,120.203024
08BEAC0A0226,2023-09-03,07:07:21,29.2,100.0,0.0,23.2174825,120.365091
08BEAC0A0398,2023-09-03,07:08:08,30.3,100.0,38.0,24.1494507,120.6816876
08BEAC0A06FA,2023-09-03,07:08:13,28.8,100.0,0.0,23.04435,120.470196
08BEAC0A0344,2023-09-03,07:08:22,29.8,100.0,2.0,24.960122,121.178153
08BEAC0A084E,2023-09-03,07:08:36,30.6,100.0,1.0,24.9785086,121.3061612
08BEAC0A0480,2023-09-03,07:08:56,31.3,100.0,12.0,23.190069,120.192365
08BEAC0A0830,2023-09-03,07:09:08,30.0,100.0,0.0,22.956295,120.248057
08BEAC0A0340,2023-09-03,07:09:10,30.7,100.0,69.0,22.9193352,120.2170451
08BEAC0A0880,2023-09-03,07:09:22,30.2,100.0,35.0,23.7224119,120.3083761
08BEAC0A05AC,2023-09-03,07:09:35,29.5,100.0,0.0,22.912748,120.261227
08BEAC0A01AA,2023-09-03,07:09:45,30.6,88.0,3.0,24.9751,121.269826
08BEAC0A0774,2023-09-03,07:09:55,29.7,100.0,20.0,22.992411,120.294135
08BEAC0A04EC,2023-09-03,07:09:58,29.7,100.0,2.0,24.936085,121.223586
08BEAC0A085E,2023-09-03,07:10:07,30.7,100.0,29.0,23.1427276,120.2731514
08BEAC0A089E,2023-09-03,07:10:17,28.7,100.0,0.0,23.12107103,120.4585091
08BEAC0A0050,2023-09-03,07:10:34,20.7,100.0,0.0,24.255411,121.259081
08BEAC0A0826,2023-09-03,07:10:49,30.2,100.0,35.0,23.0865158,120.3191882
08BEAC0A07A2,2023-09-03,07:10:52,30.7,100.0,2.0,25.10392038,121.2447143
08BEAC0A0156,2023-09-03,07:10:56,30.8,100.0,0.0,24.0838267,120.752756
08BEAC0A080E,2023-09-03,07:11:28,32.3,100.0,9.0,23.158097,120.170618
08BEAC0A0742,2023-09-03,07:11:32,30.0,100.0,24.0,23.003578,120.240161
08BEAC0A06A6,2023-09-03,07:11:36,30.1,100.0,24.0,22.977305,120.186438
08BEAC0A0218,2023-09-03,07:11:52,30.1,100.0,27.0,23.6869687,120.5865383
08BEAC0A0040,2023-09-03,07:12:05,30.0,100.0,0.0,22.99133,120.230478
08BEAC0A0678,2023-09-03,07:12:17,30.8,100.0,22.0,23.139376,120.138374
08BEAC0A0464,2023-09-03,07:12:29,30.3,100.0,19.0,22.989813,120.203024
08BEAC0A0226,2023-09-03,07:12:38,29.2,100.0,0.0,23.2174825,120.365091
08BEAC0A019A,2023-09-03,07:12:49,30.8,100.0,31.0,23.3199,120.34515
08BEAC0A0398,2023-09-03,07:13:24,30.3,100.0,38.0,24.1494507,120.6816876
08BEAC0A06FA,2023-09-03,07:13:30,28.8,100.0,0.0,23.04435,120.470196
08BEAC0A0344,2023-09-03,07:13:38,29.8,100.0,2.0,24.960122,121.178153
08BEAC0A084E,2023-09-03,07:13:51,30.6,100.0,0.0,24.9785086,121.3061612
08BEAC0A0480,2023-09-03,07:14:13,31.3,100.0,11.0,23.190069,120.192365
08BEAC0A0830,2023-09-03,07:14:26,30.0,100.0,0.0,22.956295,120.248057
08BEAC0A0340,2023-09-03,07:14:27,30.6,100.0,52.0,22.9193352,120.2170451
08BEAC0A0880,2023-09-03,07:14:41,30.2,100.0,37.0,23.7224119,120.3083761
08BEAC0A05AC,2023-09-03,07:14:53,29.2,100.0,0.0,22.912748,120.261227
08BEAC0A01AA,2023-09-03,07:15:01,30.8,88.0,2.0,24.9751,121.269826
08BEAC0A0774,2023-09-03,07:15:11,29.6,100.0,17.0,22.992411,120.294135
08BEAC0A04EC,2023-09-03,07:15:17,29.6,100.0,2.0,24.936085,121.223586
08BEAC0A085E,2023-09-03,07:15:23,30.7,100.0,30.0,23.1427276,120.2731514
08BEAC0A089E,2023-09-03,07:15:33,28.6,100.0,0.0,23.12107103,120.4585091
08BEAC0A0050,2023-09-03,07:15:51,20.8,100.0,0.0,24.255411,121.259081
08BEAC0A0826,2023-09-03,07:16:05,30.2,100.0,35.0,23.0865158,120.3191882
08BEAC0A07A2,2023-09-03,07:16:07,30.7,100.0,1.0,25.10392038,121.2447143
08BEAC0A0156,2023-09-03,07:16:12,30.8,100.0,0.0,24.0838267,120.752756
08BEAC0A080E,2023-09-03,07:16:47,32.2,100.0,9.0,23.158097,120.170618
08BEAC0A0742,2023-09-03,07:16:49,30.0,100.0,25.0,23.003578,120.240161
08BEAC0A06A6,2023-09-03,07:16:55,30.0,100.0,25.0,22.977305,120.186438
08BEAC0A0218,2023-09-03,07:17:08,30.0,100.0,22.0,23.6869687,120.5865383
08BEAC0A0040,2023-09-03,07:17:23,30.0,100.0,0.0,22.99133,120.230478
08BEAC0A0678,2023-09-03,07:17:33,30.7,100.0,22.0,23.139376,120.138374
08BEAC0A0464,2023-09-03,07:17:50,30.5,100.0,21.0,22.989813,120.203024
08BEAC0A0226,2023-09-03,07:17:55,29.2,100.0,0.0,23.2174825,120.365091
08BEAC0A019A,2023-09-03,07:18:07,30.8,100.0,32.0,23.3199,120.34515
08BEAC0A0398,2023-09-03,07:18:41,30.2,100.0,39.0,24.1494507,120.6816876
08BEAC0A06FA,2023-09-03,07:18:48,28.8,100.0,0.0,23.04435,120.470196
08BEAC0A0344,2023-09-03,07:18:56,29.8,100.0,2.0,24.960122,121.178153
08BEAC0A084E,2023-09-03,07:19:08,30.6,100.0,0.0,24.9785086,121.3061612
08BEAC0A0480,2023-09-03,07:19:29,31.3,100.0,11.0,23.190069,120.192365
08BEAC0A0830,2023-09-03,07:19:41,29.8,100.0,0.0,22.956295,120.248057
08BEAC0A0340,2023-09-03,07:19:44,30.5,100.0,39.0,22.9193352,120.2170451
08BEAC0A0880,2023-09-03,07:19:59,30.1,100.0,36.0,23.7224119,120.3083761
08BEAC0A05AC,2023-09-03,07:20:12,29.2,100.0,0.0,22.912748,120.261227
08BEAC0A01AA,2023-09-03,07:20:15,30.7,88.0,4.0,24.9751,121.269826
08BEAC0A0774,2023-09-03,07:20:31,29.7,100.0,16.0,22.992411,120.294135
08BEAC0A04EC,2023-09-03,07:20:35,29.6,100.0,2.0,24.936085,121.223586
08BEAC0A085E,2023-09-03,07:20:39,30.7,100.0,31.0,23.1427276,120.2731514
08BEAC0A089E,2023-09-03,07:20:50,28.7,100.0,0.0,23.12107103,120.4585091
08BEAC0A0050,2023-09-03,07:21:08,21.2,100.0,0.0,24.255411,121.259081
08BEAC0A0826,2023-09-03,07:21:22,30.2,100.0,36.0,23.0865158,120.3191882
08BEAC0A07A2,2023-09-03,07:21:23,30.8,100.0,2.0,25.10392038,121.2447143
08BEAC0A0156,2023-09-03,07:21:32,30.8,100.0,0.0,24.0838267,120.752756
08BEAC0A080E,2023-09-03,07:22:02,32.2,100.0,9.0,23.158097,120.170618
08BEAC0A0742,2023-09-03,07:22:07,29.8,100.0,25.0,23.003578,120.240161
08BEAC0A06A6,2023-09-03,07:22:10,30.0,100.0,23.0,22.977305,120.186438
08BEAC0A0218,2023-09-03,07:22:24,30.0,100.0,24.0,23.6869687,120.5865383
08BEAC0A0040,2023-09-03,07:22:40,30.1,100.0,0.0,22.99133,120.230478
08BEAC0A0678,2023-09-03,07:22:49,30.6,100.0,22.0,23.139376,120.138374
08BEAC0A0464,2023-09-03,07:23:09,30.5,100.0,21.0,22.989813,120.203024
08BEAC0A0226,2023-09-03,07:23:14,29.1,100.0,0.0,23.2174825,120.365091
08BEAC0A019A,2023-09-03,07:23:24,30.8,100.0,32.0,23.3199,120.34515
08BEAC0A0398,2023-09-03,07:24:02,30.5,100.0,39.0,24.1494507,120.6816876
08BEAC0A06FA,2023-09-03,07:24:05,29.0,100.0,0.0,23.04435,120.470196
08BEAC0A0344,2023-09-03,07:24:14,29.8,100.0,1.0,24.960122,121.178153
08BEAC0A084E,2023-09-03,07:24:24,30.7,100.0,0.0,24.9785086,121.3061612
08BEAC0A0480,2023-09-03,07:24:46,31.3,100.0,11.0,23.190069,120.192365
08BEAC0A0830,2023-09-03,07:24:57,29.7,100.0,0.0,22.956295,120.248057
08BEAC0A0340,2023-09-03,07:25:02,30.3,100.0,33.0,22.9193352,120.2170451
08BEAC0A0880,2023-09-03,07:25:16,30.0,100.0,33.0,23.7224119,120.3083761
08BEAC0A05AC,2023-09-03,07:25:29,29.2,100.0,0.0,22.912748,120.261227
08BEAC0A01AA,2023-09-03,07:25:33,30.7,88.0,2.0,24.9751,121.269826
08BEAC0A0774,2023-09-03,07:25:47,29.6,100.0,14.0,22.992411,120.294135
08BEAC0A04EC,2023-09-03,07:25:52,29.6,100.0,2.0,24.936085,121.223586
08BEAC0A085E,2023-09-03,07:25:57,30.7,100.0,31.0,23.1427276,120.2731514
08BEAC0A089E,2023-09-03,07:26:08,28.7,100.0,0.0,23.12107103,120.4585091
08BEAC0A0050,2023-09-03,07:26:24,21.2,100.0,0.0,24.255411,121.259081
08BEAC0A0826,2023-09-03,07:26:38,30.3,100.0,38.0,23.0865158,120.3191882
08BEAC0A07A2,2023-09-03,07:26:41,30.8,100.0,2.0,25.10392038,121.2447143
08BEAC0A0156,2023-09-03,07:26:51,30.8,100.0,0.0,24.0838267,120.752756
08BEAC0A080E,2023-09-03,07:27:18,32.2,100.0,9.0,23.158097,120.170618
08BEAC0A0742,2023-09-03,07:27:22,29.7,100.0,26.0,23.003578,120.240161
08BEAC0A06A6,2023-09-03,07:27:28,29.8,100.0,22.0,22.977305,120.186438
08BEAC0A0218,2023-09-03,07:27:40,29.8,100.0,24.0,23.6869687,120.5865383
08BEAC0A0040,2023-09-03,07:27:57,29.8,100.0,0.0,22.99133,120.230478
08BEAC0A0678,2023-09-03,07:28:08,30.6,100.0,22.0,23.139376,120.138374
08BEAC0A0464,2023-09-03,07:28:26,30.3,100.0,22.0,22.989813,120.203024
08BEAC0A0226,2023-09-03,07:28:30,29.0,100.0,0.0,23.2174825,120.365091
08BEAC0A019A,2023-09-03,07:28:41,30.8,100.0,32.0,23.3199,120.34515
08BEAC0A0398,2023-09-03,07:29:19,30.3,100.0,39.0,24.1494507,120.6816876
08BEAC0A06FA,2023-09-03,07:29:23,28.8,100.0,0.0,23.04435,120.470196
08BEAC0A0344,2023-09-03,07:29:32,29.8,100.0,1.0,24.960122,121.178153
08BEAC0A084E,2023-09-03,07:29:40,30.6,100.0,0.0,24.9785086,121.3061612
08BEAC0A0480,2023-09-03,07:30:04,31.3,100.0,12.0,23.190069,120.192365
08BEAC0A0830,2023-09-03,07:30:16,29.7,100.0,0.0,22.956295,120.248057
08BEAC0A0340,2023-09-03,07:30:17,30.2,100.0,32.0,22.9193352,120.2170451
08BEAC0A0880,2023-09-03,07:30:34,30.0,100.0,29.0,23.7224119,120.3083761
08BEAC0A05AC,2023-09-03,07:30:47,29.2,100.0,0.0,22.912748,120.261227
08BEAC0A01AA,2023-09-03,07:30:49,30.6,89.0,3.0,24.9751,121.269826
08BEAC0A0774,2023-09-03,07:31:03,29.5,100.0,17.0,22.992411,120.294135
08BEAC0A04EC,2023-09-03,07:31:08,29.7,100.0,2.0,24.936085,121.223586
08BEAC0A085E,2023-09-03,07:31:15,30.7,100.0,32.0,23.1427276,120.2731514
08BEAC0A089E,2023-09-03,07:31:25,28.7,100.0,0.0,23.12107103,120.4585091
08BEAC0A0050,2023-09-03,07:31:40,21.3,100.0,0.0,24.255411,121.259081
08BEAC0A0826,2023-09-03,07:31:55,30.5,100.0,37.0,23.0865158,120.3191882
08BEAC0A07A2,2023-09-03,07:31:58,31.0,100.0,2.0,25.10392038,121.2447143
08BEAC0A0156,2023-09-03,07:32:10,30.8,100.0,1.0,24.0838267,120.752756
08BEAC0A080E,2023-09-03,07:32:35,32.3,100.0,9.0,23.158097,120.170618
08BEAC0A0742,2023-09-03,07:32:39,29.7,100.0,24.0,23.003578,120.240161
08BEAC0A06A6,2023-09-03,07:32:44,30.0,100.0,22.0,22.977305,120.186438
08BEAC0A0218,2023-09-03,07:32:57,29.8,100.0,30.0,23.6869687,120.5865383
08BEAC0A0040,2023-09-03,07:33:14,30.0,100.0,0.0,22.99133,120.230478
08BEAC0A0678,2023-09-03,07:33:25,30.5,100.0,23.0,23.139376,120.138374
08BEAC0A0464,2023-09-03,07:33:44,30.5,100.0,21.0,22.989813,120.203024
08BEAC0A0226,2023-09-03,07:33:48,28.8,100.0,0.0,23.2174825,120.365091
08BEAC0A019A,2023-09-03,07:33:58,30.8,100.0,35.0,23.3199,120.34515
08BEAC0A0398,2023-09-03,07:34:37,30.1,100.0,39.0,24.1494507,120.6816876
08BEAC0A06FA,2023-09-03,07:34:40,28.8,100.0,0.0,23.04435,120.470196
08BEAC0A084E,2023-09-03,07:34:57,30.7,100.0,1.0,24.9785086,121.3061612
08BEAC0A0480,2023-09-03,07:35:20,31.3,100.0,12.0,23.190069,120.192365
08BEAC0A0830,2023-09-03,07:35:31,29.6,100.0,0.0,22.956295,120.248057
08BEAC0A0340,2023-09-03,07:35:36,30.1,100.0,30.0,22.9193352,120.2170451
08BEAC0A0880,2023-09-03,07:35:52,29.8,100.0,24.0,23.7224119,120.3083761
08BEAC0A05AC,2023-09-03,07:36:04,29.2,100.0,0.0,22.912748,120.261227
08BEAC0A01AA,2023-09-03,07:36:05,30.7,89.0,2.0,24.9751,121.269826
08BEAC0A0774,2023-09-03,07:36:20,29.6,100.0,14.0,22.992411,120.294135
08BEAC0A04EC,2023-09-03,07:36:27,29.7,100.0,2.0,24.936085,121.223586
08BEAC0A085E,2023-09-03,07:36:33,30.6,100.0,33.0,23.1427276,120.2731514
08BEAC0A089E,2023-09-03,07:36:43,28.7,100.0,0.0,23.12107103,120.4585091
08BEAC0A0050,2023-09-03,07:36:58,21.3,100.0,0.0,24.255411,121.259081
08BEAC0A0826,2023-09-03,07:37:12,30.1,100.0,35.0,23.0865158,120.3191882
08BEAC0A07A2,2023-09-03,07:37:15,30.7,100.0,2.0,25.10392038,121.2447143
08BEAC0A0156,2023-09-03,07:37:27,30.8,100.0,0.0,24.0838267,120.752756
08BEAC0A080E,2023-09-03,07:37:56,32.3,100.0,9.0,23.158097,120.170618
08BEAC0A0742,2023-09-03,07:37:58,29.6,100.0,23.0,23.003578,120.240161
08BEAC0A06A6,2023-09-03,07:38:02,29.8,100.0,22.0,22.977305,120.186438
08BEAC0A0218,2023-09-03,07:38:13,29.8,100.0,35.0,23.6869687,120.5865383
08BEAC0A0040,2023-09-03,07:38:33,29.7,100.0,0.0,22.99133,120.230478
08BEAC0A0678,2023-09-03,07:38:42,30.3,100.0,20.0,23.139376,120.138374
08BEAC0A0226,2023-09-03,07:39:04,28.7,100.0,0.0,23.2174825,120.365091
08BEAC0A0464,2023-09-03,07:39:05,30.5,100.0,20.0,22.989813,120.203024
08BEAC0A019A,2023-09-03,07:39:15,30.8,100.0,33.0,23.3199,120.34515
08BEAC0A06FA,2023-09-03,07:39:57,28.8,100.0,0.0,23.04435,120.470196
08BEAC0A0344,2023-09-03,07:40:00,29.8,100.0,2.0,24.960122,121.178153
08BEAC0A084E,2023-09-03,07:40:13,30.7,100.0,0.0,24.9785086,121.3061612
08BEAC0A0480,2023-09-03,07:40:37,31.3,100.0,12.0,23.190069,120.192365
08BEAC0A0830,2023-09-03,07:40:48,29.5,100.0,0.0,22.956295,120.248057
08BEAC0A0340,2023-09-03,07:40:52,30.0,100.0,30.0,22.9193352,120.2170451
08BEAC0A0880,2023-09-03,07:41:10,29.7,100.0,15.0,23.7224119,120.3083761
08BEAC0A01AA,2023-09-03,07:41:22,30.7,89.0,3.0,24.9751,121.269826
08BEAC0A05AC,2023-09-03,07:41:24,29.2,100.0,0.0,22.912748,120.261227
08BEAC0A0774,2023-09-03,07:41:37,29.6,100.0,13.0,22.992411,120.294135
08BEAC0A04EC,2023-09-03,07:41:43,29.7,100.0,2.0,24.936085,121.223586
08BEAC0A085E,2023-09-03,07:41:51,30.3,100.0,34.0,23.1427276,120.2731514
08BEAC0A089E,2023-09-03,07:42:01,28.6,100.0,0.0,23.12107103,120.4585091
08BEAC0A0050,2023-09-03,07:42:16,21.3,100.0,0.0,24.255411,121.259081
08BEAC0A0826,2023-09-03,07:42:31,30.0,100.0,33.0,23.0865158,120.3191882
08BEAC0A07A2,2023-09-03,07:42:32,30.8,100.0,2.0,25.10392038,121.2447143
08BEAC0A0156,2023-09-03,07:42:45,31.0,100.0,0.0,24.0838267,120.752756
08BEAC0A06A6,2023-09-03,07:43:17,29.8,100.0,20.0,22.977305,120.186438
08BEAC0A0742,2023-09-03,07:43:18,29.5,100.0,23.0,23.003578,120.240161
08BEAC0A080E,2023-09-03,07:43:21,32.2,100.0,9.0,23.158097,120.170618
08BEAC0A0218,2023-09-03,07:43:31,29.8,100.0,36.0,23.6869687,120.5865383
08BEAC0A0040,2023-09-03,07:43:49,29.8,100.0,0.0,22.99133,120.230478
08BEAC0A0678,2023-09-03,07:44:00,30.2,100.0,18.0,23.139376,120.138374
08BEAC0A0464,2023-09-03,07:44:22,30.3,100.0,18.0,22.989813,120.203024
08BEAC0A0226,2023-09-03,07:44:23,28.7,100.0,0.0,23.2174825,120.365091
08BEAC0A019A,2023-09-03,07:44:31,30.8,100.0,36.0,23.3199,120.34515
08BEAC0A0398,2023-09-03,07:45:09,30.0,100.0,35.0,24.1494507,120.6816876
08BEAC0A06FA,2023-09-03,07:45:15,28.8,100.0,0.0,23.04435,120.470196
08BEAC0A0344,2023-09-03,07:45:17,30.0,100.0,2.0,24.960122,121.178153
08BEAC0A084E,2023-09-03,07:45:30,30.7,100.0,0.0,24.9785086,121.3061612
08BEAC0A0480,2023-09-03,07:45:54,31.3,100.0,12.0,23.190069,120.192365
08BEAC0A0830,2023-09-03,07:46:05,29.6,100.0,0.0,22.956295,120.248057
08BEAC0A0340,2023-09-03,07:46:09,30.0,100.0,28.0,22.9193352,120.2170451
08BEAC0A0880,2023-09-03,07:46:27,29.6,100.0,8.0,23.7224119,120.3083761
08BEAC0A01AA,2023-09-03,07:46:37,30.7,88.0,3.0,24.9751,121.269826
08BEAC0A05AC,2023-09-03,07:46:41,29.2,100.0,1.0,22.912748,120.261227
08BEAC0A0774,2023-09-03,07:46:54,29.6,100.0,13.0,22.992411,120.294135
08BEAC0A04EC,2023-09-03,07:46:58,29.7,100.0,2.0,24.936085,121.223586
08BEAC0A085E,2023-09-03,07:47:09,30.5,100.0,35.0,23.1427276,120.2731514
08BEAC0A089E,2023-09-03,07:47:17,28.5,100.0,0.0,23.12107103,120.4585091
08BEAC0A0050,2023-09-03,07:47:31,21.3,100.0,0.0,24.255411,121.259081
08BEAC0A07A2,2023-09-03,07:47:51,30.7,100.0,2.0,25.10392038,121.2447143
08BEAC0A0826,2023-09-03,07:47:52,29.7,100.0,31.0,23.0865158,120.3191882
08BEAC0A0156,2023-09-03,07:48:04,31.0,100.0,0.0,24.0838267,120.752756
08BEAC0A06A6,2023-09-03,07:48:34,29.8,100.0,19.0,22.977305,120.186438
08BEAC0A0742,2023-09-03,07:48:36,29.5,100.0,24.0,23.003578,120.240161
08BEAC0A080E,2023-09-03,07:48:38,32.2,100.0,9.0,23.158097,120.170618
08BEAC0A0218,2023-09-03,07:48:46,29.7,100.0,34.0,23.6869687,120.5865383
08BEAC0A0040,2023-09-03,07:49:05,29.8,100.0,0.0,22.99133,120.230478
08BEAC0A0678,2023-09-03,07:49:17,30.2,100.0,17.0,23.139376,120.138374
08BEAC0A0226,2023-09-03,07:49:39,28.7,100.0,0.0,23.2174825,120.365091
08BEAC0A0464,2023-09-03,07:49:41,30.2,100.0,16.0,22.989813,120.203024
08BEAC0A019A,2023-09-03,07:49:47,30.8,100.0,35.0,23.3199,120.34515
08BEAC0A0398,2023-09-03,07:50:26,29.7,100.0,36.0,24.1494507,120.6816876
08BEAC0A06FA,2023-09-03,07:50:33,28.8,100.0,0.0,23.04435,120.470196
08BEAC0A0344,2023-09-03,07:50:39,29.8,100.0,2.0,24.960122,121.178153
08BEAC0A084E,2023-09-03,07:50:47,30.7,100.0,1.0,24.9785086,121.3061612
08BEAC0A0480,2023-09-03,07:51:12,31.3,100.0,13.0,23.190069,120.192365
08BEAC0A0830,2023-09-03,07:51:21,29.3,100.0,0.0,22.956295,120.248057
08BEAC0A0340,2023-09-03,07:51:26,29.8,100.0,29.0,22.9193352,120.2170451
08BEAC0A0880,2023-09-03,07:51:47,29.6,100.0,5.0,23.7224119,120.3083761
08BEAC0A01AA,2023-09-03,07:51:54,30.6,88.0,3.0,24.9751,121.269826
08BEAC0A05AC,2023-09-03,07:51:58,29.1,100.0,2.0,22.912748,120.261227
08BEAC0A0774,2023-09-03,07:52:09,29.5,100.0,13.0,22.992411,120.294135
08BEAC0A04EC,2023-09-03,07:52:15,29.6,100.0,2.0,24.936085,121.223586
08BEAC0A085E,2023-09-03,07:52:27,30.2,100.0,35.0,23.1427276,120.2731514
08BEAC0A089E,2023-09-03,07:52:33,28.5,100.0,0.0,23.12107103,120.4585091
08BEAC0A0050,2023-09-03,07:52:52,21.5,100.0,0.0,24.255411,121.259081
08BEAC0A07A2,2023-09-03,07:53:07,30.6,100.0,2.0,25.10392038,121.2447143
08BEAC0A0826,2023-09-03,07:53:09,29.6,100.0,33.0,23.0865158,120.3191882
08BEAC0A0156,2023-09-03,07:53:21,31.0,100.0,0.0,24.0838267,120.752756
08BEAC0A06A6,2023-09-03,07:53:50,29.8,100.0,20.0,22.977305,120.186438
08BEAC0A0742,2023-09-03,07:53:53,29.5,100.0,23.0,23.003578,120.240161
08BEAC0A080E,2023-09-03,07:53:54,32.2,100.0,9.0,23.158097,120.170618
08BEAC0A0218,2023-09-03,07:54:03,29.7,100.0,34.0,23.6869687,120.5865383
08BEAC0A0040,2023-09-03,07:54:22,29.8,100.0,0.0,22.99133,120.230478
08BEAC0A0678,2023-09-03,07:54:33,30.1,100.0,18.0,23.139376,120.138374
08BEAC0A0226,2023-09-03,07:54:57,28.6,100.0,0.0,23.2174825,120.365091
08BEAC0A0464,2023-09-03,07:55:02,30.2,100.0,16.0,22.989813,120.203024
08BEAC0A019A,2023-09-03,07:55:04,30.6,100.0,34.0,23.3199,120.34515
08BEAC0A0398,2023-09-03,07:55:46,29.6,100.0,34.0,24.1494507,120.6816876
08BEAC0A06FA,2023-09-03,07:55:52,28.8,100.0,0.0,23.04435,120.470196
08BEAC0A0344,2023-09-03,07:55:53,29.8,100.0,2.0,24.960122,121.178153
08BEAC0A084E,2023-09-03,07:56:03,30.7,100.0,0.0,24.9785086,121.3061612
08BEAC0A0480,2023-09-03,07:56:31,31.3,100.0,12.0,23.190069,120.192365
08BEAC0A0830,2023-09-03,07:56:42,29.1,100.0,0.0,22.956295,120.248057
08BEAC0A0340,2023-09-03,07:56:46,29.7,100.0,24.0,22.9193352,120.2170451
08BEAC0A0880,2023-09-03,07:57:05,29.5,100.0,3.0,23.7224119,120.3083761
08BEAC0A01AA,2023-09-03,07:57:09,30.7,88.0,2.0,24.9751,121.269826
08BEAC0A05AC,2023-09-03,07:57:20,29.1,100.0,0.0,22.912748,120.261227
08BEAC0A0774,2023-09-03,07:57:25,29.3,100.0,12.0,22.992411,120.294135
08BEAC0A04EC,2023-09-03,07:57:32,29.5,100.0,2.0,24.936085,121.223586
08BEAC0A085E,2023-09-03,07:57:46,30.3,100.0,36.0,23.1427276,120.2731514
08BEAC0A089E,2023-09-03,07:57:49,28.3,100.0,0.0,23.12107103,120.4585091
08BEAC0A0050,2023-09-03,07:58:08,21.2,100.0,0.0,24.255411,121.259081
08BEAC0A07A2,2023-09-03,07:58:25,30.8,100.0,2.0,25.10392038,121.2447143
08BEAC0A0826,2023-09-03,07:58:27,29.5,100.0,37.0,23.0865158,120.3191882
08BEAC0A0156,2023-09-03,07:58:36,30.8,100.0,0.0,24.0838267,120.752756
08BEAC0A06A6,2023-09-03,07:59:06,29.8,100.0,18.0,22.977305,120.186438
08BEAC0A0742,2023-09-03,07:59:09,29.3,100.0,27.0,23.003578,120.240161
08BEAC0A080E,2023-09-03,07:59:11,32.2,100.0,9.0,23.158097,120.170618
08BEAC0A0218,2023-09-03,07:59:19,29.6,100.0,33.0,23.6869687,120.5865383
08BEAC0A0040,2023-09-03,07:59:40,29.7,100.0,0.0,22.99133,120.230478
08BEAC0A0678,2023-09-03,07:59:50,30.1,100.0,16.0,23.139376,120.138374
08BEAC0A0226,2023-09-03,08:00:12,28.5,100.0,0.0,23.2174825,120.365091
08BEAC0A019A,2023-09-03,08:00:19,30.6,100.0,35.0,23.3199,120.34515
08BEAC0A0464,2023-09-03,08:00:23,30.1,100.0,17.0,22.989813,120.203024
08BEAC0A0398,2023-09-03,08:01:02,29.6,100.0,33.0,24.1494507,120.6816876
08BEAC0A0344,2023-09-03,08:01:09,29.8,100.0,2.0,24.960122,121.178153
08BEAC0A06FA,2023-09-03,08:01:10,28.7,100.0,0.0,23.04435,120.470196
08BEAC0A084E,2023-09-03,08:01:23,30.7,100.0,0.0,24.9785086,121.3061612
08BEAC0A0480,2023-09-03,08:01:48,31.2,100.0,12.0,23.190069,120.192365
08BEAC0A0340,2023-09-03,08:02:02,29.7,100.0,24.0,22.9193352,120.2170451
08BEAC0A0830,2023-09-03,08:02:02,29.5,100.0,0.0,22.956295,120.248057
08BEAC0A0880,2023-09-03,08:02:24,29.3,100.0,2.0,23.7224119,120.3083761
08BEAC0A01AA,2023-09-03,08:02:25,30.8,88.0,3.0,24.9751,121.269826
08BEAC0A05AC,2023-09-03,08:02:36,29.1,100.0,0.0,22.912748,120.261227
08BEAC0A0774,2023-09-03,08:02:41,29.5,100.0,14.0,22.992411,120.294135
08BEAC0A04EC,2023-09-03,08:02:48,29.6,100.0,2.0,24.936085,121.223586
08BEAC0A085E,2023-09-03,08:03:02,30.2,100.0,34.0,23.1427276,120.2731514
08BEAC0A089E,2023-09-03,08:03:07,28.3,100.0,0.0,23.12107103,120.4585091
08BEAC0A0050,2023-09-03,08:03:25,20.8,100.0,0.0,24.255411,121.259081
08BEAC0A07A2,2023-09-03,08:03:42,30.6,100.0,3.0,25.10392038,121.2447143
08BEAC0A0826,2023-09-03,08:03:45,29.3,100.0,36.0,23.0865158,120.3191882
08BEAC0A0156,2023-09-03,08:03:53,30.7,100.0,0.0,24.0838267,120.752756
08BEAC0A06A6,2023-09-03,08:04:24,29.7,100.0,18.0,22.977305,120.186438
08BEAC0A0742,2023-09-03,08:04:26,29.3,100.0,26.0,23.003578,120.240161
08BEAC0A080E,2023-09-03,08:04:27,32.2,100.0,9.0,23.158097,120.170618
08BEAC0A0218,2023-09-03,08:04:37,29.6,100.0,32.0,23.6869687,120.5865383
08BEAC0A0040,2023-09-03,08:05:00,29.7,100.0,0.0,22.99133,120.230478
08BEAC0A0678,2023-09-03,08:05:07,30.1,100.0,16.0,23.139376,120.138374
08BEAC0A0226,2023-09-03,08:05:29,28.3,100.0,0.0,23.2174825,120.365091
08BEAC0A019A,2023-09-03,08:05:35,30.6,100.0,35.0,23.3199,120.34515
08BEAC0A0464,2023-09-03,08:05:41,30.2,100.0,18.0,22.989813,120.203024
08BEAC0A0398,2023-09-03,08:06:19,29.6,100.0,32.0,24.1494507,120.6816876
08BEAC0A06FA,2023-09-03,08:06:25,28.6,100.0,0.0,23.04435,120.470196
08BEAC0A0344,2023-09-03,08:06:26,29.8,100.0,2.0,24.960122,121.178153
08BEAC0A084E,2023-09-03,08:06:39,30.7,100.0,0.0,24.9785086,121.3061612
08BEAC0A0480,2023-09-03,08:07:04,31.2,100.0,13.0,23.190069,120.192365
08BEAC0A0340,2023-09-03,08:07:18,29.7,100.0,26.0,22.9193352,120.2170451
08BEAC0A0830,2023-09-03,08:07:19,29.6,100.0,0.0,22.956295,120.248057
08BEAC0A0880,2023-09-03,08:07:40,29.3,100.0,1.0,23.7224119,120.3083761
08BEAC0A01AA,2023-09-03,08:07:42,31.0,88.0,4.0,24.9751,121.269826
08BEAC0A05AC,2023-09-03,08:07:54,29.1,100.0,0.0,22.912748,120.261227
08BEAC0A0774,2023-09-03,08:07:57,29.3,100.0,15.0,22.992411,120.294135
08BEAC0A04EC,2023-09-03,08:08:06,29.7,100.0,1.0,24.936085,121.223586
08BEAC0A085E,2023-09-03,08:08:19,30.2,100.0,31.0,23.1427276,120.2731514
08BEAC0A089E,2023-09-03,08:08:26,28.3,100.0,0.0,23.12107103,120.4585091
08BEAC0A0050,2023-09-03,08:08:42,20.6,100.0,0.0,24.255411,121.259081
08BEAC0A07A2,2023-09-03,08:09:00,30.8,100.0,2.0,25.10392038,121.2447143
08BEAC0A0826,2023-09-03,08:09:03,29.3,100.0,35.0,23.0865158,120.3191882
08BEAC0A0156,2023-09-03,08:09:08,30.6,100.0,0.0,24.0838267,120.752756
08BEAC0A06A6,2023-09-03,08:09:42,29.7,100.0,17.0,22.977305,120.186438
08BEAC0A0742,2023-09-03,08:09:44,29.3,100.0,26.0,23.003578,120.240161
08BEAC0A080E,2023-09-03,08:09:45,32.2,100.0,9.0,23.158097,120.170618
08BEAC0A0218,2023-09-03,08:09:51,29.7,100.0,34.0,23.6869687,120.5865383
08BEAC0A0040,2023-09-03,08:10:18,29.8,100.0,0.0,22.99133,120.230478
08BEAC0A0678,2023-09-03,08:10:25,30.3,100.0,16.0,23.139376,120.138374
08BEAC0A0226,2023-09-03,08:10:48,28.3,100.0,0.0,23.2174825,120.365091
08BEAC0A019A,2023-09-03,08:10:50,30.6,100.0,37.0,23.3199,120.34515
08BEAC0A0464,2023-09-03,08:11:03,30.1,100.0,18.0,22.989813,120.203024
08BEAC0A0398,2023-09-03,08:11:41,29.6,100.0,31.0,24.1494507,120.6816876
08BEAC0A06FA,2023-09-03,08:11:41,28.7,100.0,0.0,23.04435,120.470196
08BEAC0A0344,2023-09-03,08:11:42,29.8,100.0,2.0,24.960122,121.178153
08BEAC0A084E,2023-09-03,08:11:56,30.7,100.0,0.0,24.9785086,121.3061612
08BEAC0A0480,2023-09-03,08:12:21,31.2,100.0,13.0,23.190069,120.192365
08BEAC0A0340,2023-09-03,08:12:35,29.7,100.0,21.0,22.9193352,120.2170451
08BEAC0A0830,2023-09-03,08:12:35,29.7,100.0,0.0,22.956295,120.248057
08BEAC0A0880,2023-09-03,08:12:56,29.2,100.0,2.0,23.7224119,120.3083761
08BEAC0A01AA,2023-09-03,08:12:59,30.8,89.0,3.0,24.9751,121.269826
08BEAC0A05AC,2023-09-03,08:13:11,29.2,100.0,1.0,22.912748,120.261227
08BEAC0A0774,2023-09-03,08:13:14,29.3,100.0,14.0,22.992411,120.294135
08BEAC0A04EC,2023-09-03,08:13:22,29.7,100.0,2.0,24.936085,121.223586
08BEAC0A085E,2023-09-03,08:13:38,30.1,100.0,30.0,23.1427276,120.2731514
08BEAC0A089E,2023-09-03,08:13:43,28.2,100.0,0.0,23.12107103,120.4585091
08BEAC0A0050,2023-09-03,08:14:00,20.0,100.0,0.0,24.255411,121.259081
08BEAC0A07A2,2023-09-03,08:14:16,30.8,100.0,2.0,25.10392038,121.2447143
08BEAC0A0826,2023-09-03,08:14:19,29.3,100.0,37.0,23.0865158,120.3191882
08BEAC0A0156,2023-09-03,08:14:24,30.7,100.0,0.0,24.0838267,120.752756
08BEAC0A06A6,2023-09-03,08:14:58,29.8,100.0,19.0,22.977305,120.186438
08BEAC0A0742,2023-09-03,08:15:01,29.2,100.0,25.0,23.003578,120.240161
08BEAC0A080E,2023-09-03,08:15:02,32.2,100.0,9.0,23.158097,120.170618
08BEAC0A0218,2023-09-03,08:15:09,29.6,100.0,33.0,23.6869687,120.5865383
08BEAC0A0040,2023-09-03,08:15:38,29.7,100.0,0.0,22.99133,120.230478
08BEAC0A0678,2023-09-03,08:15:42,30.2,100.0,16.0,23.139376,120.138374
08BEAC0A0226,2023-09-03,08:16:06,28.1,100.0,0.0,23.2174825,120.365091
08BEAC0A019A,2023-09-03,08:16:07,30.6,100.0,38.0,23.3199,120.34515
08BEAC0A0464,2023-09-03,08:16:19,30.1,100.0,16.0,22.989813,120.203024
08BEAC0A0398,2023-09-03,08:16:57,29.8,100.0,29.0,24.1494507,120.6816876
08BEAC0A06FA,2023-09-03,08:16:57,28.6,100.0,2.0,23.04435,120.470196
08BEAC0A0344,2023-09-03,08:17:00,29.8,100.0,2.0,24.960122,121.178153
08BEAC0A084E,2023-09-03,08:17:12,30.7,100.0,1.0,24.9785086,121.3061612
08BEAC0A0480,2023-09-03,08:17:38,31.3,100.0,13.0,23.190069,120.192365
08BEAC0A0340,2023-09-03,08:17:52,29.7,100.0,22.0,22.9193352,120.2170451
08BEAC0A0830,2023-09-03,08:17:53,29.7,100.0,0.0,22.956295,120.248057
08BEAC0A0880,2023-09-03,08:18:13,29.2,100.0,1.0,23.7224119,120.3083761
08BEAC0A01AA,2023-09-03,08:18:18,30.8,89.0,3.0,24.9751,121.269826
08BEAC0A05AC,2023-09-03,08:18:27,29.2,100.0,0.0,22.912748,120.261227
08BEAC0A0774,2023-09-03,08:18:32,29.2,100.0,14.0,22.992411,120.294135
08BEAC0A04EC,2023-09-03,08:18:37,29.7,100.0,2.0,24.936085,121.223586
08BEAC0A085E,2023-09-03,08:18:56,30.0,100.0,36.0,23.1427276,120.2731514
08BEAC0A089E,2023-09-03,08:18:59,28.2,100.0,0.0,23.12107103,120.4585091
08BEAC0A0050,2023-09-03,08:19:17,20.2,100.0,0.0,24.255411,121.259081
08BEAC0A07A2,2023-09-03,08:19:33,30.8,100.0,2.0,25.10392038,121.2447143
08BEAC0A0826,2023-09-03,08:19:35,29.2,100.0,36.0,23.0865158,120.3191882
08BEAC0A0156,2023-09-03,08:19:42,30.7,100.0,0.0,24.0838267,120.752756
08BEAC0A06A6,2023-09-03,08:20:15,29.7,100.0,21.0,22.977305,120.186438
08BEAC0A0742,2023-09-03,08:20:18,29.2,100.0,20.0,23.003578,120.240161
08BEAC0A080E,2023-09-03,08:20:18,32.2,100.0,9.0,23.158097,120.170618
08BEAC0A0218,2023-09-03,08:20:23,29.6,100.0,34.0,23.6869687,120.5865383
08BEAC0A0678,2023-09-03,08:20:58,29.8,100.0,16.0,23.139376,120.138374
08BEAC0A0040,2023-09-03,08:21:00,29.7,100.0,0.0,22.99133,120.230478
08BEAC0A0226,2023-09-03,08:21:23,28.2,100.0,0.0,23.2174825,120.365091
08BEAC0A019A,2023-09-03,08:21:24,30.5,100.0,41.0,23.3199,120.34515
08BEAC0A0464,2023-09-03,08:21:35,30.1,100.0,18.0,22.989813,120.203024
08BEAC0A0398,2023-09-03,08:22:12,29.7,100.0,25.0,24.1494507,120.6816876
08BEAC0A0344,2023-09-03,08:22:15,29.8,100.0,2.0,24.960122,121.178153
08BEAC0A06FA,2023-09-03,08:22:15,28.6,100.0,0.0,23.04435,120.470196
08BEAC0A084E,2023-09-03,08:22:28,30.7,100.0,0.0,24.9785086,121.3061612
08BEAC0A0480,2023-09-03,08:22:54,31.2,100.0,13.0,23.190069,120.192365
08BEAC0A0340,2023-09-03,08:23:07,29.7,100.0,24.0,22.9193352,120.2170451
08BEAC0A0830,2023-09-03,08:23:08,29.6,100.0,0.0,22.956295,120.248057
08BEAC0A0880,2023-09-03,08:23:28,29.2,100.0,1.0,23.7224119,120.3083761
08BEAC0A01AA,2023-09-03,08:23:34,30.8,88.0,2.0,24.9751,121.269826
08BEAC0A0774,2023-09-03,08:23:50,29.2,100.0,14.0,22.992411,120.294135
08BEAC0A04EC,2023-09-03,08:23:54,29.7,100.0,1.0,24.936085,121.223586
08BEAC0A085E,2023-09-03,08:24:15,30.1,100.0,38.0,23.1427276,120.2731514
08BEAC0A05AC,2023-09-03,08:24:17,29.2,100.0,0.0,22.912748,120.261227
08BEAC0A089E,2023-09-03,08:24:18,28.1,100.0,0.0,23.12107103,120.4585091
08BEAC0A0050,2023-09-03,08:24:34,20.2,100.0,0.0,24.255411,121.259081
08BEAC0A07A2,2023-09-03,08:24:49,31.1,100.0,2.0,25.10392038,121.2447143
08BEAC0A0826,2023-09-03,08:24:54,29.2,100.0,36.0,23.0865158,120.3191882
08BEAC0A0156,2023-09-03,08:24:58,30.6,100.0,0.0,24.0838267,120.752756
08BEAC0A06A6,2023-09-03,08:25:32,29.8,100.0,26.0,22.977305,120.186438
08BEAC0A080E,2023-09-03,08:25:33,32.2,100.0,9.0,23.158097,120.170618
08BEAC0A0742,2023-09-03,08:25:37,29.3,100.0,23.0,23.003578,120.240161
08BEAC0A0218,2023-09-03,08:25:42,29.5,100.0,33.0,23.6869687,120.5865383
08BEAC0A0678,2023-09-03,08:26:14,30.0,100.0,14.0,23.139376,120.138374
08BEAC0A0040,2023-09-03,08:26:21,29.6,100.0,0.0,22.99133,120.230478
08BEAC0A0226,2023-09-03,08:26:38,28.2,100.0,0.0,23.2174825,120.365091
08BEAC0A019A,2023-09-03,08:26:41,30.5,100.0,42.0,23.3199,120.34515
08BEAC0A0464,2023-09-03,08:26:55,30.0,100.0,20.0,22.989813,120.203024
08BEAC0A0398,2023-09-03,08:27:29,29.5,100.0,24.0,24.1494507,120.6816876
08BEAC0A0344,2023-09-03,08:27:31,29.8,100.0,1.0,24.960122,121.178153
08BEAC0A06FA,2023-09-03,08:27:31,28.5,100.0,0.0,23.04435,120.470196
08BEAC0A084E,2023-09-03,08:27:45,30.7,100.0,0.0,24.9785086,121.3061612
08BEAC0A0480,2023-09-03,08:28:11,31.2,100.0,13.0,23.190069,120.192365
08BEAC0A0340,2023-09-03,08:28:24,29.6,100.0,28.0,22.9193352,120.2170451
08BEAC0A0830,2023-09-03,08:28:28,29.5,100.0,0.0,22.956295,120.248057
08BEAC0A0880,2023-09-03,08:28:45,29.1,100.0,1.0,23.7224119,120.3083761
08BEAC0A01AA,2023-09-03,08:28:49,30.8,87.0,2.0,24.9751,121.269826
08BEAC0A0774,2023-09-03,08:29:08,29.1,100.0,14.0,22.992411,120.294135
08BEAC0A04EC,2023-09-03,08:29:12,29.7,100.0,1.0,24.936085,121.223586
08BEAC0A085E,2023-09-03,08:29:32,29.7,100.0,37.0,23.1427276,120.2731514
08BEAC0A05AC,2023-09-03,08:29:34,29.1,100.0,1.0,22.912748,120.261227
08BEAC0A089E,2023-09-03,08:29:36,28.1,100.0,0.0,23.12107103,120.4585091
08BEAC0A0050,2023-09-03,08:29:51,20.1,100.0,0.0,24.255411,121.259081
08BEAC0A07A2,2023-09-03,08:30:10,31.0,100.0,1.0,25.10392038,121.2447143
08BEAC0A0826,2023-09-03,08:30:10,29.1,100.0,37.0,23.0865158,120.3191882
08BEAC0A0156,2023-09-03,08:30:15,30.6,100.0,0.0,24.0838267,120.752756
08BEAC0A06A6,2023-09-03,08:30:48,29.7,100.0,26.0,22.977305,120.186438
08BEAC0A080E,2023-09-03,08:30:49,32.2,100.0,9.0,23.158097,120.170618
08BEAC0A0742,2023-09-03,08:30:54,29.3,100.0,28.0,23.003578,120.240161
08BEAC0A0218,2023-09-03,08:30:57,29.2,100.0,33.0,23.6869687,120.5865383
08BEAC0A0678,2023-09-03,08:31:29,30.0,100.0,9.0,23.139376,120.138374
08BEAC0A0040,2023-09-03,08:31:38,29.7,100.0,0.0,22.99133,120.230478
08BEAC0A0226,2023-09-03,08:31:55,28.2,100.0,0.0,23.2174825,120.365091
08BEAC0A019A,2023-09-03,08:31:59,30.3,100.0,41.0,23.3199,120.34515
08BEAC0A0464,2023-09-03,08:32:13,30.0,100.0,24.0,22.989813,120.203024
08BEAC0A0398,2023-09-03,08:32:46,29.7,100.0,21.0,24.1494507,120.6816876
08BEAC0A0344,2023-09-03,08:32:47,30.0,100.0,1.0,24.960122,121.178153
08BEAC0A06FA,2023-09-03,08:32:48,28.5,100.0,0.0,23.04435,120.470196
08BEAC0A084E,2023-09-03,08:33:01,30.7,100.0,1.0,24.9785086,121.3061612
08BEAC0A0480,2023-09-03,08:33:30,31.2,100.0,14.0,23.190069,120.192365
08BEAC0A0340,2023-09-03,08:33:41,29.6,100.0,29.0,22.9193352,120.2170451
08BEAC0A0830,2023-09-03,08:33:45,29.5,100.0,0.0,22.956295,120.248057
08BEAC0A0880,2023-09-03,08:34:01,29.0,100.0,1.0,23.7224119,120.3083761
08BEAC0A01AA,2023-09-03,08:34:07,30.8,85.0,1.0,24.9751,121.269826
08BEAC0A0774,2023-09-03,08:34:24,29.1,100.0,19.0,22.992411,120.294135
08BEAC0A04EC,2023-09-03,08:34:29,29.7,100.0,0.0,24.936085,121.223586
08BEAC0A085E,2023-09-03,08:34:48,29.8,100.0,33.0,23.1427276,120.2731514
08BEAC0A089E,2023-09-03,08:34:51,28.1,100.0,0.0,23.12107103,120.4585091
08BEAC0A05AC,2023-09-03,08:34:52,29.1,100.0,1.0,22.912748,120.261227
08BEAC0A0050,2023-09-03,08:35:08,20.0,100.0,0.0,24.255411,121.259081
08BEAC0A07A2,2023-09-03,08:35:26,30.8,100.0,1.0,25.10392038,121.2447143
08BEAC0A0826,2023-09-03,08:35:29,29.0,100.0,39.0,23.0865158,120.3191882
08BEAC0A0156,2023-09-03,08:35:33,30.6,100.0,0.0,24.0838267,120.752756
08BEAC0A06A6,2023-09-03,08:36:05,29.7,100.0,23.0,22.977305,120.186438
08BEAC0A080E,2023-09-03,08:36:09,32.2,100.0,9.0,23.158097,120.170618
08BEAC0A0742,2023-09-03,08:36:10,29.2,100.0,31.0,23.003578,120.240161
08BEAC0A0218,2023-09-03,08:36:15,29.1,100.0,33.0,23.6869687,120.5865383
08BEAC0A0678,2023-09-03,08:36:46,30.1,100.0,5.0,23.139376,120.138374
08BEAC0A0040,2023-09-03,08:36:54,29.6,100.0,0.0,22.99133,120.230478
08BEAC0A0226,2023-09-03,08:37:13,28.2,100.0,0.0,23.2174825,120.365091
08BEAC0A019A,2023-09-03,08:37:14,30.3,100.0,41.0,23.3199,120.34515
08BEAC0A0464,2023-09-03,08:37:29,30.0,100.0,23.0,22.989813,120.203024
08BEAC0A0344,2023-09-03,08:38:03,30.0,100.0,1.0,24.960122,121.178153
08BEAC0A0398,2023-09-03,08:38:03,29.6,100.0,15.0,24.1494507,120.6816876
08BEAC0A06FA,2023-09-03,08:38:04,28.5,100.0,0.0,23.04435,120.470196
08BEAC0A084E,2023-09-03,08:38:17,30.7,100.0,0.0,24.9785086,121.3061612
08BEAC0A0480,2023-09-03,08:38:46,31.2,100.0,13.0,23.190069,120.192365
08BEAC0A0340,2023-09-03,08:38:59,29.6,100.0,31.0,22.9193352,120.2170451
08BEAC0A0830,2023-09-03,08:39:03,29.3,100.0,0.0,22.956295,120.248057
08BEAC0A0880,2023-09-03,08:39:20,29.0,100.0,1.0,23.7224119,120.3083761
08BEAC0A01AA,2023-09-03,08:39:22,30.8,84.0,0.0,24.9751,121.269826
08BEAC0A0774,2023-09-03,08:39:41,29.1,100.0,22.0,22.992411,120.294135
08BEAC0A04EC,2023-09-03,08:39:47,29.7,100.0,0.0,24.936085,121.223586
08BEAC0A085E,2023-09-03,08:40:05,29.7,100.0,26.0,23.1427276,120.2731514
08BEAC0A089E,2023-09-03,08:40:06,28.1,100.0,0.0,23.12107103,120.4585091
08BEAC0A05AC,2023-09-03,08:40:11,29.1,100.0,2.0,22.912748,120.261227
08BEAC0A0050,2023-09-03,08:40:25,20.5,100.0,0.0,24.255411,121.259081
08BEAC0A07A2,2023-09-03,08:40:42,30.8,100.0,1.0,25.10392038,121.2447143
08BEAC0A0826,2023-09-03,08:40:45,28.8,100.0,39.0,23.0865158,120.3191882
08BEAC0A0156,2023-09-03,08:40:49,30.7,100.0,0.0,24.0838267,120.752756
08BEAC0A080E,2023-09-03,08:41:24,32.2,100.0,8.0,23.158097,120.170618
08BEAC0A0742,2023-09-03,08:41:27,29.1,100.0,26.0,23.003578,120.240161
08BEAC0A0218,2023-09-03,08:41:32,29.1,100.0,35.0,23.6869687,120.5865383
08BEAC0A0678,2023-09-03,08:42:03,29.8,100.0,4.0,23.139376,120.138374
08BEAC0A0040,2023-09-03,08:42:11,29.6,100.0,0.0,22.99133,120.230478
08BEAC0A0226,2023-09-03,08:42:30,28.1,100.0,0.0,23.2174825,120.365091
08BEAC0A019A,2023-09-03,08:42:32,30.5,100.0,41.0,23.3199,120.34515
08BEAC0A0464,2023-09-03,08:42:48,30.0,100.0,21.0,22.989813,120.203024
08BEAC0A0344,2023-09-03,08:43:20,30.0,100.0,1.0,24.960122,121.178153
08BEAC0A0398,2023-09-03,08:43:21,29.7,100.0,12.0,24.1494507,120.6816876
08BEAC0A06FA,2023-09-03,08:43:22,28.5,100.0,0.0,23.04435,120.470196
08BEAC0A084E,2023-09-03,08:43:34,30.7,100.0,0.0,24.9785086,121.3061612
08BEAC0A0480,2023-09-03,08:44:03,31.2,100.0,12.0,23.190069,120.192365
08BEAC0A0340,2023-09-03,08:44:15,29.6,100.0,27.0,22.9193352,120.2170451
08BEAC0A0830,2023-09-03,08:44:21,29.6,100.0,0.0,22.956295,120.248057
08BEAC0A01AA,2023-09-03,08:44:37,30.7,84.0,0.0,24.9751,121.269826
08BEAC0A0880,2023-09-03,08:44:38,28.8,100.0,0.0,23.7224119,120.3083761
08BEAC0A0774,2023-09-03,08:45:00,29.1,100.0,20.0,22.992411,120.294135
08BEAC0A04EC,2023-09-03,08:45:02,29.8,100.0,0.0,24.936085,121.223586
08BEAC0A085E,2023-09-03,08:45:21,29.7,100.0,17.0,23.1427276,120.2731514
08BEAC0A089E,2023-09-03,08:45:22,28.1,100.0,0.0,23.12107103,120.4585091
08BEAC0A05AC,2023-09-03,08:45:25,29.1,100.0,1.0,22.912748,120.261227
08BEAC0A0050,2023-09-03,08:45:43,20.5,100.0,0.0,24.255411,121.259081
08BEAC0A07A2,2023-09-03,08:45:59,30.8,100.0,1.0,25.10392038,121.2447143
08BEAC0A0826,2023-09-03,08:46:00,28.8,100.0,38.0,23.0865158,120.3191882
08BEAC0A0156,2023-09-03,08:46:05,30.6,100.0,0.0,24.0838267,120.752756
08BEAC0A06A6,2023-09-03,08:46:33,29.7,100.0,15.0,22.977305,120.186438
08BEAC0A0742,2023-09-03,08:46:44,29.1,100.0,19.0,23.003578,120.240161
08BEAC0A080E,2023-09-03,08:46:45,32.2,100.0,8.0,23.158097,120.170618
08BEAC0A0218,2023-09-03,08:46:50,29.0,100.0,36.0,23.6869687,120.5865383
08BEAC0A0678,2023-09-03,08:47:20,29.8,100.0,5.0,23.139376,120.138374
08BEAC0A0040,2023-09-03,08:47:29,29.6,100.0,0.0,22.99133,120.230478
08BEAC0A0226,2023-09-03,08:47:47,28.0,100.0,0.0,23.2174825,120.365091
08BEAC0A019A,2023-09-03,08:47:50,30.3,100.0,37.0,23.3199,120.34515
08BEAC0A0464,2023-09-03,08:48:08,30.0,100.0,15.0,22.989813,120.203024
08BEAC0A0344,2023-09-03,08:48:35,30.0,100.0,0.0,24.960122,121.178153
08BEAC0A0398,2023-09-03,08:48:37,29.7,100.0,10.0,24.1494507,120.6816876
08BEAC0A06FA,2023-09-03,08:48:40,28.3,100.0,0.0,23.04435,120.470196
08BEAC0A084E,2023-09-03,08:48:51,30.7,100.0,0.0,24.9785086,121.3061612
08BEAC0A0480,2023-09-03,08:49:21,31.2,100.0,12.0,23.190069,120.192365
08BEAC0A0340,2023-09-03,08:49:31,29.6,100.0,22.0,22.9193352,120.2170451
08BEAC0A0830,2023-09-03,08:49:37,29.5,100.0,0.0,22.956295,120.248057
08BEAC0A01AA,2023-09-03,08:49:52,30.8,83.0,0.0,24.9751,121.269826
08BEAC0A0880,2023-09-03,08:49:54,28.8,100.0,0.0,23.7224119,120.3083761
08BEAC0A0774,2023-09-03,08:50:16,29.1,100.0,18.0,22.992411,120.294135
08BEAC0A04EC,2023-09-03,08:50:19,29.7,100.0,0.0,24.936085,121.223586
08BEAC0A085E,2023-09-03,08:50:37,29.7,100.0,9.0,23.1427276,120.2731514
08BEAC0A089E,2023-09-03,08:50:38,27.8,100.0,0.0,23.12107103,120.4585091
08BEAC0A05AC,2023-09-03,08:50:42,29.1,100.0,1.0,22.912748,120.261227
08BEAC0A0050,2023-09-03,08:50:58,20.6,100.0,0.0,24.255411,121.259081
08BEAC0A07A2,2023-09-03,08:51:18,30.6,100.0,1.0,25.10392038,121.2447143
08BEAC0A0826,2023-09-03,08:51:19,28.8,100.0,34.0,23.0865158,120.3191882
08BEAC0A0156,2023-09-03,08:51:24,30.5,100.0,0.0,24.0838267,120.752756
08BEAC0A06A6,2023-09-03,08:51:50,29.7,100.0,12.0,22.977305,120.186438
08BEAC0A0742,2023-09-03,08:52:01,29.1,100.0,14.0,23.003578,120.240161
08BEAC0A080E,2023-09-03,08:52:02,32.2,100.0,7.0,23.158097,120.170618
08BEAC0A0218,2023-09-03,08:52:07,29.1,100.0,36.0,23.6869687,120.5865383
08BEAC0A0678,2023-09-03,08:52:36,30.0,100.0,4.0,23.139376,120.138374
08BEAC0A0040,2023-09-03,08:52:46,29.5,100.0,0.0,22.99133,120.230478
08BEAC0A019A,2023-09-03,08:53:07,30.2,100.0,32.0,23.3199,120.34515
08BEAC0A0226,2023-09-03,08:53:07,27.8,100.0,0.0,23.2174825,120.365091
08BEAC0A0464,2023-09-03,08:53:25,30.0,100.0,12.0,22.989813,120.203024
08BEAC0A0344,2023-09-03,08:53:52,30.0,100.0,0.0,24.960122,121.178153
08BEAC0A0398,2023-09-03,08:53:54,29.7,100.0,10.0,24.1494507,120.6816876
08BEAC0A06FA,2023-09-03,08:53:58,28.3,100.0,0.0,23.04435,120.470196
08BEAC0A084E,2023-09-03,08:54:09,30.7,100.0,0.0,24.9785086,121.3061612
08BEAC0A0480,2023-09-03,08:54:38,31.2,100.0,11.0,23.190069,120.192365
08BEAC0A0340,2023-09-03,08:54:47,29.6,100.0,20.0,22.9193352,120.2170451
08BEAC0A0830,2023-09-03,08:54:56,29.6,100.0,0.0,22.956295,120.248057
08BEAC0A01AA,2023-09-03,08:55:07,30.8,83.0,0.0,24.9751,121.269826
08BEAC0A0880,2023-09-03,08:55:13,28.8,100.0,1.0,23.7224119,120.3083761
08BEAC0A0774,2023-09-03,08:55:33,29.1,100.0,11.0,22.992411,120.294135
08BEAC0A04EC,2023-09-03,08:55:36,29.6,100.0,0.0,24.936085,121.223586
08BEAC0A085E,2023-09-03,08:55:53,29.5,100.0,5.0,23.1427276,120.2731514
08BEAC0A089E,2023-09-03,08:55:55,28.1,100.0,0.0,23.12107103,120.4585091
08BEAC0A05AC,2023-09-03,08:55:59,29.1,100.0,0.0,22.912748,120.261227
08BEAC0A0050,2023-09-03,08:56:14,20.2,100.0,0.0,24.255411,121.259081
08BEAC0A0826,2023-09-03,08:56:35,29.0,100.0,28.0,23.0865158,120.3191882
08BEAC0A07A2,2023-09-03,08:56:36,30.6,100.0,1.0,25.10392038,121.2447143
08BEAC0A0156,2023-09-03,08:56:40,30.5,100.0,0.0,24.0838267,120.752756
08BEAC0A06A6,2023-09-03,08:57:10,29.7,100.0,8.0,22.977305,120.186438
08BEAC0A0742,2023-09-03,08:57:16,29.1,100.0,7.0,23.003578,120.240161
08BEAC0A080E,2023-09-03,08:57:19,32.2,100.0,7.0,23.158097,120.170618
08BEAC0A0218,2023-09-03,08:57:24,29.1,100.0,32.0,23.6869687,120.5865383
08BEAC0A0678,2023-09-03,08:57:51,29.7,100.0,5.0,23.139376,120.138374
08BEAC0A0040,2023-09-03,08:58:03,29.6,100.0,0.0,22.99133,120.230478
08BEAC0A0226,2023-09-03,08:58:23,27.8,100.0,0.0,23.2174825,120.365091
08BEAC0A019A,2023-09-03,08:58:26,30.1,100.0,29.0,23.3199,120.34515
08BEAC0A0464,2023-09-03,08:58:45,29.8,100.0,7.0,22.989813,120.203024
08BEAC0A0344,2023-09-03,08:59:08,30.0,100.0,0.0,24.960122,121.178153
08BEAC0A0398,2023-09-03,08:59:12,29.7,100.0,9.0,24.1494507,120.6816876
08BEAC0A06FA,2023-09-03,08:59:15,28.3,100.0,0.0,23.04435,120.470196
08BEAC0A084E,2023-09-03,08:59:26,30.7,100.0,0.0,24.9785086,121.3061612
08BEAC0A0480,2023-09-03,08:59:54,31.2,100.0,10.0,23.190069,120.192365
08BEAC0A0340,2023-09-03,09:00:03,29.6,100.0,12.0,22.9193352,120.2170451
08BEAC0A0830,2023-09-03,09:00:13,29.6,100.0,0.0,22.956295,120.248057
08BEAC0A01AA,2023-09-03,09:00:22,30.7,83.0,0.0,24.9751,121.269826
08BEAC0A0880,2023-09-03,09:00:31,28.7,100.0,1.0,23.7224119,120.3083761
08BEAC0A0774,2023-09-03,09:00:51,29.1,100.0,6.0,22.992411,120.294135
08BEAC0A04EC,2023-09-03,09:00:54,29.7,100.0,0.0,24.936085,121.223586
08BEAC0A085E,2023-09-03,09:01:10,29.6,100.0,3.0,23.1427276,120.2731514
08BEAC0A089E,2023-09-03,09:01:13,28.1,100.0,0.0,23.12107103,120.4585091
08BEAC0A05AC,2023-09-03,09:01:17,29.0,100.0,0.0,22.912748,120.261227
08BEAC0A0050,2023-09-03,09:01:30,20.3,100.0,0.0,24.255411,121.259081
08BEAC0A0826,2023-09-03,09:01:51,29.0,100.0,19.0,23.0865158,120.3191882
08BEAC0A07A2,2023-09-03,09:01:53,30.5,100.0,1.0,25.10392038,121.2447143
08BEAC0A0156,2023-09-03,09:01:57,30.3,100.0,0.0,24.0838267,120.752756
08BEAC0A06A6,2023-09-03,09:02:27,29.8,100.0,4.0,22.977305,120.186438
08BEAC0A0742,2023-09-03,09:02:33,29.2,100.0,4.0,23.003578,120.240161
08BEAC0A080E,2023-09-03,09:02:34,32.2,100.0,7.0,23.158097,120.170618
08BEAC0A0218,2023-09-03,09:02:42,29.0,100.0,30.0,23.6869687,120.5865383
08BEAC0A0678,2023-09-03,09:03:07,29.7,100.0,4.0,23.139376,120.138374
08BEAC0A0040,2023-09-03,09:03:22,29.5,100.0,0.0,22.99133,120.230478
08BEAC0A0226,2023-09-03,09:03:39,28.1,100.0,0.0,23.2174825,120.365091
08BEAC0A019A,2023-09-03,09:03:43,30.1,100.0,28.0,23.3199,120.34515
08BEAC0A0464,2023-09-03,09:04:02,30.0,100.0,5.0,22.989813,120.203024
08BEAC0A0344,2023-09-03,09:04:22,30.0,100.0,0.0,24.960122,121.178153
08BEAC0A0398,2023-09-03,09:04:29,29.7,100.0,9.0,24.1494507,120.6816876
08BEAC0A06FA,2023-09-03,09:04:33,28.2,100.0,0.0,23.04435,120.470196
08BEAC0A084E,2023-09-03,09:04:45,30.7,100.0,0.0,24.9785086,121.3061612
08BEAC0A0480,2023-09-03,09:05:11,31.2,100.0,11.0,23.190069,120.192365
08BEAC0A0340,2023-09-03,09:05:18,29.6,100.0,7.0,22.9193352,120.2170451
08BEAC0A0830,2023-09-03,09:05:30,29.7,100.0,0.0,22.956295,120.248057
08BEAC0A01AA,2023-09-03,09:05:38,30.8,82.0,0.0,24.9751,121.269826
08BEAC0A0880,2023-09-03,09:05:48,28.7,100.0,1.0,23.7224119,120.3083761
08BEAC0A0774,2023-09-03,09:06:09,29.1,100.0,4.0,22.992411,120.294135
08BEAC0A04EC,2023-09-03,09:06:10,29.6,100.0,0.0,24.936085,121.223586
08BEAC0A085E,2023-09-03,09:06:26,29.5,100.0,4.0,23.1427276,120.2731514
08BEAC0A089E,2023-09-03,09:06:29,28.0,100.0,0.0,23.12107103,120.4585091
08BEAC0A05AC,2023-09-03,09:06:32,29.1,100.0,0.0,22.912748,120.261227
08BEAC0A0050,2023-09-03,09:06:48,19.8,100.0,0.0,24.255411,121.259081
08BEAC0A0826,2023-09-03,09:07:07,28.8,100.0,15.0,23.0865158,120.3191882
08BEAC0A07A2,2023-09-03,09:07:12,30.3,100.0,0.0,25.10392038,121.2447143
08BEAC0A0156,2023-09-03,09:07:14,30.3,100.0,0.0,24.0838267,120.752756
08BEAC0A06A6,2023-09-03,09:07:45,29.8,100.0,4.0,22.977305,120.186438
08BEAC0A0742,2023-09-03,09:07:49,29.2,100.0,4.0,23.003578,120.240161
08BEAC0A080E,2023-09-03,09:07:50,32.2,100.0,7.0,23.158097,120.170618
08BEAC0A0218,2023-09-03,09:07:59,29.1,100.0,23.0,23.6869687,120.5865383
08BEAC0A0678,2023-09-03,09:08:24,30.1,100.0,4.0,23.139376,120.138374
08BEAC0A0040,2023-09-03,09:08:44,29.5,100.0,0.0,22.99133,120.230478
08BEAC0A0226,2023-09-03,09:08:56,28.0,100.0,0.0,23.2174825,120.365091
08BEAC0A019A,2023-09-03,09:09:01,30.2,100.0,26.0,23.3199,120.34515
08BEAC0A0464,2023-09-03,09:09:21,29.8,100.0,4.0,22.989813,120.203024
08BEAC0A0344,2023-09-03,09:09:37,29.8,100.0,0.0,24.960122,121.178153
08BEAC0A0398,2023-09-03,09:09:44,29.7,100.0,8.0,24.1494507,120.6816876
08BEAC0A06FA,2023-09-03,09:09:51,28.3,100.0,0.0,23.04435,120.470196
08BEAC0A084E,2023-09-03,09:10:01,30.7,100.0,0.0,24.9785086,121.3061612
08BEAC0A0480,2023-09-03,09:10:28,31.2,100.0,9.0,23.190069,120.192365
08BEAC0A0340,2023-09-03,09:10:33,29.6,100.0,5.0,22.9193352,120.2170451
08BEAC0A0830,2023-09-03,09:10:50,29.6,100.0,0.0,22.956295,120.248057
08BEAC0A01AA,2023-09-03,09:10:55,30.7,82.0,1.0,24.9751,121.269826
08BEAC0A0880,2023-09-03,09:11:09,28.8,100.0,1.0,23.7224119,120.3083761
08BEAC0A04EC,2023-09-03,09:11:26,29.7,100.0,0.0,24.936085,121.223586
08BEAC0A0774,2023-09-03,09:11:26,29.1,100.0,2.0,22.992411,120.294135
08BEAC0A085E,2023-09-03,09:11:42,29.5,100.0,3.0,23.1427276,120.2731514
08BEAC0A089E,2023-09-03,09:11:47,27.8,100.0,0.0,23.12107103,120.4585091
08BEAC0A05AC,2023-09-03,09:11:50,29.1,100.0,0.0,22.912748,120.261227
08BEAC0A0050,2023-09-03,09:12:03,19.8,100.0,0.0,24.255411,121.259081
08BEAC0A0826,2023-09-03,09:12:24,28.8,100.0,17.0,23.0865158,120.3191882
08BEAC0A07A2,2023-09-03,09:12:27,30.3,100.0,1.0,25.10392038,121.2447143
08BEAC0A0156,2023-09-03,09:12:31,30.3,100.0,0.0,24.0838267,120.752756
08BEAC0A06A6,2023-09-03,09:13:04,29.8,100.0,4.0,22.977305,120.186438
08BEAC0A080E,2023-09-03,09:13:07,32.2,100.0,6.0,23.158097,120.170618
08BEAC0A0742,2023-09-03,09:13:08,29.2,100.0,5.0,23.003578,120.240161
08BEAC0A0218,2023-09-03,09:13:14,29.2,100.0,18.0,23.6869687,120.5865383
08BEAC0A0678,2023-09-03,09:13:39,30.0,100.0,3.0,23.139376,120.138374
08BEAC0A0040,2023-09-03,09:14:00,29.5,100.0,0.0,22.99133,120.230478
08BEAC0A0226,2023-09-03,09:14:13,27.8,100.0,0.0,23.2174825,120.365091
08BEAC0A019A,2023-09-03,09:14:16,30.1,100.0,22.0,23.3199,120.34515
08BEAC0A0464,2023-09-03,09:14:42,30.0,100.0,3.0,22.989813,120.203024
08BEAC0A0344,2023-09-03,09:14:53,29.8,100.0,0.0,24.960122,121.178153
08BEAC0A0398,2023-09-03,09:15:04,29.8,100.0,8.0,24.1494507,120.6816876
08BEAC0A06FA,2023-09-03,09:15:09,28.2,100.0,0.0,23.04435,120.470196
08BEAC0A084E,2023-09-03,09:15:20,30.7,100.0,0.0,24.9785086,121.3061612
08BEAC0A0480,2023-09-03,09:15:44,31.2,100.0,8.0,23.190069,120.192365
08BEAC0A0340,2023-09-03,09:15:51,29.6,100.0,4.0,22.9193352,120.2170451
08BEAC0A01AA,2023-09-03,09:16:13,30.7,82.0,0.0,24.9751,121.269826
08BEAC0A0880,2023-09-03,09:16:27,28.8,100.0,1.0,23.7224119,120.3083761
08BEAC0A04EC,2023-09-03,09:16:42,29.7,100.0,0.0,24.936085,121.223586
08BEAC0A0774,2023-09-03,09:16:44,29.0,100.0,1.0,22.992411,120.294135
08BEAC0A085E,2023-09-03,09:16:58,29.2,100.0,4.0,23.1427276,120.2731514
08BEAC0A089E,2023-09-03,09:17:03,27.7,100.0,0.0,23.12107103,120.4585091
08BEAC0A05AC,2023-09-03,09:17:06,29.0,100.0,0.0,22.912748,120.261227
08BEAC0A0050,2023-09-03,09:17:20,20.3,100.0,0.0,24.255411,121.259081
08BEAC0A0826,2023-09-03,09:17:41,28.8,100.0,13.0,23.0865158,120.3191882
08BEAC0A07A2,2023-09-03,09:17:43,30.5,100.0,0.0,25.10392038,121.2447143
08BEAC0A0156,2023-09-03,09:17:49,30.2,100.0,0.0,24.0838267,120.752756
08BEAC0A06A6,2023-09-03,09:18:21,29.8,100.0,4.0,22.977305,120.186438
08BEAC0A0742,2023-09-03,09:18:26,29.1,100.0,4.0,23.003578,120.240161
08BEAC0A080E,2023-09-03,09:18:29,32.2,100.0,5.0,23.158097,120.170618
08BEAC0A0218,2023-09-03,09:18:31,29.2,100.0,16.0,23.6869687,120.5865383
08BEAC0A0678,2023-09-03,09:18:56,29.7,100.0,3.0,23.139376,120.138374
08BEAC0A0040,2023-09-03,09:19:20,29.5,100.0,0.0,22.99133,120.230478
08BEAC0A0226,2023-09-03,09:19:31,27.7,100.0,0.0,23.2174825,120.365091
08BEAC0A019A,2023-09-03,09:19:34,30.1,100.0,18.0,23.3199,120.34515
08BEAC0A0464,2023-09-03,09:20:01,29.8,100.0,3.0,22.989813,120.203024
08BEAC0A0344,2023-09-03,09:20:10,29.8,100.0,0.0,24.960122,121.178153
08BEAC0A0398,2023-09-03,09:20:22,29.8,100.0,7.0,24.1494507,120.6816876
08BEAC0A06FA,2023-09-03,09:20:29,28.3,100.0,0.0,23.04435,120.470196
08BEAC0A084E,2023-09-03,09:20:38,30.7,100.0,0.0,24.9785086,121.3061612
08BEAC0A0480,2023-09-03,09:21:02,31.1,100.0,8.0,23.190069,120.192365
08BEAC0A0340,2023-09-03,09:21:07,29.6,100.0,4.0,22.9193352,120.2170451
08BEAC0A01AA,2023-09-03,09:21:28,30.6,82.0,0.0,24.9751,121.269826
08BEAC0A0880,2023-09-03,09:21:43,28.7,100.0,1.0,23.7224119,120.3083761
08BEAC0A0830,2023-09-03,09:21:49,29.3,100.0,0.0,22.956295,120.248057
08BEAC0A04EC,2023-09-03,09:21:58,29.6,100.0,0.0,24.936085,121.223586
08BEAC0A0774,2023-09-03,09:22:00,29.0,100.0,2.0,22.992411,120.294135
08BEAC0A085E,2023-09-03,09:22:14,29.3,100.0,4.0,23.1427276,120.2731514
08BEAC0A089E,2023-09-03,09:22:21,27.8,100.0,0.0,23.12107103,120.4585091
08BEAC0A0050,2023-09-03,09:22:37,21.0,100.0,0.0,24.255411,121.259081
08BEAC0A0826,2023-09-03,09:22:59,28.6,100.0,11.0,23.0865158,120.3191882
08BEAC0A07A2,2023-09-03,09:23:01,30.3,100.0,0.0,25.10392038,121.2447143
08BEAC0A0156,2023-09-03,09:23:04,30.2,100.0,0.0,24.0838267,120.752756
08BEAC0A06A6,2023-09-03,09:23:40,29.7,100.0,5.0,22.977305,120.186438
08BEAC0A0742,2023-09-03,09:23:44,28.8,100.0,3.0,23.003578,120.240161
08BEAC0A080E,2023-09-03,09:23:46,32.2,100.0,6.0,23.158097,120.170618
08BEAC0A0218,2023-09-03,09:23:49,29.6,100.0,13.0,23.6869687,120.5865383
08BEAC0A0678,2023-09-03,09:24:13,30.1,100.0,3.0,23.139376,120.138374
08BEAC0A0040,2023-09-03,09:24:39,29.3,100.0,0.0,22.99133,120.230478
08BEAC0A0226,2023-09-03,09:24:49,27.7,100.0,0.0,23.2174825,120.365091
08BEAC0A019A,2023-09-03,09:24:50,30.0,100.0,15.0,23.3199,120.34515
08BEAC0A0464,2023-09-03,09:25:18,29.8,100.0,4.0,22.989813,120.203024
08BEAC0A0344,2023-09-03,09:25:26,29.8,100.0,0.0,24.960122,121.178153
08BEAC0A0398,2023-09-03,09:25:40,29.7,100.0,8.0,24.1494507,120.6816876
08BEAC0A06FA,2023-09-03,09:25:47,28.2,100.0,0.0,23.04435,120.470196
08BEAC0A084E,2023-09-03,09:25:55,30.7,100.0,0.0,24.9785086,121.3061612
08BEAC0A0480,2023-09-03,09:26:18,31.2,100.0,8.0,23.190069,120.192365
08BEAC0A0340,2023-09-03,09:26:23,29.6,100.0,4.0,22.9193352,120.2170451
08BEAC0A01AA,2023-09-03,09:26:45,30.7,82.0,0.0,24.9751,121.269826
08BEAC0A0880,2023-09-03,09:26:58,28.7,100.0,2.0,23.7224119,120.3083761
08BEAC0A0830,2023-09-03,09:27:05,29.3,100.0,0.0,22.956295,120.248057
08BEAC0A04EC,2023-09-03,09:27:14,29.5,100.0,0.0,24.936085,121.223586
08BEAC0A0774,2023-09-03,09:27:18,28.8,100.0,2.0,22.992411,120.294135
08BEAC0A085E,2023-09-03,09:27:29,29.3,100.0,4.0,23.1427276,120.2731514
08BEAC0A089E,2023-09-03,09:27:36,28.0,100.0,0.0,23.12107103,120.4585091
08BEAC0A0050,2023-09-03,09:27:53,20.8,100.0,0.0,24.255411,121.259081
08BEAC0A05AC,2023-09-03,09:28:04,28.8,100.0,0.0,22.912748,120.261227
08BEAC0A0826,2023-09-03,09:28:14,28.2,100.0,10.0,23.0865158,120.3191882
08BEAC0A07A2,2023-09-03,09:28:17,30.3,100.0,0.0,25.10392038,121.2447143
08BEAC0A0156,2023-09-03,09:28:21,30.1,100.0,0.0,24.0838267,120.752756
08BEAC0A06A6,2023-09-03,09:28:56,29.8,100.0,5.0,22.977305,120.186438
08BEAC0A0742,2023-09-03,09:29:01,29.0,100.0,2.0,23.003578,120.240161
08BEAC0A080E,2023-09-03,09:29:03,32.2,100.0,6.0,23.158097,120.170618
08BEAC0A0218,2023-09-03,09:29:06,29.8,100.0,10.0,23.6869687,120.5865383
08BEAC0A0678,2023-09-03,09:29:30,30.2,100.0,3.0,23.139376,120.138374
08BEAC0A0040,2023-09-03,09:29:54,29.3,100.0,0.0,22.99133,120.230478
08BEAC0A0226,2023-09-03,09:30:05,27.6,100.0,0.0,23.2174825,120.365091
08BEAC0A019A,2023-09-03,09:30:08,30.0,100.0,11.0,23.3199,120.34515
08BEAC0A0464,2023-09-03,09:30:37,29.7,100.0,3.0,22.989813,120.203024
08BEAC0A0344,2023-09-03,09:30:43,29.7,100.0,0.0,24.960122,121.178153
08BEAC0A0398,2023-09-03,09:30:57,29.8,100.0,7.0,24.1494507,120.6816876
08BEAC0A06FA,2023-09-03,09:31:04,28.2,100.0,0.0,23.04435,120.470196
08BEAC0A084E,2023-09-03,09:31:11,30.7,100.0,0.0,24.9785086,121.3061612
08BEAC0A0480,2023-09-03,09:31:33,31.2,100.0,7.0,23.190069,120.192365
08BEAC0A0340,2023-09-03,09:31:39,29.6,100.0,4.0,22.9193352,120.2170451
08BEAC0A01AA,2023-09-03,09:32:01,30.7,82.0,0.0,24.9751,121.269826
08BEAC0A0880,2023-09-03,09:32:16,28.6,100.0,1.0,23.7224119,120.3083761
08BEAC0A0830,2023-09-03,09:32:22,29.3,100.0,0.0,22.956295,120.248057
08BEAC0A04EC,2023-09-03,09:32:30,29.3,100.0,0.0,24.936085,121.223586
08BEAC0A0774,2023-09-03,09:32:34,28.8,100.0,2.0,22.992411,120.294135
08BEAC0A085E,2023-09-03,09:32:46,29.1,100.0,3.0,23.1427276,120.2731514
08BEAC0A089E,2023-09-03,09:32:54,28.0,100.0,0.0,23.12107103,120.4585091
08BEAC0A0050,2023-09-03,09:33:10,21.0,100.0,0.0,24.255411,121.259081
08BEAC0A05AC,2023-09-03,09:33:21,28.8,100.0,0.0,22.912748,120.261227
08BEAC0A0826,2023-09-03,09:33:30,28.2,100.0,8.0,23.0865158,120.3191882
08BEAC0A07A2,2023-09-03,09:33:34,30.2,100.0,0.0,25.10392038,121.2447143
08BEAC0A0156,2023-09-03,09:33:39,30.1,100.0,0.0,24.0838267,120.752756
08BEAC0A06A6,2023-09-03,09:34:15,29.8,100.0,4.0,22.977305,120.186438
08BEAC0A0742,2023-09-03,09:34:17,29.2,100.0,2.0,23.003578,120.240161
08BEAC0A0218,2023-09-03,09:34:24,30.1,100.0,9.0,23.6869687,120.5865383
08BEAC0A080E,2023-09-03,09:34:28,32.2,100.0,5.0,23.158097,120.170618
08BEAC0A0678,2023-09-03,09:34:46,30.1,100.0,4.0,23.139376,120.138374
08BEAC0A0040,2023-09-03,09:35:10,29.3,100.0,0.0,22.99133,120.230478
08BEAC0A0226,2023-09-03,09:35:22,27.7,100.0,0.0,23.2174825,120.365091
08BEAC0A019A,2023-09-03,09:35:24,30.0,100.0,11.0,23.3199,120.34515
08BEAC0A0464,2023-09-03,09:35:54,29.7,100.0,4.0,22.989813,120.203024
08BEAC0A0344,2023-09-03,09:35:58,29.7,100.0,0.0,24.960122,121.178153
08BEAC0A0398,2023-09-03,09:36:16,29.8,100.0,7.0,24.1494507,120.6816876
08BEAC0A06FA,2023-09-03,09:36:20,28.2,100.0,0.0,23.04435,120.470196
08BEAC0A084E,2023-09-03,09:36:30,30.6,100.0,0.0,24.9785086,121.3061612
08BEAC0A0480,2023-09-03,09:36:50,31.1,100.0,7.0,23.190069,120.192365
08BEAC0A0340,2023-09-03,09:36:57,29.6,100.0,4.0,22.9193352,120.2170451
08BEAC0A01AA,2023-09-03,09:37:18,30.6,82.0,0.0,24.9751,121.269826
08BEAC0A0880,2023-09-03,09:37:34,28.7,100.0,1.0,23.7224119,120.3083761
08BEAC0A0830,2023-09-03,09:37:42,29.2,100.0,0.0,22.956295,120.248057
08BEAC0A04EC,2023-09-03,09:37:47,29.3,100.0,0.0,24.936085,121.223586
08BEAC0A0774,2023-09-03,09:37:53,28.8,100.0,2.0,22.992411,120.294135
08BEAC0A085E,2023-09-03,09:38:05,29.1,100.0,2.0,23.1427276,120.2731514
08BEAC0A089E,2023-09-03,09:38:10,28.1,100.0,0.0,23.12107103,120.4585091
08BEAC0A0050,2023-09-03,09:38:28,21.6,100.0,0.0,24.255411,121.259081
08BEAC0A05AC,2023-09-03,09:38:37,28.8,100.0,0.0,22.912748,120.261227
08BEAC0A0826,2023-09-03,09:38:47,28.0,100.0,5.0,23.0865158,120.3191882
08BEAC0A07A2,2023-09-03,09:38:51,30.3,100.0,0.0,25.10392038,121.2447143
08BEAC0A0156,2023-09-03,09:38:55,30.1,100.0,0.0,24.0838267,120.752756
08BEAC0A06A6,2023-09-03,09:39:32,29.7,100.0,3.0,22.977305,120.186438
08BEAC0A0742,2023-09-03,09:39:35,29.1,100.0,2.0,23.003578,120.240161
08BEAC0A0218,2023-09-03,09:39:40,30.3,100.0,8.0,23.6869687,120.5865383
08BEAC0A080E,2023-09-03,09:39:48,32.1,100.0,5.0,23.158097,120.170618
08BEAC0A0678,2023-09-03,09:40:01,30.2,100.0,4.0,23.139376,120.138374
08BEAC0A0040,2023-09-03,09:40:26,29.5,100.0,0.0,22.99133,120.230478
08BEAC0A019A,2023-09-03,09:40:41,30.0,100.0,10.0,23.3199,120.34515
08BEAC0A0464,2023-09-03,09:41:13,29.7,100.0,3.0,22.989813,120.203024
08BEAC0A0344,2023-09-03,09:41:18,29.7,100.0,0.0,24.960122,121.178153
08BEAC0A0398,2023-09-03,09:41:32,30.0,100.0,5.0,24.1494507,120.6816876
08BEAC0A06FA,2023-09-03,09:41:38,28.3,100.0,2.0,23.04435,120.470196
08BEAC0A084E,2023-09-03,09:41:46,30.7,100.0,0.0,24.9785086,121.3061612
08BEAC0A0480,2023-09-03,09:42:06,31.1,100.0,7.0,23.190069,120.192365
08BEAC0A0340,2023-09-03,09:42:15,29.6,100.0,3.0,22.9193352,120.2170451
08BEAC0A01AA,2023-09-03,09:42:33,30.7,82.0,0.0,24.9751,121.269826
08BEAC0A0880,2023-09-03,09:42:50,28.7,100.0,1.0,23.7224119,120.3083761
08BEAC0A0830,2023-09-03,09:42:58,29.1,100.0,0.0,22.956295,120.248057
08BEAC0A04EC,2023-09-03,09:43:05,29.2,100.0,0.0,24.936085,121.223586
08BEAC0A0774,2023-09-03,09:43:11,28.8,100.0,1.0,22.992411,120.294135
08BEAC0A085E,2023-09-03,09:43:20,29.1,100.0,3.0,23.1427276,120.2731514
08BEAC0A089E,2023-09-03,09:43:26,28.2,100.0,0.0,23.12107103,120.4585091
08BEAC0A0050,2023-09-03,09:43:44,21.7,100.0,0.0,24.255411,121.259081
08BEAC0A05AC,2023-09-03,09:43:54,28.8,100.0,0.0,22.912748,120.261227
08BEAC0A0826,2023-09-03,09:44:04,28.1,100.0,4.0,23.0865158,120.3191882
08BEAC0A07A2,2023-09-03,09:44:08,30.2,100.0,0.0,25.10392038,121.2447143
08BEAC0A0156,2023-09-03,09:44:12,30.1,100.0,0.0,24.0838267,120.752756
08BEAC0A06A6,2023-09-03,09:44:49,29.7,100.0,3.0,22.977305,120.186438
08BEAC0A0742,2023-09-03,09:44:51,29.1,100.0,2.0,23.003578,120.240161
08BEAC0A0218,2023-09-03,09:44:56,30.5,100.0,7.0,23.6869687,120.5865383
08BEAC0A080E,2023-09-03,09:45:04,32.2,100.0,5.0,23.158097,120.170618
08BEAC0A0678,2023-09-03,09:45:21,30.2,100.0,5.0,23.139376,120.138374
08BEAC0A0040,2023-09-03,09:45:42,29.3,100.0,0.0,22.99133,120.230478
08BEAC0A0226,2023-09-03,09:45:50,27.7,100.0,0.0,23.2174825,120.365091
08BEAC0A019A,2023-09-03,09:45:58,30.0,100.0,8.0,23.3199,120.34515
08BEAC0A0464,2023-09-03,09:46:32,29.6,100.0,3.0,22.989813,120.203024
08BEAC0A0344,2023-09-03,09:46:36,29.7,100.0,0.0,24.960122,121.178153
08BEAC0A0398,2023-09-03,09:46:50,30.1,100.0,4.0,24.1494507,120.6816876
08BEAC0A06FA,2023-09-03,09:46:55,28.3,100.0,0.0,23.04435,120.470196
08BEAC0A084E,2023-09-03,09:47:03,30.7,100.0,0.0,24.9785086,121.3061612
08BEAC0A0480,2023-09-03,09:47:23,31.1,100.0,5.0,23.190069,120.192365
08BEAC0A0340,2023-09-03,09:47:31,29.5,100.0,3.0,22.9193352,120.2170451
08BEAC0A01AA,2023-09-03,09:47:50,30.7,82.0,0.0,24.9751,121.269826
08BEAC0A0880,2023-09-03,09:48:09,28.7,100.0,1.0,23.7224119,120.3083761
08BEAC0A0830,2023-09-03,09:48:15,29.1,100.0,0.0,22.956295,120.248057
08BEAC0A04EC,2023-09-03,09:48:21,29.2,100.0,0.0,24.936085,121.223586
08BEAC0A0774,2023-09-03,09:48:26,28.8,100.0,1.0,22.992411,120.294135
08BEAC0A085E,2023-09-03,09:48:35,29.1,100.0,2.0,23.1427276,120.2731514
08BEAC0A089E,2023-09-03,09:48:43,28.3,100.0,0.0,23.12107103,120.4585091
08BEAC0A0050,2023-09-03,09:49:02,21.8,100.0,0.0,24.255411,121.259081
08BEAC0A05AC,2023-09-03,09:49:09,28.8,100.0,0.0,22.912748,120.261227
08BEAC0A0826,2023-09-03,09:49:21,28.1,100.0,3.0,23.0865158,120.3191882
08BEAC0A0156,2023-09-03,09:49:28,30.1,100.0,0.0,24.0838267,120.752756
08BEAC0A07A2,2023-09-03,09:49:37,30.2,100.0,0.0,25.10392038,121.2447143
08BEAC0A06A6,2023-09-03,09:50:06,29.7,100.0,4.0,22.977305,120.186438
08BEAC0A0742,2023-09-03,09:50:08,29.1,100.0,3.0,23.003578,120.240161
08BEAC0A0218,2023-09-03,09:50:14,30.6,100.0,6.0,23.6869687,120.5865383
08BEAC0A080E,2023-09-03,09:50:22,32.2,100.0,5.0,23.158097,120.170618
08BEAC0A0678,2023-09-03,09:50:38,30.2,100.0,5.0,23.139376,120.138374
08BEAC0A0040,2023-09-03,09:50:59,29.3,100.0,0.0,22.99133,120.230478
08BEAC0A0226,2023-09-03,09:51:07,27.7,100.0,0.0,23.2174825,120.365091
08BEAC0A019A,2023-09-03,09:51:14,29.8,100.0,7.0,23.3199,120.34515
08BEAC0A0464,2023-09-03,09:51:50,29.7,100.0,3.0,22.989813,120.203024
08BEAC0A0344,2023-09-03,09:51:54,29.7,100.0,0.0,24.960122,121.178153
08BEAC0A0398,2023-09-03,09:52:07,30.0,100.0,4.0,24.1494507,120.6816876
08BEAC0A06FA,2023-09-03,09:52:13,28.3,100.0,0.0,23.04435,120.470196
08BEAC0A084E,2023-09-03,09:52:21,30.6,100.0,0.0,24.9785086,121.3061612
08BEAC0A0480,2023-09-03,09:52:39,31.1,100.0,6.0,23.190069,120.192365
08BEAC0A0340,2023-09-03,09:52:47,29.5,100.0,4.0,22.9193352,120.2170451
08BEAC0A01AA,2023-09-03,09:53:07,30.6,83.0,0.0,24.9751,121.269826
08BEAC0A0880,2023-09-03,09:53:25,28.7,100.0,1.0,23.7224119,120.3083761
08BEAC0A0830,2023-09-03,09:53:35,29.2,100.0,0.0,22.956295,120.248057
08BEAC0A04EC,2023-09-03,09:53:36,29.2,100.0,0.0,24.936085,121.223586
08BEAC0A0774,2023-09-03,09:53:43,28.7,100.0,2.0,22.992411,120.294135
08BEAC0A085E,2023-09-03,09:53:54,29.0,100.0,2.0,23.1427276,120.2731514
08BEAC0A089E,2023-09-03,09:54:00,28.5,100.0,0.0,23.12107103,120.4585091
08BEAC0A0050,2023-09-03,09:54:18,22.0,100.0,2.0,24.255411,121.259081
08BEAC0A05AC,2023-09-03,09:54:25,28.8,100.0,0.0,22.912748,120.261227
08BEAC0A0826,2023-09-03,09:54:36,28.2,100.0,4.0,23.0865158,120.3191882
08BEAC0A0156,2023-09-03,09:54:46,30.1,100.0,0.0,24.0838267,120.752756
08BEAC0A07A2,2023-09-03,09:54:54,30.2,100.0,0.0,25.10392038,121.2447143
08BEAC0A06A6,2023-09-03,09:55:22,29.8,100.0,5.0,22.977305,120.186438
08BEAC0A0742,2023-09-03,09:55:26,29.2,100.0,3.0,23.003578,120.240161
08BEAC0A0218,2023-09-03,09:55:30,30.6,100.0,5.0,23.6869687,120.5865383
08BEAC0A080E,2023-09-03,09:55:38,32.2,100.0,5.0,23.158097,120.170618
08BEAC0A0678,2023-09-03,09:55:56,30.0,100.0,4.0,23.139376,120.138374
08BEAC0A0040,2023-09-03,09:56:16,29.2,100.0,0.0,22.99133,120.230478
08BEAC0A0226,2023-09-03,09:56:24,27.7,100.0,0.0,23.2174825,120.365091
08BEAC0A019A,2023-09-03,09:56:31,29.8,100.0,7.0,23.3199,120.34515
08BEAC0A0464,2023-09-03,09:57:06,29.7,100.0,4.0,22.989813,120.203024
08BEAC0A0344,2023-09-03,09:57:11,29.7,100.0,0.0,24.960122,121.178153
08BEAC0A0398,2023-09-03,09:57:23,30.0,100.0,4.0,24.1494507,120.6816876
08BEAC0A06FA,2023-09-03,09:57:31,28.3,100.0,0.0,23.04435,120.470196
08BEAC0A084E,2023-09-03,09:57:39,30.6,100.0,0.0,24.9785086,121.3061612
08BEAC0A0480,2023-09-03,09:57:57,31.1,100.0,5.0,23.190069,120.192365
08BEAC0A0340,2023-09-03,09:58:04,29.5,100.0,4.0,22.9193352,120.2170451
08BEAC0A01AA,2023-09-03,09:58:24,30.5,82.0,0.0,24.9751,121.269826
08BEAC0A0880,2023-09-03,09:58:43,28.7,100.0,1.0,23.7224119,120.3083761
08BEAC0A0830,2023-09-03,09:58:52,29.5,100.0,0.0,22.956295,120.248057
08BEAC0A04EC,2023-09-03,09:58:54,29.2,100.0,0.0,24.936085,121.223586
08BEAC0A0774,2023-09-03,09:58:59,28.7,100.0,1.0,22.992411,120.294135
08BEAC0A085E,2023-09-03,09:59:11,29.0,100.0,2.0,23.1427276,120.2731514
08BEAC0A089E,2023-09-03,09:59:16,28.7,100.0,0.0,23.12107103,120.4585091
08BEAC0A0050,2023-09-03,09:59:34,22.0,100.0,0.0,24.255411,121.259081
08BEAC0A05AC,2023-09-03,09:59:41,29.0,100.0,0.0,22.912748,120.261227
08BEAC0A0826,2023-09-03,09:59:53,28.0,100.0,3.0,23.0865158,120.3191882
08BEAC0A0156,2023-09-03,10:00:02,30.1,100.0,0.0,24.0838267,120.752756
08BEAC0A07A2,2023-09-03,10:00:12,30.2,100.0,0.0,25.10392038,121.2447143
08BEAC0A06A6,2023-09-03,10:00:38,29.8,100.0,6.0,22.977305,120.186438
08BEAC0A0742,2023-09-03,10:00:42,29.2,100.0,3.0,23.003578,120.240161
08BEAC0A0218,2023-09-03,10:00:46,30.7,100.0,7.0,23.6869687,120.5865383
08BEAC0A080E,2023-09-03,10:00:54,32.2,100.0,5.0,23.158097,120.170618
08BEAC0A0678,2023-09-03,10:01:14,30.1,100.0,5.0,23.139376,120.138374
08BEAC0A0040,2023-09-03,10:01:32,29.3,100.0,0.0,22.99133,120.230478
08BEAC0A0226,2023-09-03,10:01:45,27.6,100.0,0.0,23.2174825,120.365091
08BEAC0A019A,2023-09-03,10:01:49,29.7,100.0,7.0,23.3199,120.34515
08BEAC0A0464,2023-09-03,10:02:25,29.7,100.0,4.0,22.989813,120.203024
08BEAC0A0344,2023-09-03,10:02:28,29.7,100.0,0.0,24.960122,121.178153
08BEAC0A0398,2023-09-03,10:02:42,30.0,100.0,4.0,24.1494507,120.6816876
08BEAC0A06FA,2023-09-03,10:02:49,28.3,100.0,0.0,23.04435,120.470196
08BEAC0A084E,2023-09-03,10:02:57,30.6,100.0,0.0,24.9785086,121.3061612
08BEAC0A0480,2023-09-03,10:03:12,31.1,100.0,5.0,23.190069,120.192365
08BEAC0A0340,2023-09-03,10:03:21,29.6,100.0,5.0,22.9193352,120.2170451
08BEAC0A01AA,2023-09-03,10:03:41,30.3,82.0,1.0,24.9751,121.269826
08BEAC0A0880,2023-09-03,10:04:01,28.8,100.0,1.0,23.7224119,120.3083761
08BEAC0A0830,2023-09-03,10:04:09,29.5,100.0,0.0,22.956295,120.248057
08BEAC0A04EC,2023-09-03,10:04:13,29.2,100.0,0.0,24.936085,121.223586
08BEAC0A0774,2023-09-03,10:04:14,28.7,100.0,1.0,22.992411,120.294135
08BEAC0A085E,2023-09-03,10:04:28,29.0,100.0,2.0,23.1427276,120.2731514
08BEAC0A089E,2023-09-03,10:04:31,28.7,100.0,0.0,23.12107103,120.4585091
08BEAC0A0050,2023-09-03,10:04:49,21.7,100.0,0.0,24.255411,121.259081
08BEAC0A05AC,2023-09-03,10:04:58,29.0,100.0,0.0,22.912748,120.261227
08BEAC0A0826,2023-09-03,10:05:10,28.0,100.0,3.0,23.0865158,120.3191882
08BEAC0A0156,2023-09-03,10:05:18,30.0,100.0,0.0,24.0838267,120.752756
08BEAC0A07A2,2023-09-03,10:05:27,30.1,100.0,0.0,25.10392038,121.2447143
08BEAC0A06A6,2023-09-03,10:05:55,30.0,100.0,4.0,22.977305,120.186438
08BEAC0A0742,2023-09-03,10:06:00,29.2,100.0,4.0,23.003578,120.240161
08BEAC0A0218,2023-09-03,10:06:03,30.7,100.0,4.0,23.6869687,120.5865383
08BEAC0A080E,2023-09-03,10:06:09,32.2,100.0,4.0,23.158097,120.170618
08BEAC0A0678,2023-09-03,10:06:33,30.0,100.0,6.0,23.139376,120.138374
08BEAC0A0040,2023-09-03,10:06:53,29.3,100.0,0.0,22.99133,120.230478
08BEAC0A0226,2023-09-03,10:07:03,27.6,100.0,0.0,23.2174825,120.365091
08BEAC0A019A,2023-09-03,10:07:04,29.7,100.0,7.0,23.3199,120.34515
08BEAC0A0464,2023-09-03,10:07:41,29.8,100.0,3.0,22.989813,120.203024
08BEAC0A0344,2023-09-03,10:07:45,29.7,100.0,0.0,24.960122,121.178153
08BEAC0A0398,2023-09-03,10:07:57,30.0,100.0,3.0,24.1494507,120.6816876
08BEAC0A06FA,2023-09-03,10:08:08,28.5,100.0,0.0,23.04435,120.470196
08BEAC0A084E,2023-09-03,10:08:14,30.6,100.0,0.0,24.9785086,121.3061612
08BEAC0A0480,2023-09-03,10:08:31,31.1,100.0,5.0,23.190069,120.192365
08BEAC0A0340,2023-09-03,10:08:38,29.7,100.0,4.0,22.9193352,120.2170451
08BEAC0A01AA,2023-09-03,10:08:56,30.5,83.0,0.0,24.9751,121.269826
08BEAC0A0880,2023-09-03,10:09:19,28.8,100.0,1.0,23.7224119,120.3083761
08BEAC0A0830,2023-09-03,10:09:25,29.5,100.0,0.0,22.956295,120.248057
08BEAC0A04EC,2023-09-03,10:09:29,29.2,100.0,0.0,24.936085,121.223586
08BEAC0A0774,2023-09-03,10:09:32,28.7,100.0,1.0,22.992411,120.294135
08BEAC0A085E,2023-09-03,10:09:44,28.8,100.0,2.0,23.1427276,120.2731514
08BEAC0A089E,2023-09-03,10:09:48,28.7,100.0,0.0,23.12107103,120.4585091
08BEAC0A0050,2023-09-03,10:10:04,21.8,100.0,0.0,24.255411,121.259081
08BEAC0A05AC,2023-09-03,10:10:14,29.1,100.0,0.0,22.912748,120.261227
08BEAC0A0826,2023-09-03,10:10:28,28.2,100.0,2.0,23.0865158,120.3191882
08BEAC0A0156,2023-09-03,10:10:34,29.8,100.0,0.0,24.0838267,120.752756
08BEAC0A07A2,2023-09-03,10:10:43,30.1,100.0,0.0,25.10392038,121.2447143
08BEAC0A06A6,2023-09-03,10:11:12,30.0,100.0,6.0,22.977305,120.186438
08BEAC0A0742,2023-09-03,10:11:15,29.2,100.0,4.0,23.003578,120.240161
08BEAC0A0218,2023-09-03,10:11:21,31.0,100.0,3.0,23.6869687,120.5865383
08BEAC0A080E,2023-09-03,10:11:25,32.2,100.0,5.0,23.158097,120.170618
08BEAC0A0678,2023-09-03,10:11:50,30.1,100.0,5.0,23.139376,120.138374
08BEAC0A0040,2023-09-03,10:12:11,29.2,100.0,0.0,22.99133,120.230478
08BEAC0A0226,2023-09-03,10:12:19,27.6,100.0,0.0,23.2174825,120.365091
08BEAC0A019A,2023-09-03,10:12:21,29.8,100.0,5.0,23.3199,120.34515
08BEAC0A0464,2023-09-03,10:12:59,29.8,100.0,3.0,22.989813,120.203024
08BEAC0A0344,2023-09-03,10:13:02,29.6,100.0,0.0,24.960122,121.178153
08BEAC0A0398,2023-09-03,10:13:16,30.0,100.0,4.0,24.1494507,120.6816876
08BEAC0A06FA,2023-09-03,10:13:25,28.3,100.0,0.0,23.04435,120.470196
08BEAC0A084E,2023-09-03,10:13:33,30.6,100.0,0.0,24.9785086,121.3061612
08BEAC0A0480,2023-09-03,10:13:47,31.1,100.0,5.0,23.190069,120.192365
08BEAC0A0340,2023-09-03,10:13:55,29.8,100.0,4.0,22.9193352,120.2170451
08BEAC0A01AA,2023-09-03,10:14:12,30.2,83.0,1.0,24.9751,121.269826
08BEAC0A0880,2023-09-03,10:14:37,28.8,100.0,1.0,23.7224119,120.3083761
08BEAC0A04EC,2023-09-03,10:14:47,29.2,100.0,0.0,24.936085,121.223586
08BEAC0A0774,2023-09-03,10:14:47,28.7,100.0,1.0,22.992411,120.294135
08BEAC0A0830,2023-09-03,10:15:00,29.6,100.0,0.0,22.956295,120.248057
08BEAC0A085E,2023-09-03,10:15:00,29.0,100.0,3.0,23.1427276,120.2731514
08BEAC0A089E,2023-09-03,10:15:03,28.7,100.0,0.0,23.12107103,120.4585091
08BEAC0A0050,2023-09-03,10:15:21,21.8,100.0,0.0,24.255411,121.259081
08BEAC0A05AC,2023-09-03,10:15:32,29.1,100.0,0.0,22.912748,120.261227
08BEAC0A0826,2023-09-03,10:15:44,28.0,100.0,3.0,23.0865158,120.3191882
08BEAC0A0156,2023-09-03,10:15:50,29.7,100.0,0.0,24.0838267,120.752756
08BEAC0A07A2,2023-09-03,10:16:01,30.0,100.0,0.0,25.10392038,121.2447143
08BEAC0A06A6,2023-09-03,10:16:28,30.1,100.0,5.0,22.977305,120.186438
08BEAC0A0742,2023-09-03,10:16:32,29.3,100.0,3.0,23.003578,120.240161
08BEAC0A0218,2023-09-03,10:16:36,30.7,100.0,5.0,23.6869687,120.5865383
08BEAC0A080E,2023-09-03,10:16:44,32.2,100.0,4.0,23.158097,120.170618
08BEAC0A0678,2023-09-03,10:17:12,29.8,100.0,6.0,23.139376,120.138374
08BEAC0A0040,2023-09-03,10:17:28,29.6,100.0,0.0,22.99133,120.230478
08BEAC0A0226,2023-09-03,10:17:34,27.5,100.0,0.0,23.2174825,120.365091
08BEAC0A019A,2023-09-03,10:17:37,29.8,100.0,4.0,23.3199,120.34515
08BEAC0A0344,2023-09-03,10:18:19,29.6,100.0,0.0,24.960122,121.178153
08BEAC0A0464,2023-09-03,10:18:21,30.0,100.0,3.0,22.989813,120.203024
08BEAC0A0398,2023-09-03,10:18:34,30.2,100.0,4.0,24.1494507,120.6816876
08BEAC0A06FA,2023-09-03,10:18:40,28.2,100.0,0.0,23.04435,120.470196
08BEAC0A084E,2023-09-03,10:18:50,30.6,100.0,0.0,24.9785086,121.3061612
08BEAC0A0480,2023-09-03,10:19:04,31.1,100.0,5.0,23.190069,120.192365
08BEAC0A0340,2023-09-03,10:19:12,30.0,100.0,5.0,22.9193352,120.2170451
08BEAC0A01AA,2023-09-03,10:19:29,30.2,83.0,1.0,24.9751,121.269826
08BEAC0A0880,2023-09-03,10:19:53,28.8,100.0,1.0,23.7224119,120.3083761
08BEAC0A04EC,2023-09-03,10:20:04,29.1,100.0,0.0,24.936085,121.223586
08BEAC0A0774,2023-09-03,10:20:04,28.8,100.0,1.0,22.992411,120.294135
08BEAC0A085E,2023-09-03,10:20:15,29.0,100.0,2.0,23.1427276,120.2731514
08BEAC0A0830,2023-09-03,10:20:18,29.7,100.0,0.0,22.956295,120.248057
08BEAC0A089E,2023-09-03,10:20:19,28.6,100.0,0.0,23.12107103,120.4585091
08BEAC0A0050,2023-09-03,10:20:36,21.8,100.0,0.0,24.255411,121.259081
08BEAC0A05AC,2023-09-03,10:20:48,29.2,100.0,0.0,22.912748,120.261227
08BEAC0A0826,2023-09-03,10:21:02,28.2,100.0,2.0,23.0865158,120.3191882
08BEAC0A0156,2023-09-03,10:21:09,29.7,100.0,0.0,24.0838267,120.752756
08BEAC0A07A2,2023-09-03,10:21:17,30.0,100.0,0.0,25.10392038,121.2447143
08BEAC0A06A6,2023-09-03,10:21:45,30.2,100.0,6.0,22.977305,120.186438
08BEAC0A0742,2023-09-03,10:21:49,29.2,100.0,4.0,23.003578,120.240161
08BEAC0A0218,2023-09-03,10:21:52,30.5,100.0,8.0,23.6869687,120.5865383
08BEAC0A080E,2023-09-03,10:22:00,32.2,100.0,4.0,23.158097,120.170618
08BEAC0A0678,2023-09-03,10:22:29,30.0,100.0,7.0,23.139376,120.138374
08BEAC0A0040,2023-09-03,10:22:46,29.6,100.0,0.0,22.99133,120.230478
08BEAC0A0226,2023-09-03,10:22:50,27.6,100.0,0.0,23.2174825,120.365091
08BEAC0A0344,2023-09-03,10:23:33,29.6,100.0,0.0,24.960122,121.178153
08BEAC0A0464,2023-09-03,10:23:43,30.0,100.0,3.0,22.989813,120.203024
08BEAC0A0398,2023-09-03,10:23:51,30.2,100.0,4.0,24.1494507,120.6816876
08BEAC0A06FA,2023-09-03,10:23:58,27.8,100.0,0.0,23.04435,120.470196
08BEAC0A084E,2023-09-03,10:24:08,30.6,100.0,0.0,24.9785086,121.3061612
08BEAC0A0480,2023-09-03,10:24:21,31.2,100.0,5.0,23.190069,120.192365
08BEAC0A0340,2023-09-03,10:24:27,30.1,100.0,4.0,22.9193352,120.2170451
08BEAC0A01AA,2023-09-03,10:24:46,30.2,83.0,1.0,24.9751,121.269826
08BEAC0A0880,2023-09-03,10:25:10,29.0,100.0,1.0,23.7224119,120.3083761
08BEAC0A0774,2023-09-03,10:25:20,28.8,100.0,1.0,22.992411,120.294135
08BEAC0A04EC,2023-09-03,10:25:21,29.2,100.0,0.0,24.936085,121.223586
08BEAC0A085E,2023-09-03,10:25:29,29.0,100.0,3.0,23.1427276,120.2731514
08BEAC0A0830,2023-09-03,10:25:36,30.0,100.0,0.0,22.956295,120.248057
08BEAC0A089E,2023-09-03,10:25:37,28.0,100.0,0.0,23.12107103,120.4585091
08BEAC0A05AC,2023-09-03,10:26:04,29.2,100.0,0.0,22.912748,120.261227
08BEAC0A0826,2023-09-03,10:26:18,28.1,100.0,3.0,23.0865158,120.3191882
08BEAC0A0156,2023-09-03,10:26:26,29.7,100.0,0.0,24.0838267,120.752756
08BEAC0A07A2,2023-09-03,10:26:34,29.8,100.0,0.0,25.10392038,121.2447143
08BEAC0A06A6,2023-09-03,10:27:00,30.2,100.0,5.0,22.977305,120.186438
08BEAC0A0742,2023-09-03,10:27:05,29.5,100.0,4.0,23.003578,120.240161
08BEAC0A0218,2023-09-03,10:27:12,30.2,100.0,6.0,23.6869687,120.5865383
08BEAC0A080E,2023-09-03,10:27:15,32.2,100.0,4.0,23.158097,120.170618
08BEAC0A0678,2023-09-03,10:27:45,30.1,100.0,8.0,23.139376,120.138374
08BEAC0A019A,2023-09-03,10:28:02,29.8,100.0,4.0,23.3199,120.34515
08BEAC0A0040,2023-09-03,10:28:03,29.7,100.0,0.0,22.99133,120.230478
08BEAC0A0226,2023-09-03,10:28:07,27.7,100.0,0.0,23.2174825,120.365091
08BEAC0A0344,2023-09-03,10:28:51,29.6,100.0,1.0,24.960122,121.178153
08BEAC0A0464,2023-09-03,10:29:03,30.0,100.0,3.0,22.989813,120.203024
08BEAC0A0398,2023-09-03,10:29:10,30.2,100.0,3.0,24.1494507,120.6816876
08BEAC0A06FA,2023-09-03,10:29:15,27.6,100.0,0.0,23.04435,120.470196
08BEAC0A084E,2023-09-03,10:29:26,30.6,100.0,0.0,24.9785086,121.3061612
08BEAC0A0480,2023-09-03,10:29:39,31.2,100.0,5.0,23.190069,120.192365
08BEAC0A0340,2023-09-03,10:29:44,30.1,100.0,5.0,22.9193352,120.2170451
08BEAC0A01AA,2023-09-03,10:30:02,30.3,83.0,0.0,24.9751,121.269826
08BEAC0A0880,2023-09-03,10:30:28,29.0,100.0,1.0,23.7224119,120.3083761
08BEAC0A04EC,2023-09-03,10:30:37,29.1,100.0,0.0,24.936085,121.223586
08BEAC0A0774,2023-09-03,10:30:39,28.8,100.0,1.0,22.992411,120.294135
08BEAC0A085E,2023-09-03,10:30:47,29.0,100.0,3.0,23.1427276,120.2731514
08BEAC0A0830,2023-09-03,10:30:50,29.8,100.0,0.0,22.956295,120.248057
08BEAC0A089E,2023-09-03,10:30:54,28.0,100.0,0.0,23.12107103,120.4585091
08BEAC0A0050,2023-09-03,10:31:03,21.2,100.0,0.0,24.255411,121.259081
08BEAC0A05AC,2023-09-03,10:31:22,29.3,100.0,1.0,22.912748,120.261227
08BEAC0A0826,2023-09-03,10:31:35,28.0,100.0,6.0,23.0865158,120.3191882
08BEAC0A0156,2023-09-03,10:31:43,29.7,100.0,0.0,24.0838267,120.752756
08BEAC0A07A2,2023-09-03,10:31:49,29.8,100.0,0.0,25.10392038,121.2447143
08BEAC0A06A6,2023-09-03,10:32:17,30.5,100.0,5.0,22.977305,120.186438
08BEAC0A0742,2023-09-03,10:32:23,29.5,100.0,3.0,23.003578,120.240161
08BEAC0A0218,2023-09-03,10:32:29,30.3,100.0,5.0,23.6869687,120.5865383
08BEAC0A080E,2023-09-03,10:32:34,32.2,100.0,4.0,23.158097,120.170618
08BEAC0A0678,2023-09-03,10:33:01,30.5,100.0,10.0,23.139376,120.138374
08BEAC0A019A,2023-09-03,10:33:21,30.0,100.0,4.0,23.3199,120.34515
08BEAC0A0040,2023-09-03,10:33:22,29.7,100.0,0.0,22.99133,120.230478
08BEAC0A0226,2023-09-03,10:33:24,28.0,100.0,0.0,23.2174825,120.365091
08BEAC0A0344,2023-09-03,10:34:08,29.6,100.0,0.0,24.960122,121.178153
08BEAC0A0464,2023-09-03,10:34:17,30.1,100.0,3.0,22.989813,120.203024
08BEAC0A0398,2023-09-03,10:34:26,30.6,100.0,2.0,24.1494507,120.6816876
08BEAC0A06FA,2023-09-03,10:34:33,27.5,100.0,0.0,23.04435,120.470196
08BEAC0A084E,2023-09-03,10:34:43,30.6,100.0,0.0,24.9785086,121.3061612
08BEAC0A0480,2023-09-03,10:34:54,31.2,100.0,4.0,23.190069,120.192365
08BEAC0A0340,2023-09-03,10:35:01,30.2,100.0,4.0,22.9193352,120.2170451
08BEAC0A01AA,2023-09-03,10:35:17,30.2,83.0,0.0,24.9751,121.269826
08BEAC0A0880,2023-09-03,10:35:45,29.1,100.0,1.0,23.7224119,120.3083761
08BEAC0A04EC,2023-09-03,10:35:55,29.1,100.0,0.0,24.936085,121.223586
08BEAC0A0774,2023-09-03,10:35:57,28.7,100.0,2.0,22.992411,120.294135
08BEAC0A085E,2023-09-03,10:36:04,29.0,100.0,3.0,23.1427276,120.2731514
08BEAC0A0830,2023-09-03,10:36:07,29.6,100.0,0.0,22.956295,120.248057
08BEAC0A089E,2023-09-03,10:36:10,28.0,100.0,0.0,23.12107103,120.4585091
08BEAC0A0050,2023-09-03,10:36:19,21.1,100.0,0.0,24.255411,121.259081
08BEAC0A05AC,2023-09-03,10:36:37,29.3,100.0,0.0,22.912748,120.261227
08BEAC0A0826,2023-09-03,10:36:50,28.5,100.0,16.0,23.0865158,120.3191882
08BEAC0A0156,2023-09-03,10:36:59,29.8,100.0,0.0,24.0838267,120.752756
08BEAC0A07A2,2023-09-03,10:37:06,30.0,100.0,0.0,25.10392038,121.2447143
08BEAC0A06A6,2023-09-03,10:37:33,30.3,100.0,4.0,22.977305,120.186438
08BEAC0A0742,2023-09-03,10:37:40,29.5,100.0,3.0,23.003578,120.240161
08BEAC0A0218,2023-09-03,10:37:45,30.5,100.0,4.0,23.6869687,120.5865383
08BEAC0A080E,2023-09-03,10:37:49,32.2,100.0,4.0,23.158097,120.170618
08BEAC0A0678,2023-09-03,10:38:17,30.5,100.0,11.0,23.139376,120.138374
08BEAC0A0040,2023-09-03,10:38:38,29.3,100.0,0.0,22.99133,120.230478
08BEAC0A019A,2023-09-03,10:38:38,30.0,100.0,4.0,23.3199,120.34515
08BEAC0A0226,2023-09-03,10:38:41,28.2,100.0,0.0,23.2174825,120.365091
08BEAC0A0344,2023-09-03,10:39:24,29.6,100.0,0.0,24.960122,121.178153
08BEAC0A0464,2023-09-03,10:39:37,30.0,100.0,3.0,22.989813,120.203024
08BEAC0A0398,2023-09-03,10:39:44,31.0,100.0,2.0,24.1494507,120.6816876
08BEAC0A06FA,2023-09-03,10:39:50,27.5,100.0,0.0,23.04435,120.470196
08BEAC0A084E,2023-09-03,10:39:59,30.6,100.0,0.0,24.9785086,121.3061612
08BEAC0A0480,2023-09-03,10:40:14,31.2,100.0,4.0,23.190069,120.192365
08BEAC0A0340,2023-09-03,10:40:17,30.2,100.0,4.0,22.9193352,120.2170451
08BEAC0A01AA,2023-09-03,10:40:35,30.2,83.0,1.0,24.9751,121.269826
08BEAC0A0880,2023-09-03,10:41:03,29.1,100.0,1.0,23.7224119,120.3083761
08BEAC0A04EC,2023-09-03,10:41:12,29.1,100.0,0.0,24.936085,121.223586
08BEAC0A0774,2023-09-03,10:41:13,28.5,100.0,2.0,22.992411,120.294135
08BEAC0A085E,2023-09-03,10:41:20,29.0,100.0,3.0,23.1427276,120.2731514
08BEAC0A0830,2023-09-03,10:41:22,28.8,100.0,0.0,22.956295,120.248057
08BEAC0A089E,2023-09-03,10:41:26,27.7,100.0,0.0,23.12107103,120.4585091
08BEAC0A0050,2023-09-03,10:41:38,21.0,100.0,0.0,24.255411,121.259081
08BEAC0A05AC,2023-09-03,10:41:54,29.0,100.0,1.0,22.912748,120.261227
08BEAC0A0826,2023-09-03,10:42:07,28.5,100.0,22.0,23.0865158,120.3191882
08BEAC0A0156,2023-09-03,10:42:16,29.8,100.0,0.0,24.0838267,120.752756
08BEAC0A07A2,2023-09-03,10:42:24,29.8,100.0,0.0,25.10392038,121.2447143
08BEAC0A06A6,2023-09-03,10:42:50,30.1,100.0,4.0,22.977305,120.186438
08BEAC0A0742,2023-09-03,10:42:59,29.0,100.0,4.0,23.003578,120.240161
08BEAC0A0218,2023-09-03,10:43:05,30.7,100.0,2.0,23.6869687,120.5865383
08BEAC0A080E,2023-09-03,10:43:06,32.2,100.0,4.0,23.158097,120.170618
08BEAC0A0678,2023-09-03,10:43:37,30.5,100.0,10.0,23.139376,120.138374
08BEAC0A0040,2023-09-03,10:43:57,28.8,100.0,0.0,22.99133,120.230478
08BEAC0A0226,2023-09-03,10:43:57,28.3,100.0,0.0,23.2174825,120.365091
08BEAC0A019A,2023-09-03,10:43:58,30.1,100.0,4.0,23.3199,120.34515
08BEAC0A0344,2023-09-03,10:44:43,29.6,100.0,0.0,24.960122,121.178153
08BEAC0A0464,2023-09-03,10:44:55,29.7,100.0,3.0,22.989813,120.203024
08BEAC0A0398,2023-09-03,10:45:03,31.2,100.0,3.0,24.1494507,120.6816876
08BEAC0A06FA,2023-09-03,10:45:06,27.5,100.0,0.0,23.04435,120.470196
08BEAC0A084E,2023-09-03,10:45:14,30.5,100.0,0.0,24.9785086,121.3061612
08BEAC0A0480,2023-09-03,10:45:30,31.2,100.0,4.0,23.190069,120.192365
08BEAC0A0340,2023-09-03,10:45:33,29.6,100.0,4.0,22.9193352,120.2170451
08BEAC0A01AA,2023-09-03,10:45:52,30.2,82.0,0.0,24.9751,121.269826
08BEAC0A0880,2023-09-03,10:46:21,29.1,100.0,1.0,23.7224119,120.3083761
08BEAC0A04EC,2023-09-03,10:46:29,29.1,100.0,0.0,24.936085,121.223586
08BEAC0A0774,2023-09-03,10:46:29,28.3,100.0,3.0,22.992411,120.294135
08BEAC0A085E,2023-09-03,10:46:37,28.5,100.0,4.0,23.1427276,120.2731514
08BEAC0A0830,2023-09-03,10:46:39,28.7,100.0,0.0,22.956295,120.248057
08BEAC0A089E,2023-09-03,10:46:44,27.5,100.0,0.0,23.12107103,120.4585091
08BEAC0A05AC,2023-09-03,10:47:10,28.6,100.0,0.0,22.912748,120.261227
08BEAC0A0826,2023-09-03,10:47:24,28.3,100.0,26.0,23.0865158,120.3191882
08BEAC0A0156,2023-09-03,10:47:33,29.8,100.0,0.0,24.0838267,120.752756
08BEAC0A07A2,2023-09-03,10:47:41,30.0,100.0,0.0,25.10392038,121.2447143
08BEAC0A06A6,2023-09-03,10:48:06,29.6,100.0,3.0,22.977305,120.186438
08BEAC0A0742,2023-09-03,10:48:16,28.7,100.0,4.0,23.003578,120.240161
08BEAC0A0218,2023-09-03,10:48:22,31.1,100.0,2.0,23.6869687,120.5865383
08BEAC0A080E,2023-09-03,10:48:23,32.2,100.0,3.0,23.158097,120.170618
08BEAC0A0678,2023-09-03,10:48:54,30.6,100.0,9.0,23.139376,120.138374
08BEAC0A0226,2023-09-03,10:49:12,28.2,100.0,0.0,23.2174825,120.365091
08BEAC0A019A,2023-09-03,10:49:16,30.1,100.0,4.0,23.3199,120.34515
08BEAC0A0344,2023-09-03,10:49:58,29.6,99.0,0.0,24.960122,121.178153
08BEAC0A0464,2023-09-03,10:50:13,29.3,100.0,3.0,22.989813,120.203024
08BEAC0A0398,2023-09-03,10:50:22,31.2,100.0,4.0,24.1494507,120.6816876
08BEAC0A06FA,2023-09-03,10:50:23,27.3,100.0,0.0,23.04435,120.470196
08BEAC0A084E,2023-09-03,10:50:30,30.6,100.0,0.0,24.9785086,121.3061612
08BEAC0A0480,2023-09-03,10:50:46,31.2,100.0,3.0,23.190069,120.192365
08BEAC0A0340,2023-09-03,10:50:48,29.2,100.0,4.0,22.9193352,120.2170451
08BEAC0A01AA,2023-09-03,10:51:09,30.2,82.0,0.0,24.9751,121.269826
08BEAC0A0880,2023-09-03,10:51:38,29.2,100.0,1.0,23.7224119,120.3083761
08BEAC0A04EC,2023-09-03,10:51:44,29.1,100.0,0.0,24.936085,121.223586
08BEAC0A0774,2023-09-03,10:51:45,28.2,100.0,4.0,22.992411,120.294135
08BEAC0A085E,2023-09-03,10:51:54,28.5,100.0,4.0,23.1427276,120.2731514
08BEAC0A0830,2023-09-03,10:52:00,28.7,100.0,0.0,22.956295,120.248057
08BEAC0A089E,2023-09-03,10:52:03,27.8,100.0,0.0,23.12107103,120.4585091
08BEAC0A05AC,2023-09-03,10:52:27,28.3,100.0,0.0,22.912748,120.261227
08BEAC0A0826,2023-09-03,10:52:42,28.0,100.0,17.0,23.0865158,120.3191882
08BEAC0A0156,2023-09-03,10:52:50,29.8,100.0,0.0,24.0838267,120.752756
08BEAC0A07A2,2023-09-03,10:52:59,29.8,100.0,0.0,25.10392038,121.2447143
08BEAC0A06A6,2023-09-03,10:53:23,29.3,100.0,4.0,22.977305,120.186438
08BEAC0A0742,2023-09-03,10:53:33,28.6,100.0,4.0,23.003578,120.240161
08BEAC0A0218,2023-09-03,10:53:40,31.3,100.0,2.0,23.6869687,120.5865383
08BEAC0A080E,2023-09-03,10:53:41,32.3,100.0,3.0,23.158097,120.170618
08BEAC0A0678,2023-09-03,10:54:09,30.6,100.0,7.0,23.139376,120.138374
08BEAC0A0050,2023-09-03,10:54:16,20.0,100.0,0.0,24.255411,121.259081
08BEAC0A0226,2023-09-03,10:54:29,28.5,100.0,0.0,23.2174825,120.365091
08BEAC0A0040,2023-09-03,10:54:30,28.6,100.0,0.0,22.99133,120.230478
08BEAC0A019A,2023-09-03,10:54:33,30.1,100.0,5.0,23.3199,120.34515
08BEAC0A0344,2023-09-03,10:55:15,29.6,99.0,0.0,24.960122,121.178153
08BEAC0A0464,2023-09-03,10:55:34,29.1,100.0,3.0,22.989813,120.203024
08BEAC0A0398,2023-09-03,10:55:41,31.2,100.0,2.0,24.1494507,120.6816876
08BEAC0A06FA,2023-09-03,10:55:41,27.6,100.0,0.0,23.04435,120.470196
08BEAC0A084E,2023-09-03,10:55:47,30.5,100.0,0.0,24.9785086,121.3061612
08BEAC0A0480,2023-09-03,10:56:03,31.2,100.0,4.0,23.190069,120.192365
08BEAC0A0340,2023-09-03,10:56:06,28.8,100.0,5.0,22.9193352,120.2170451
08BEAC0A01AA,2023-09-03,10:56:26,30.3,81.0,0.0,24.9751,121.269826
08BEAC0A0880,2023-09-03,10:56:56,29.2,100.0,1.0,23.7224119,120.3083761
08BEAC0A04EC,2023-09-03,10:56:58,29.2,100.0,0.0,24.936085,121.223586
08BEAC0A0774,2023-09-03,10:57:02,28.2,100.0,5.0,22.992411,120.294135
08BEAC0A085E,2023-09-03,10:57:10,28.7,100.0,5.0,23.1427276,120.2731514
08BEAC0A0830,2023-09-03,10:57:16,28.5,100.0,0.0,22.956295,120.248057
08BEAC0A089E,2023-09-03,10:57:20,28.2,100.0,0.0,23.12107103,120.4585091
08BEAC0A05AC,2023-09-03,10:57:44,28.3,100.0,0.0,22.912748,120.261227
08BEAC0A0826,2023-09-03,10:58:00,28.1,100.0,1.0,23.0865158,120.3191882
08BEAC0A0156,2023-09-03,10:58:07,29.7,100.0,0.0,24.0838267,120.752756
08BEAC0A07A2,2023-09-03,10:58:17,30.0,100.0,0.0,25.10392038,121.2447143
08BEAC0A06A6,2023-09-03,10:58:41,29.0,100.0,4.0,22.977305,120.186438
08BEAC0A0742,2023-09-03,10:58:48,28.5,100.0,5.0,23.003578,120.240161
08BEAC0A0218,2023-09-03,10:58:57,31.5,100.0,2.0,23.6869687,120.5865383
08BEAC0A080E,2023-09-03,10:58:58,32.3,100.0,3.0,23.158097,120.170618
08BEAC0A0678,2023-09-03,10:59:24,30.7,100.0,3.0,23.139376,120.138374
08BEAC0A0050,2023-09-03,10:59:33,20.3,100.0,0.0,24.255411,121.259081
08BEAC0A0226,2023-09-03,10:59:46,28.6,100.0,0.0,23.2174825,120.365091
08BEAC0A0040,2023-09-03,10:59:47,28.5,100.0,0.0,22.99133,120.230478
08BEAC0A019A,2023-09-03,10:59:49,30.1,100.0,4.0,23.3199,120.34515
08BEAC0A0344,2023-09-03,11:00:32,29.6,98.0,0.0,24.960122,121.178153
08BEAC0A0464,2023-09-03,11:00:52,29.0,100.0,4.0,22.989813,120.203024
08BEAC0A0398,2023-09-03,11:00:57,31.0,100.0,2.0,24.1494507,120.6816876
08BEAC0A084E,2023-09-03,11:01:05,30.5,100.0,0.0,24.9785086,121.3061612
08BEAC0A0480,2023-09-03,11:01:21,31.2,100.0,4.0,23.190069,120.192365
08BEAC0A0340,2023-09-03,11:01:24,28.7,100.0,5.0,22.9193352,120.2170451
08BEAC0A01AA,2023-09-03,11:01:43,30.2,81.0,1.0,24.9751,121.269826
08BEAC0A0880,2023-09-03,11:02:12,29.2,100.0,0.0,23.7224119,120.3083761
08BEAC0A04EC,2023-09-03,11:02:15,29.2,100.0,0.0,24.936085,121.223586
08BEAC0A0774,2023-09-03,11:02:18,28.2,100.0,1.0,22.992411,120.294135
08BEAC0A085E,2023-09-03,11:02:25,29.0,100.0,6.0,23.1427276,120.2731514
08BEAC0A0830,2023-09-03,11:02:32,28.5,100.0,0.0,22.956295,120.248057
08BEAC0A06FA,2023-09-03,11:02:35,27.6,100.0,0.0,23.04435,120.470196
08BEAC0A089E,2023-09-03,11:02:37,28.2,100.0,0.0,23.12107103,120.4585091
08BEAC0A05AC,2023-09-03,11:03:00,28.2,100.0,2.0,22.912748,120.261227
08BEAC0A0826,2023-09-03,11:03:16,28.2,100.0,0.0,23.0865158,120.3191882
08BEAC0A0156,2023-09-03,11:03:22,29.7,100.0,0.0,24.0838267,120.752756
08BEAC0A07A2,2023-09-03,11:03:34,30.0,100.0,0.0,25.10392038,121.2447143
08BEAC0A06A6,2023-09-03,11:03:59,28.6,100.0,5.0,22.977305,120.186438
08BEAC0A0742,2023-09-03,11:04:05,28.5,100.0,6.0,23.003578,120.240161
08BEAC0A0218,2023-09-03,11:04:15,31.6,100.0,3.0,23.6869687,120.5865383
08BEAC0A080E,2023-09-03,11:04:15,32.3,100.0,3.0,23.158097,120.170618
08BEAC0A0678,2023-09-03,11:04:40,30.6,100.0,3.0,23.139376,120.138374
08BEAC0A0050,2023-09-03,11:04:52,20.3,100.0,0.0,24.255411,121.259081
08BEAC0A0226,2023-09-03,11:05:04,28.6,100.0,0.0,23.2174825,120.365091
08BEAC0A019A,2023-09-03,11:05:06,30.1,100.0,4.0,23.3199,120.34515
08BEAC0A0040,2023-09-03,11:05:08,28.2,100.0,0.0,22.99133,120.230478
08BEAC0A0344,2023-09-03,11:05:51,29.6,98.0,0.0,24.960122,121.178153
08BEAC0A0464,2023-09-03,11:06:10,28.7,100.0,4.0,22.989813,120.203024
08BEAC0A0398,2023-09-03,11:06:14,30.8,100.0,2.0,24.1494507,120.6816876
08BEAC0A084E,2023-09-03,11:06:22,30.5,100.0,0.0,24.9785086,121.3061612
08BEAC0A0480,2023-09-03,11:06:39,31.2,100.0,3.0,23.190069,120.192365
08BEAC0A0340,2023-09-03,11:06:40,28.6,100.0,5.0,22.9193352,120.2170451
08BEAC0A01AA,2023-09-03,11:06:57,30.2,81.0,1.0,24.9751,121.269826
08BEAC0A0880,2023-09-03,11:07:29,29.3,100.0,0.0,23.7224119,120.3083761
08BEAC0A04EC,2023-09-03,11:07:34,29.2,100.0,0.0,24.936085,121.223586
08BEAC0A0774,2023-09-03,11:07:36,28.1,100.0,0.0,22.992411,120.294135
08BEAC0A085E,2023-09-03,11:07:41,29.1,100.0,15.0,23.1427276,120.2731514
08BEAC0A089E,2023-09-03,11:07:53,28.1,100.0,0.0,23.12107103,120.4585091
08BEAC0A06FA,2023-09-03,11:07:54,27.7,100.0,0.0,23.04435,120.470196
08BEAC0A0830,2023-09-03,11:07:54,28.5,100.0,0.0,22.956295,120.248057
08BEAC0A05AC,2023-09-03,11:08:16,28.1,100.0,0.0,22.912748,120.261227
08BEAC0A0826,2023-09-03,11:08:33,27.8,100.0,0.0,23.0865158,120.3191882
08BEAC0A0156,2023-09-03,11:08:39,29.6,100.0,0.0,24.0838267,120.752756
08BEAC0A07A2,2023-09-03,11:08:51,29.8,100.0,0.0,25.10392038,121.2447143
08BEAC0A06A6,2023-09-03,11:09:15,28.6,100.0,4.0,22.977305,120.186438
08BEAC0A0742,2023-09-03,11:09:23,28.5,100.0,2.0,23.003578,120.240161
08BEAC0A0218,2023-09-03,11:09:29,31.7,100.0,2.0,23.6869687,120.5865383
08BEAC0A080E,2023-09-03,11:09:35,32.2,100.0,3.0,23.158097,120.170618
08BEAC0A0678,2023-09-03,11:09:56,30.3,100.0,3.0,23.139376,120.138374
08BEAC0A0050,2023-09-03,11:10:08,21.0,100.0,0.0,24.255411,121.259081
08BEAC0A019A,2023-09-03,11:10:23,30.1,100.0,3.0,23.3199,120.34515
08BEAC0A0040,2023-09-03,11:10:24,28.2,100.0,0.0,22.99133,120.230478
08BEAC0A0344,2023-09-03,11:11:07,29.6,98.0,0.0,24.960122,121.178153
08BEAC0A0398,2023-09-03,11:11:29,31.0,100.0,2.0,24.1494507,120.6816876
08BEAC0A0464,2023-09-03,11:11:32,28.7,100.0,3.0,22.989813,120.203024
08BEAC0A084E,2023-09-03,11:11:38,30.6,100.0,0.0,24.9785086,121.3061612
08BEAC0A0480,2023-09-03,11:11:56,31.2,100.0,3.0,23.190069,120.192365
08BEAC0A0340,2023-09-03,11:11:57,28.6,100.0,6.0,22.9193352,120.2170451
08BEAC0A01AA,2023-09-03,11:12:13,30.2,80.0,2.0,24.9751,121.269826
08BEAC0A0880,2023-09-03,11:12:46,29.3,100.0,0.0,23.7224119,120.3083761
08BEAC0A04EC,2023-09-03,11:12:50,29.1,100.0,0.0,24.936085,121.223586
08BEAC0A0774,2023-09-03,11:12:53,28.0,100.0,0.0,22.992411,120.294135
08BEAC0A085E,2023-09-03,11:12:59,29.3,100.0,17.0,23.1427276,120.2731514
08BEAC0A06FA,2023-09-03,11:13:09,27.8,100.0,0.0,23.04435,120.470196
08BEAC0A089E,2023-09-03,11:13:11,28.0,100.0,0.0,23.12107103,120.4585091
08BEAC0A0830,2023-09-03,11:13:16,28.3,100.0,0.0,22.956295,120.248057
08BEAC0A05AC,2023-09-03,11:13:32,27.8,100.0,0.0,22.912748,120.261227
08BEAC0A0826,2023-09-03,11:13:51,28.6,100.0,0.0,23.0865158,120.3191882
08BEAC0A0156,2023-09-03,11:13:55,29.7,100.0,0.0,24.0838267,120.752756
08BEAC0A06A6,2023-09-03,11:14:30,28.6,100.0,2.0,22.977305,120.186438
08BEAC0A0742,2023-09-03,11:14:42,28.3,100.0,0.0,23.003578,120.240161
08BEAC0A0218,2023-09-03,11:14:47,31.7,100.0,3.0,23.6869687,120.5865383
08BEAC0A080E,2023-09-03,11:14:52,32.2,100.0,3.0,23.158097,120.170618
08BEAC0A0678,2023-09-03,11:15:13,30.1,100.0,3.0,23.139376,120.138374
08BEAC0A0050,2023-09-03,11:15:27,20.8,100.0,0.0,24.255411,121.259081
08BEAC0A0226,2023-09-03,11:15:35,28.5,100.0,0.0,23.2174825,120.365091
08BEAC0A019A,2023-09-03,11:15:38,30.1,100.0,4.0,23.3199,120.34515
08BEAC0A0040,2023-09-03,11:15:42,28.2,100.0,0.0,22.99133,120.230478
08BEAC0A0344,2023-09-03,11:16:24,29.5,98.0,0.0,24.960122,121.178153
08BEAC0A0398,2023-09-03,11:16:46,30.6,100.0,2.0,24.1494507,120.6816876
08BEAC0A0464,2023-09-03,11:16:48,28.6,100.0,0.0,22.989813,120.203024
08BEAC0A084E,2023-09-03,11:16:54,30.5,100.0,0.0,24.9785086,121.3061612
08BEAC0A0480,2023-09-03,11:17:12,31.2,100.0,3.0,23.190069,120.192365
08BEAC0A0340,2023-09-03,11:17:13,28.6,100.0,4.0,22.9193352,120.2170451
08BEAC0A01AA,2023-09-03,11:17:29,30.2,80.0,1.0,24.9751,121.269826
08BEAC0A0880,2023-09-03,11:18:03,29.5,100.0,0.0,23.7224119,120.3083761
08BEAC0A04EC,2023-09-03,11:18:07,29.1,100.0,0.0,24.936085,121.223586
08BEAC0A0774,2023-09-03,11:18:08,28.0,100.0,0.0,22.992411,120.294135
08BEAC0A085E,2023-09-03,11:18:16,29.5,100.0,16.0,23.1427276,120.2731514
08BEAC0A06FA,2023-09-03,11:18:26,27.6,100.0,0.0,23.04435,120.470196
08BEAC0A089E,2023-09-03,11:18:29,27.7,100.0,0.0,23.12107103,120.4585091
08BEAC0A0830,2023-09-03,11:18:36,28.2,100.0,0.0,22.956295,120.248057
08BEAC0A05AC,2023-09-03,11:18:48,27.6,100.0,0.0,22.912748,120.261227
08BEAC0A0826,2023-09-03,11:19:10,28.5,100.0,0.0,23.0865158,120.3191882
08BEAC0A0156,2023-09-03,11:19:12,29.7,100.0,0.0,24.0838267,120.752756
08BEAC0A06A6,2023-09-03,11:19:46,28.5,100.0,0.0,22.977305,120.186438
08BEAC0A07A2,2023-09-03,11:19:53,30.0,100.0,0.0,25.10392038,121.2447143
08BEAC0A0742,2023-09-03,11:19:59,28.3,100.0,0.0,23.003578,120.240161
08BEAC0A0218,2023-09-03,11:20:04,31.8,100.0,2.0,23.6869687,120.5865383
08BEAC0A080E,2023-09-03,11:20:11,32.2,100.0,3.0,23.158097,120.170618
08BEAC0A0678,2023-09-03,11:20:29,30.0,100.0,3.0,23.139376,120.138374
08BEAC0A0050,2023-09-03,11:20:45,20.5,100.0,0.0,24.255411,121.259081
08BEAC0A0226,2023-09-03,11:20:52,28.3,100.0,0.0,23.2174825,120.365091
08BEAC0A019A,2023-09-03,11:20:55,29.8,100.0,3.0,23.3199,120.34515
08BEAC0A0040,2023-09-03,11:21:00,28.2,100.0,0.0,22.99133,120.230478
08BEAC0A0344,2023-09-03,11:21:40,29.5,97.0,0.0,24.960122,121.178153
08BEAC0A0398,2023-09-03,11:22:05,30.5,100.0,1.0,24.1494507,120.6816876
08BEAC0A0464,2023-09-03,11:22:10,28.6,100.0,0.0,22.989813,120.203024
08BEAC0A084E,2023-09-03,11:22:11,30.6,100.0,0.0,24.9785086,121.3061612
08BEAC0A0480,2023-09-03,11:22:28,31.2,100.0,3.0,23.190069,120.192365
08BEAC0A0340,2023-09-03,11:22:30,28.5,100.0,1.0,22.9193352,120.2170451
08BEAC0A01AA,2023-09-03,11:22:45,30.2,80.0,0.0,24.9751,121.269826
08BEAC0A0880,2023-09-03,11:23:19,29.5,100.0,0.0,23.7224119,120.3083761
08BEAC0A04EC,2023-09-03,11:23:24,29.1,100.0,0.0,24.936085,121.223586
08BEAC0A0774,2023-09-03,11:23:25,28.0,100.0,0.0,22.992411,120.294135
08BEAC0A085E,2023-09-03,11:23:33,29.6,100.0,16.0,23.1427276,120.2731514
08BEAC0A06FA,2023-09-03,11:23:43,27.6,100.0,0.0,23.04435,120.470196
08BEAC0A089E,2023-09-03,11:23:46,27.8,100.0,0.0,23.12107103,120.4585091
08BEAC0A0830,2023-09-03,11:23:53,28.3,100.0,0.0,22.956295,120.248057
08BEAC0A05AC,2023-09-03,11:24:07,27.5,100.0,0.0,22.912748,120.261227
08BEAC0A0826,2023-09-03,11:24:27,28.5,100.0,0.0,23.0865158,120.3191882
08BEAC0A0156,2023-09-03,11:24:29,29.7,100.0,0.0,24.0838267,120.752756
08BEAC0A06A6,2023-09-03,11:25:03,28.5,100.0,0.0,22.977305,120.186438
08BEAC0A07A2,2023-09-03,11:25:11,30.1,100.0,0.0,25.10392038,121.2447143
08BEAC0A0742,2023-09-03,11:25:16,28.3,100.0,0.0,23.003578,120.240161
08BEAC0A0218,2023-09-03,11:25:21,32.1,100.0,2.0,23.6869687,120.5865383
08BEAC0A080E,2023-09-03,11:25:27,32.2,100.0,2.0,23.158097,120.170618
08BEAC0A0678,2023-09-03,11:25:46,29.7,100.0,3.0,23.139376,120.138374
08BEAC0A0050,2023-09-03,11:26:02,21.0,100.0,0.0,24.255411,121.259081
08BEAC0A0226,2023-09-03,11:26:10,28.3,100.0,0.0,23.2174825,120.365091
08BEAC0A019A,2023-09-03,11:26:12,29.7,100.0,4.0,23.3199,120.34515
08BEAC0A0040,2023-09-03,11:26:16,28.3,100.0,0.0,22.99133,120.230478
08BEAC0A0344,2023-09-03,11:26:58,29.6,97.0,0.0,24.960122,121.178153
08BEAC0A0398,2023-09-03,11:27:22,30.3,100.0,2.0,24.1494507,120.6816876
08BEAC0A0464,2023-09-03,11:27:29,28.6,100.0,0.0,22.989813,120.203024
08BEAC0A084E,2023-09-03,11:27:30,30.5,100.0,0.0,24.9785086,121.3061612
08BEAC0A0480,2023-09-03,11:27:44,31.2,100.0,2.0,23.190069,120.192365
08BEAC0A0340,2023-09-03,11:27:46,28.3,100.0,0.0,22.9193352,120.2170451
08BEAC0A01AA,2023-09-03,11:28:03,30.3,79.0,1.0,24.9751,121.269826
08BEAC0A0880,2023-09-03,11:28:37,29.3,100.0,1.0,23.7224119,120.3083761
08BEAC0A04EC,2023-09-03,11:28:40,29.1,100.0,0.0,24.936085,121.223586
08BEAC0A0774,2023-09-03,11:28:43,28.0,100.0,0.0,22.992411,120.294135
08BEAC0A085E,2023-09-03,11:28:52,29.7,100.0,17.0,23.1427276,120.2731514
08BEAC0A06FA,2023-09-03,11:29:00,27.5,100.0,0.0,23.04435,120.470196
08BEAC0A089E,2023-09-03,11:29:04,27.8,100.0,0.0,23.12107103,120.4585091
08BEAC0A0830,2023-09-03,11:29:14,28.5,100.0,0.0,22.956295,120.248057
08BEAC0A05AC,2023-09-03,11:29:21,27.3,100.0,0.0,22.912748,120.261227
08BEAC0A0826,2023-09-03,11:29:44,28.3,100.0,0.0,23.0865158,120.3191882
08BEAC0A0156,2023-09-03,11:29:47,29.7,100.0,0.0,24.0838267,120.752756
08BEAC0A06A6,2023-09-03,11:30:21,28.5,100.0,0.0,22.977305,120.186438
08BEAC0A07A2,2023-09-03,11:30:28,30.1,100.0,0.0,25.10392038,121.2447143
08BEAC0A0742,2023-09-03,11:30:32,28.3,100.0,0.0,23.003578,120.240161
08BEAC0A0218,2023-09-03,11:30:37,32.1,100.0,1.0,23.6869687,120.5865383
08BEAC0A080E,2023-09-03,11:30:46,32.3,100.0,3.0,23.158097,120.170618
08BEAC0A0678,2023-09-03,11:31:04,29.6,100.0,3.0,23.139376,120.138374
08BEAC0A0050,2023-09-03,11:31:19,21.0,100.0,0.0,24.255411,121.259081
08BEAC0A0226,2023-09-03,11:31:27,28.3,100.0,0.0,23.2174825,120.365091
08BEAC0A019A,2023-09-03,11:31:30,29.8,100.0,4.0,23.3199,120.34515
08BEAC0A0040,2023-09-03,11:31:32,28.3,100.0,0.0,22.99133,120.230478
08BEAC0A0344,2023-09-03,11:32:14,29.6,96.0,0.0,24.960122,121.178153
08BEAC0A0398,2023-09-03,11:32:40,30.6,100.0,2.0,24.1494507,120.6816876
08BEAC0A084E,2023-09-03,11:32:47,30.5,100.0,0.0,24.9785086,121.3061612
08BEAC0A0464,2023-09-03,11:32:49,28.3,100.0,0.0,22.989813,120.203024
08BEAC0A0480,2023-09-03,11:33:01,31.2,100.0,4.0,23.190069,120.192365
08BEAC0A0340,2023-09-03,11:33:04,28.2,100.0,2.0,22.9193352,120.2170451
08BEAC0A01AA,2023-09-03,11:33:19,30.3,80.0,1.0,24.9751,121.269826
08BEAC0A0880,2023-09-03,11:33:55,29.2,100.0,1.0,23.7224119,120.3083761
08BEAC0A04EC,2023-09-03,11:33:58,29.0,100.0,0.0,24.936085,121.223586
08BEAC0A0774,2023-09-03,11:33:59,27.8,100.0,0.0,22.992411,120.294135
08BEAC0A06FA,2023-09-03,11:34:16,27.5,100.0,0.0,23.04435,120.470196
08BEAC0A089E,2023-09-03,11:34:21,27.8,100.0,0.0,23.12107103,120.4585091
08BEAC0A0830,2023-09-03,11:34:36,28.6,100.0,0.0,22.956295,120.248057
08BEAC0A05AC,2023-09-03,11:34:37,27.3,100.0,0.0,22.912748,120.261227
08BEAC0A0826,2023-09-03,11:34:59,28.3,100.0,0.0,23.0865158,120.3191882
08BEAC0A0156,2023-09-03,11:35:04,29.7,100.0,0.0,24.0838267,120.752756
08BEAC0A06A6,2023-09-03,11:35:37,28.2,100.0,0.0,22.977305,120.186438
08BEAC0A07A2,2023-09-03,11:35:43,30.0,100.0,0.0,25.10392038,121.2447143
08BEAC0A0742,2023-09-03,11:35:47,28.2,100.0,0.0,23.003578,120.240161
08BEAC0A0218,2023-09-03,11:35:53,32.0,100.0,1.0,23.6869687,120.5865383
08BEAC0A080E,2023-09-03,11:36:01,32.2,100.0,2.0,23.158097,120.170618
08BEAC0A0678,2023-09-03,11:36:19,29.5,100.0,3.0,23.139376,120.138374
08BEAC0A0050,2023-09-03,11:36:40,21.3,100.0,0.0,24.255411,121.259081
08BEAC0A0226,2023-09-03,11:36:44,28.5,100.0,0.0,23.2174825,120.365091
08BEAC0A019A,2023-09-03,11:36:47,30.0,100.0,4.0,23.3199,120.34515
08BEAC0A0040,2023-09-03,11:36:50,28.0,100.0,0.0,22.99133,120.230478
08BEAC0A0344,2023-09-03,11:37:31,29.6,97.0,0.0,24.960122,121.178153
08BEAC0A0398,2023-09-03,11:37:55,30.5,100.0,2.0,24.1494507,120.6816876
08BEAC0A084E,2023-09-03,11:38:04,30.6,100.0,0.0,24.9785086,121.3061612
08BEAC0A0464,2023-09-03,11:38:09,28.2,100.0,0.0,22.989813,120.203024
08BEAC0A0480,2023-09-03,11:38:18,31.2,100.0,4.0,23.190069,120.192365
08BEAC0A0340,2023-09-03,11:38:22,28.5,100.0,3.0,22.9193352,120.2170451
08BEAC0A01AA,2023-09-03,11:38:35,30.3,81.0,1.0,24.9751,121.269826
08BEAC0A0880,2023-09-03,11:39:12,29.2,100.0,1.0,23.7224119,120.3083761
08BEAC0A04EC,2023-09-03,11:39:17,29.0,100.0,0.0,24.936085,121.223586
08BEAC0A085E,2023-09-03,11:39:18,30.0,100.0,18.0,23.1427276,120.2731514
08BEAC0A0774,2023-09-03,11:39:19,27.8,100.0,0.0,22.992411,120.294135
08BEAC0A06FA,2023-09-03,11:39:32,27.6,100.0,0.0,23.04435,120.470196
08BEAC0A089E,2023-09-03,11:39:38,27.8,100.0,0.0,23.12107103,120.4585091
08BEAC0A05AC,2023-09-03,11:39:53,27.5,100.0,0.0,22.912748,120.261227
08BEAC0A0830,2023-09-03,11:39:54,28.5,100.0,0.0,22.956295,120.248057
08BEAC0A0826,2023-09-03,11:40:16,28.1,100.0,0.0,23.0865158,120.3191882
08BEAC0A0156,2023-09-03,11:40:21,29.6,100.0,0.0,24.0838267,120.752756
08BEAC0A06A6,2023-09-03,11:40:52,28.1,100.0,0.0,22.977305,120.186438
08BEAC0A07A2,2023-09-03,11:41:03,30.0,100.0,0.0,25.10392038,121.2447143
08BEAC0A0742,2023-09-03,11:41:04,28.0,100.0,0.0,23.003578,120.240161
08BEAC0A0218,2023-09-03,11:41:10,31.8,100.0,1.0,23.6869687,120.5865383
08BEAC0A080E,2023-09-03,11:41:21,32.2,100.0,3.0,23.158097,120.170618
08BEAC0A0678,2023-09-03,11:41:36,29.6,100.0,4.0,23.139376,120.138374
08BEAC0A0050,2023-09-03,11:41:55,20.7,100.0,0.0,24.255411,121.259081
08BEAC0A0226,2023-09-03,11:42:00,28.3,100.0,0.0,23.2174825,120.365091
08BEAC0A019A,2023-09-03,11:42:03,30.1,100.0,3.0,23.3199,120.34515
08BEAC0A0040,2023-09-03,11:42:07,27.7,100.0,0.0,22.99133,120.230478
08BEAC0A0344,2023-09-03,11:42:48,29.6,98.0,0.0,24.960122,121.178153
08BEAC0A0398,2023-09-03,11:43:12,30.3,100.0,1.0,24.1494507,120.6816876
08BEAC0A084E,2023-09-03,11:43:22,30.5,100.0,0.0,24.9785086,121.3061612
08BEAC0A0464,2023-09-03,11:43:30,28.0,100.0,0.0,22.989813,120.203024
08BEAC0A0480,2023-09-03,11:43:36,31.2,100.0,4.0,23.190069,120.192365
08BEAC0A0340,2023-09-03,11:43:39,28.6,100.0,1.0,22.9193352,120.2170451
08BEAC0A01AA,2023-09-03,11:43:51,30.5,83.0,1.0,24.9751,121.269826
08BEAC0A0880,2023-09-03,11:44:31,29.1,100.0,1.0,23.7224119,120.3083761
08BEAC0A04EC,2023-09-03,11:44:32,29.0,100.0,0.0,24.936085,121.223586
08BEAC0A0774,2023-09-03,11:44:37,27.7,100.0,0.0,22.992411,120.294135
08BEAC0A085E,2023-09-03,11:44:39,29.8,100.0,2.0,23.1427276,120.2731514
08BEAC0A06FA,2023-09-03,11:44:49,27.6,100.0,0.0,23.04435,120.470196
08BEAC0A089E,2023-09-03,11:44:54,28.0,100.0,0.0,23.12107103,120.4585091
08BEAC0A05AC,2023-09-03,11:45:10,27.3,100.0,0.0,22.912748,120.261227
08BEAC0A0830,2023-09-03,11:45:13,28.3,100.0,0.0,22.956295,120.248057
08BEAC0A0826,2023-09-03,11:45:33,28.2,100.0,0.0,23.0865158,120.3191882
08BEAC0A0156,2023-09-03,11:45:38,29.6,100.0,0.0,24.0838267,120.752756
08BEAC0A06A6,2023-09-03,11:46:08,28.1,100.0,0.0,22.977305,120.186438
08BEAC0A07A2,2023-09-03,11:46:17,30.2,100.0,0.0,25.10392038,121.2447143
08BEAC0A0742,2023-09-03,11:46:20,27.7,100.0,0.0,23.003578,120.240161
08BEAC0A0218,2023-09-03,11:46:26,31.7,100.0,1.0,23.6869687,120.5865383
08BEAC0A080E,2023-09-03,11:46:37,32.2,100.0,3.0,23.158097,120.170618
08BEAC0A0678,2023-09-03,11:46:55,29.6,100.0,4.0,23.139376,120.138374
08BEAC0A0050,2023-09-03,11:47:11,20.2,100.0,0.0,24.255411,121.259081
08BEAC0A0226,2023-09-03,11:47:18,28.3,100.0,0.0,23.2174825,120.365091
08BEAC0A019A,2023-09-03,11:47:19,30.2,100.0,4.0,23.3199,120.34515
08BEAC0A0040,2023-09-03,11:47:24,28.1,100.0,0.0,22.99133,120.230478
08BEAC0A0344,2023-09-03,11:48:05,29.6,99.0,0.0,24.960122,121.178153
08BEAC0A0398,2023-09-03,11:48:30,30.5,100.0,1.0,24.1494507,120.6816876
08BEAC0A084E,2023-09-03,11:48:39,30.5,100.0,0.0,24.9785086,121.3061612
08BEAC0A0464,2023-09-03,11:48:52,27.7,100.0,0.0,22.989813,120.203024
08BEAC0A0480,2023-09-03,11:48:53,31.2,100.0,3.0,23.190069,120.192365
08BEAC0A0340,2023-09-03,11:48:56,28.5,100.0,0.0,22.9193352,120.2170451
08BEAC0A01AA,2023-09-03,11:49:08,30.3,85.0,1.0,24.9751,121.269826
08BEAC0A0880,2023-09-03,11:49:47,29.0,100.0,1.0,23.7224119,120.3083761
08BEAC0A04EC,2023-09-03,11:49:51,28.8,100.0,0.0,24.936085,121.223586
08BEAC0A0774,2023-09-03,11:49:55,27.6,100.0,0.0,22.992411,120.294135
08BEAC0A085E,2023-09-03,11:49:57,29.6,100.0,1.0,23.1427276,120.2731514
08BEAC0A06FA,2023-09-03,11:50:07,27.6,100.0,0.0,23.04435,120.470196
08BEAC0A089E,2023-09-03,11:50:10,28.0,100.0,0.0,23.12107103,120.4585091
08BEAC0A05AC,2023-09-03,11:50:27,27.3,100.0,0.0,22.912748,120.261227
08BEAC0A0830,2023-09-03,11:50:34,28.1,100.0,0.0,22.956295,120.248057
08BEAC0A0826,2023-09-03,11:50:52,28.1,100.0,0.0,23.0865158,120.3191882
08BEAC0A0156,2023-09-03,11:50:55,29.6,100.0,0.0,24.0838267,120.752756
08BEAC0A06A6,2023-09-03,11:51:26,27.7,100.0,0.0,22.977305,120.186438
08BEAC0A07A2,2023-09-03,11:51:34,30.0,100.0,1.0,25.10392038,121.2447143
08BEAC0A0742,2023-09-03,11:51:39,27.7,100.0,0.0,23.003578,120.240161
08BEAC0A0218,2023-09-03,11:51:44,31.3,100.0,3.0,23.6869687,120.5865383
08BEAC0A080E,2023-09-03,11:51:55,32.2,100.0,2.0,23.158097,120.170618
08BEAC0A0678,2023-09-03,11:52:10,29.7,100.0,4.0,23.139376,120.138374
08BEAC0A0050,2023-09-03,11:52:27,20.1,100.0,0.0,24.255411,121.259081
08BEAC0A0226,2023-09-03,11:52:35,28.2,100.0,0.0,23.2174825,120.365091
08BEAC0A019A,2023-09-03,11:52:36,30.0,100.0,3.0,23.3199,120.34515
08BEAC0A0040,2023-09-03,11:52:41,27.8,100.0,0.0,22.99133,120.230478
08BEAC0A0344,2023-09-03,11:53:22,29.6,100.0,0.0,24.960122,121.178153
08BEAC0A084E,2023-09-03,11:53:56,30.5,100.0,0.0,24.9785086,121.3061612
08BEAC0A0480,2023-09-03,11:54:08,31.2,100.0,3.0,23.190069,120.192365
08BEAC0A0464,2023-09-03,11:54:12,27.6,100.0,0.0,22.989813,120.203024
08BEAC0A0340,2023-09-03,11:54:14,28.5,100.0,1.0,22.9193352,120.2170451
08BEAC0A01AA,2023-09-03,11:54:25,30.3,86.0,1.0,24.9751,121.269826
08BEAC0A0880,2023-09-03,11:55:04,29.0,100.0,2.0,23.7224119,120.3083761
08BEAC0A04EC,2023-09-03,11:55:09,28.7,100.0,0.0,24.936085,121.223586
08BEAC0A0774,2023-09-03,11:55:13,27.5,100.0,0.0,22.992411,120.294135
08BEAC0A085E,2023-09-03,11:55:15,29.5,100.0,1.0,23.1427276,120.2731514
08BEAC0A06FA,2023-09-03,11:55:24,27.6,100.0,0.0,23.04435,120.470196
08BEAC0A089E,2023-09-03,11:55:25,27.8,100.0,0.0,23.12107103,120.4585091
08BEAC0A05AC,2023-09-03,11:55:46,27.3,100.0,0.0,22.912748,120.261227
08BEAC0A0830,2023-09-03,11:55:56,28.0,100.0,0.0,22.956295,120.248057
08BEAC0A0826,2023-09-03,11:56:08,28.1,100.0,0.0,23.0865158,120.3191882
08BEAC0A0156,2023-09-03,11:56:12,29.6,100.0,0.0,24.0838267,120.752756
08BEAC0A06A6,2023-09-03,11:56:43,27.5,100.0,0.0,22.977305,120.186438
08BEAC0A07A2,2023-09-03,11:56:53,30.0,100.0,1.0,25.10392038,121.2447143
08BEAC0A0742,2023-09-03,11:56:58,27.5,100.0,0.0,23.003578,120.240161
08BEAC0A0218,2023-09-03,11:57:00,31.1,100.0,2.0,23.6869687,120.5865383
08BEAC0A080E,2023-09-03,11:57:12,32.2,100.0,2.0,23.158097,120.170618
08BEAC0A0678,2023-09-03,11:57:27,29.8,100.0,4.0,23.139376,120.138374
08BEAC0A0050,2023-09-03,11:57:45,20.7,100.0,0.0,24.255411,121.259081
08BEAC0A019A,2023-09-03,11:57:53,29.8,100.0,4.0,23.3199,120.34515
08BEAC0A0226,2023-09-03,11:57:53,28.2,100.0,0.0,23.2174825,120.365091
08BEAC0A0040,2023-09-03,11:57:57,28.0,100.0,0.0,22.99133,120.230478
08BEAC0A0344,2023-09-03,11:58:39,29.6,100.0,1.0,24.960122,121.178153
08BEAC0A0398,2023-09-03,11:58:59,30.2,100.0,1.0,24.1494507,120.6816876
08BEAC0A084E,2023-09-03,11:59:14,30.5,100.0,0.0,24.9785086,121.3061612
08BEAC0A0480,2023-09-03,11:59:24,31.2,100.0,3.0,23.190069,120.192365
08BEAC0A0340,2023-09-03,11:59:33,28.1,100.0,0.0,22.9193352,120.2170451
08BEAC0A0464,2023-09-03,11:59:33,27.6,100.0,0.0,22.989813,120.203024
08BEAC0A01AA,2023-09-03,11:59:42,30.2,87.0,1.0,24.9751,121.269826
08BEAC0A0880,2023-09-03,12:00:19,29.1,100.0,1.0,23.7224119,120.3083761
08BEAC0A04EC,2023-09-03,12:00:26,28.6,100.0,1.0,24.936085,121.223586
08BEAC0A0774,2023-09-03,12:00:31,27.5,100.0,0.0,22.992411,120.294135
08BEAC0A085E,2023-09-03,12:00:31,29.5,100.0,0.0,23.1427276,120.2731514
08BEAC0A089E,2023-09-03,12:00:41,27.7,100.0,0.0,23.12107103,120.4585091
08BEAC0A06FA,2023-09-03,12:00:42,27.6,100.0,0.0,23.04435,120.470196
08BEAC0A05AC,2023-09-03,12:01:04,27.3,100.0,0.0,22.912748,120.261227
08BEAC0A0830,2023-09-03,12:01:16,27.7,100.0,0.0,22.956295,120.248057
08BEAC0A0826,2023-09-03,12:01:25,27.7,100.0,0.0,23.0865158,120.3191882
08BEAC0A0156,2023-09-03,12:01:28,29.5,100.0,0.0,24.0838267,120.752756
08BEAC0A06A6,2023-09-03,12:02:01,27.6,100.0,0.0,22.977305,120.186438
08BEAC0A07A2,2023-09-03,12:02:09,30.1,100.0,1.0,25.10392038,121.2447143
08BEAC0A0742,2023-09-03,12:02:14,27.5,100.0,0.0,23.003578,120.240161
08BEAC0A0218,2023-09-03,12:02:18,30.7,100.0,2.0,23.6869687,120.5865383
08BEAC0A080E,2023-09-03,12:02:31,32.2,100.0,2.0,23.158097,120.170618
08BEAC0A0678,2023-09-03,12:02:43,29.8,100.0,4.0,23.139376,120.138374
08BEAC0A0050,2023-09-03,12:03:03,21.0,100.0,0.0,24.255411,121.259081
08BEAC0A0226,2023-09-03,12:03:10,28.2,100.0,0.0,23.2174825,120.365091
08BEAC0A019A,2023-09-03,12:03:12,29.7,100.0,4.0,23.3199,120.34515
08BEAC0A0040,2023-09-03,12:03:15,28.1,100.0,0.0,22.99133,120.230478
08BEAC0A0344,2023-09-03,12:03:56,29.5,100.0,0.0,24.960122,121.178153
08BEAC0A0398,2023-09-03,12:04:14,30.3,100.0,1.0,24.1494507,120.6816876
08BEAC0A084E,2023-09-03,12:04:29,30.5,100.0,0.0,24.9785086,121.3061612
08BEAC0A0480,2023-09-03,12:04:40,31.2,100.0,3.0,23.190069,120.192365
08BEAC0A0340,2023-09-03,12:04:49,28.0,100.0,0.0,22.9193352,120.2170451
08BEAC0A0464,2023-09-03,12:04:52,27.5,100.0,0.0,22.989813,120.203024
08BEAC0A01AA,2023-09-03,12:04:57,30.3,88.0,1.0,24.9751,121.269826
08BEAC0A0880,2023-09-03,12:05:38,29.1,100.0,1.0,23.7224119,120.3083761
08BEAC0A04EC,2023-09-03,12:05:43,28.7,100.0,1.0,24.936085,121.223586
08BEAC0A0774,2023-09-03,12:05:48,27.6,100.0,0.0,22.992411,120.294135
08BEAC0A085E,2023-09-03,12:05:49,29.5,100.0,0.0,23.1427276,120.2731514
08BEAC0A06FA,2023-09-03,12:05:59,27.6,100.0,0.0,23.04435,120.470196
08BEAC0A089E,2023-09-03,12:05:59,27.5,100.0,0.0,23.12107103,120.4585091
08BEAC0A05AC,2023-09-03,12:06:24,27.3,100.0,0.0,22.912748,120.261227
08BEAC0A0830,2023-09-03,12:06:37,27.8,100.0,0.0,22.956295,120.248057
08BEAC0A0826,2023-09-03,12:06:43,27.7,100.0,0.0,23.0865158,120.3191882
08BEAC0A0156,2023-09-03,12:06:45,29.5,100.0,0.0,24.0838267,120.752756
08BEAC0A06A6,2023-09-03,12:07:19,27.5,100.0,0.0,22.977305,120.186438
08BEAC0A07A2,2023-09-03,12:07:27,30.1,100.0,2.0,25.10392038,121.2447143
08BEAC0A0742,2023-09-03,12:07:34,27.5,100.0,0.0,23.003578,120.240161
08BEAC0A0218,2023-09-03,12:07:36,30.3,100.0,3.0,23.6869687,120.5865383
08BEAC0A080E,2023-09-03,12:07:47,32.1,100.0,3.0,23.158097,120.170618
08BEAC0A0678,2023-09-03,12:07:59,30.0,100.0,5.0,23.139376,120.138374
08BEAC0A0050,2023-09-03,12:08:19,20.5,100.0,0.0,24.255411,121.259081
08BEAC0A019A,2023-09-03,12:08:28,29.6,100.0,5.0,23.3199,120.34515
08BEAC0A0226,2023-09-03,12:08:28,28.2,100.0,0.0,23.2174825,120.365091
08BEAC0A0040,2023-09-03,12:08:33,28.1,100.0,0.0,22.99133,120.230478
08BEAC0A0344,2023-09-03,12:09:12,29.5,100.0,0.0,24.960122,121.178153
08BEAC0A0398,2023-09-03,12:09:35,30.3,100.0,1.0,24.1494507,120.6816876
08BEAC0A084E,2023-09-03,12:09:47,30.5,100.0,0.0,24.9785086,121.3061612
08BEAC0A0480,2023-09-03,12:09:55,31.1,100.0,3.0,23.190069,120.192365
08BEAC0A0340,2023-09-03,12:10:03,27.8,100.0,0.0,22.9193352,120.2170451
08BEAC0A0464,2023-09-03,12:10:12,27.3,100.0,0.0,22.989813,120.203024
08BEAC0A01AA,2023-09-03,12:10:13,30.3,89.0,2.0,24.9751,121.269826
08BEAC0A0880,2023-09-03,12:10:58,29.2,100.0,1.0,23.7224119,120.3083761
08BEAC0A04EC,2023-09-03,12:11:00,28.7,100.0,1.0,24.936085,121.223586
08BEAC0A0774,2023-09-03,12:11:06,27.5,100.0,0.0,22.992411,120.294135
08BEAC0A085E,2023-09-03,12:11:07,29.6,100.0,0.0,23.1427276,120.2731514
08BEAC0A089E,2023-09-03,12:11:16,27.3,100.0,0.0,23.12107103,120.4585091
08BEAC0A06FA,2023-09-03,12:11:17,27.5,100.0,0.0,23.04435,120.470196
08BEAC0A05AC,2023-09-03,12:11:42,27.3,100.0,0.0,22.912748,120.261227
08BEAC0A0830,2023-09-03,12:11:53,27.8,100.0,0.0,22.956295,120.248057
08BEAC0A0826,2023-09-03,12:12:00,27.7,100.0,0.0,23.0865158,120.3191882
08BEAC0A0156,2023-09-03,12:12:01,29.5,100.0,0.0,24.0838267,120.752756
08BEAC0A06A6,2023-09-03,12:12:37,27.6,100.0,0.0,22.977305,120.186438
08BEAC0A07A2,2023-09-03,12:12:42,30.1,100.0,2.0,25.10392038,121.2447143
08BEAC0A0742,2023-09-03,12:12:49,27.3,100.0,0.0,23.003578,120.240161
08BEAC0A0218,2023-09-03,12:12:53,30.0,100.0,3.0,23.6869687,120.5865383
08BEAC0A080E,2023-09-03,12:13:08,32.2,100.0,2.0,23.158097,120.170618
08BEAC0A0678,2023-09-03,12:13:15,30.2,100.0,5.0,23.139376,120.138374
08BEAC0A0050,2023-09-03,12:13:36,20.2,100.0,0.0,24.255411,121.259081
08BEAC0A0226,2023-09-03,12:13:45,28.3,100.0,0.0,23.2174825,120.365091
08BEAC0A019A,2023-09-03,12:13:47,29.5,100.0,9.0,23.3199,120.34515
08BEAC0A0040,2023-09-03,12:13:50,28.0,100.0,0.0,22.99133,120.230478
08BEAC0A0344,2023-09-03,12:14:28,29.6,100.0,1.0,24.960122,121.178153
08BEAC0A0398,2023-09-03,12:14:51,30.3,100.0,0.0,24.1494507,120.6816876
08BEAC0A084E,2023-09-03,12:15:03,30.5,100.0,0.0,24.9785086,121.3061612
08BEAC0A0480,2023-09-03,12:15:11,31.2,100.0,3.0,23.190069,120.192365
08BEAC0A0340,2023-09-03,12:15:19,27.8,100.0,1.0,22.9193352,120.2170451
08BEAC0A0464,2023-09-03,12:15:29,27.3,100.0,0.0,22.989813,120.203024
08BEAC0A01AA,2023-09-03,12:15:32,30.2,90.0,2.0,24.9751,121.269826
08BEAC0A0880,2023-09-03,12:16:14,29.1,100.0,2.0,23.7224119,120.3083761
08BEAC0A04EC,2023-09-03,12:16:16,28.7,100.0,1.0,24.936085,121.223586
08BEAC0A085E,2023-09-03,12:16:24,29.5,100.0,0.0,23.1427276,120.2731514
08BEAC0A0774,2023-09-03,12:16:25,27.5,100.0,0.0,22.992411,120.294135
08BEAC0A06FA,2023-09-03,12:16:35,27.3,100.0,0.0,23.04435,120.470196
08BEAC0A05AC,2023-09-03,12:17:01,27.2,100.0,0.0,22.912748,120.261227
08BEAC0A0830,2023-09-03,12:17:14,27.8,100.0,0.0,22.956295,120.248057
08BEAC0A0826,2023-09-03,12:17:17,27.7,100.0,0.0,23.0865158,120.3191882
08BEAC0A0156,2023-09-03,12:17:19,29.6,100.0,0.0,24.0838267,120.752756
08BEAC0A06A6,2023-09-03,12:17:52,27.5,100.0,0.0,22.977305,120.186438
08BEAC0A07A2,2023-09-03,12:17:58,30.1,100.0,3.0,25.10392038,121.2447143
08BEAC0A0742,2023-09-03,12:18:05,27.3,100.0,0.0,23.003578,120.240161
08BEAC0A0218,2023-09-03,12:18:09,30.0,100.0,3.0,23.6869687,120.5865383
08BEAC0A080E,2023-09-03,12:18:29,32.1,100.0,2.0,23.158097,120.170618
08BEAC0A0678,2023-09-03,12:18:32,30.2,100.0,5.0,23.139376,120.138374
08BEAC0A0050,2023-09-03,12:18:53,19.7,100.0,0.0,24.255411,121.259081
08BEAC0A0226,2023-09-03,12:19:02,28.3,100.0,0.0,23.2174825,120.365091
08BEAC0A019A,2023-09-03,12:19:05,29.6,100.0,15.0,23.3199,120.34515
08BEAC0A0040,2023-09-03,12:19:10,28.2,100.0,0.0,22.99133,120.230478
08BEAC0A0344,2023-09-03,12:19:44,29.6,100.0,1.0,24.960122,121.178153
08BEAC0A0398,2023-09-03,12:20:06,30.6,100.0,1.0,24.1494507,120.6816876
08BEAC0A084E,2023-09-03,12:20:21,30.5,100.0,0.0,24.9785086,121.3061612
08BEAC0A0480,2023-09-03,12:20:28,31.1,100.0,3.0,23.190069,120.192365
08BEAC0A0340,2023-09-03,12:20:38,27.6,100.0,1.0,22.9193352,120.2170451
08BEAC0A01AA,2023-09-03,12:20:49,30.2,90.0,3.0,24.9751,121.269826
08BEAC0A0464,2023-09-03,12:20:55,27.3,100.0,0.0,22.989813,120.203024
08BEAC0A0880,2023-09-03,12:21:30,29.1,100.0,2.0,23.7224119,120.3083761
08BEAC0A04EC,2023-09-03,12:21:33,28.7,100.0,1.0,24.936085,121.223586
08BEAC0A085E,2023-09-03,12:21:39,29.5,100.0,0.0,23.1427276,120.2731514
08BEAC0A0774,2023-09-03,12:21:44,27.5,100.0,0.0,22.992411,120.294135
08BEAC0A089E,2023-09-03,12:21:46,27.2,100.0,0.0,23.12107103,120.4585091
08BEAC0A06FA,2023-09-03,12:21:51,27.5,100.0,0.0,23.04435,120.470196
08BEAC0A05AC,2023-09-03,12:22:17,27.3,100.0,0.0,22.912748,120.261227
08BEAC0A0826,2023-09-03,12:22:33,27.7,100.0,0.0,23.0865158,120.3191882
08BEAC0A0830,2023-09-03,12:22:37,28.1,100.0,0.0,22.956295,120.248057
08BEAC0A0156,2023-09-03,12:22:38,29.5,100.0,0.0,24.0838267,120.752756
08BEAC0A06A6,2023-09-03,12:23:07,27.3,100.0,0.0,22.977305,120.186438
08BEAC0A07A2,2023-09-03,12:23:14,30.1,100.0,2.0,25.10392038,121.2447143
08BEAC0A0742,2023-09-03,12:23:22,27.3,100.0,0.0,23.003578,120.240161
08BEAC0A0218,2023-09-03,12:23:24,29.8,100.0,3.0,23.6869687,120.5865383
08BEAC0A080E,2023-09-03,12:23:45,32.2,100.0,2.0,23.158097,120.170618
08BEAC0A0678,2023-09-03,12:23:49,30.2,100.0,1.0,23.139376,120.138374
08BEAC0A0050,2023-09-03,12:24:10,19.8,100.0,0.0,24.255411,121.259081
08BEAC0A0226,2023-09-03,12:24:19,28.6,100.0,0.0,23.2174825,120.365091
08BEAC0A019A,2023-09-03,12:24:22,29.6,100.0,16.0,23.3199,120.34515
08BEAC0A0040,2023-09-03,12:24:27,28.2,100.0,0.0,22.99133,120.230478
08BEAC0A0344,2023-09-03,12:25:00,29.6,100.0,1.0,24.960122,121.178153
08BEAC0A0398,2023-09-03,12:25:25,30.7,98.0,1.0,24.1494507,120.6816876
08BEAC0A084E,2023-09-03,12:25:39,30.5,100.0,0.0,24.9785086,121.3061612
08BEAC0A0480,2023-09-03,12:25:45,31.1,100.0,4.0,23.190069,120.192365
08BEAC0A0340,2023-09-03,12:25:54,27.7,100.0,0.0,22.9193352,120.2170451
08BEAC0A01AA,2023-09-03,12:26:06,30.2,91.0,3.0,24.9751,121.269826
08BEAC0A0464,2023-09-03,12:26:13,27.3,100.0,0.0,22.989813,120.203024
08BEAC0A0880,2023-09-03,12:26:45,29.1,100.0,2.0,23.7224119,120.3083761
08BEAC0A04EC,2023-09-03,12:26:51,28.7,100.0,2.0,24.936085,121.223586
08BEAC0A085E,2023-09-03,12:26:56,29.3,100.0,0.0,23.1427276,120.2731514
08BEAC0A0774,2023-09-03,12:27:01,27.6,100.0,0.0,22.992411,120.294135
08BEAC0A089E,2023-09-03,12:27:07,27.3,100.0,0.0,23.12107103,120.4585091
08BEAC0A06FA,2023-09-03,12:27:09,27.6,100.0,0.0,23.04435,120.470196
08BEAC0A05AC,2023-09-03,12:27:37,27.3,100.0,0.0,22.912748,120.261227
08BEAC0A0826,2023-09-03,12:27:49,27.3,100.0,0.0,23.0865158,120.3191882
08BEAC0A0156,2023-09-03,12:27:55,29.5,100.0,0.0,24.0838267,120.752756
08BEAC0A0830,2023-09-03,12:27:55,28.1,100.0,0.0,22.956295,120.248057
08BEAC0A06A6,2023-09-03,12:28:25,27.3,100.0,0.0,22.977305,120.186438
08BEAC0A07A2,2023-09-03,12:28:31,30.3,100.0,3.0,25.10392038,121.2447143
08BEAC0A0218,2023-09-03,12:28:39,29.6,100.0,5.0,23.6869687,120.5865383
08BEAC0A0742,2023-09-03,12:28:39,27.3,100.0,0.0,23.003578,120.240161
08BEAC0A080E,2023-09-03,12:29:02,32.2,100.0,2.0,23.158097,120.170618
08BEAC0A0678,2023-09-03,12:29:09,30.1,100.0,0.0,23.139376,120.138374
08BEAC0A0050,2023-09-03,12:29:27,20.0,100.0,0.0,24.255411,121.259081
08BEAC0A0226,2023-09-03,12:29:35,28.5,100.0,0.0,23.2174825,120.365091
08BEAC0A019A,2023-09-03,12:29:40,29.5,100.0,12.0,23.3199,120.34515
08BEAC0A0040,2023-09-03,12:29:44,28.1,100.0,0.0,22.99133,120.230478
08BEAC0A0344,2023-09-03,12:30:17,29.6,100.0,1.0,24.960122,121.178153
08BEAC0A0398,2023-09-03,12:30:40,30.7,99.0,0.0,24.1494507,120.6816876
08BEAC0A084E,2023-09-03,12:30:56,30.5,100.0,0.0,24.9785086,121.3061612
08BEAC0A0480,2023-09-03,12:31:03,31.1,100.0,3.0,23.190069,120.192365
08BEAC0A0340,2023-09-03,12:31:17,27.7,100.0,0.0,22.9193352,120.2170451
08BEAC0A01AA,2023-09-03,12:31:24,30.3,91.0,3.0,24.9751,121.269826
08BEAC0A0464,2023-09-03,12:31:33,27.5,100.0,0.0,22.989813,120.203024
08BEAC0A0880,2023-09-03,12:32:02,29.0,100.0,3.0,23.7224119,120.3083761
08BEAC0A04EC,2023-09-03,12:32:06,28.8,100.0,2.0,24.936085,121.223586
08BEAC0A085E,2023-09-03,12:32:14,29.2,100.0,0.0,23.1427276,120.2731514
08BEAC0A0774,2023-09-03,12:32:19,27.7,100.0,0.0,22.992411,120.294135
08BEAC0A089E,2023-09-03,12:32:22,27.3,100.0,0.0,23.12107103,120.4585091
08BEAC0A06FA,2023-09-03,12:32:30,27.5,100.0,0.0,23.04435,120.470196
08BEAC0A05AC,2023-09-03,12:32:56,27.3,100.0,0.0,22.912748,120.261227
08BEAC0A0826,2023-09-03,12:33:06,27.2,100.0,0.0,23.0865158,120.3191882
08BEAC0A0156,2023-09-03,12:33:13,29.5,100.0,0.0,24.0838267,120.752756
08BEAC0A0830,2023-09-03,12:33:18,28.2,100.0,0.0,22.956295,120.248057
08BEAC0A06A6,2023-09-03,12:33:42,27.6,100.0,0.0,22.977305,120.186438
08BEAC0A07A2,2023-09-03,12:33:50,30.3,100.0,3.0,25.10392038,121.2447143
08BEAC0A0218,2023-09-03,12:33:55,29.6,100.0,6.0,23.6869687,120.5865383
08BEAC0A0742,2023-09-03,12:33:56,27.5,100.0,0.0,23.003578,120.240161
08BEAC0A080E,2023-09-03,12:34:19,32.2,100.0,2.0,23.158097,120.170618
08BEAC0A0678,2023-09-03,12:34:25,29.6,100.0,0.0,23.139376,120.138374
08BEAC0A0050,2023-09-03,12:34:43,20.3,100.0,0.0,24.255411,121.259081
08BEAC0A0226,2023-09-03,12:34:52,28.6,100.0,0.0,23.2174825,120.365091
08BEAC0A019A,2023-09-03,12:34:57,29.5,100.0,11.0,23.3199,120.34515
08BEAC0A0040,2023-09-03,12:35:02,28.1,100.0,0.0,22.99133,120.230478
08BEAC0A0344,2023-09-03,12:35:33,29.6,100.0,3.0,24.960122,121.178153
08BEAC0A0398,2023-09-03,12:35:57,30.7,99.0,1.0,24.1494507,120.6816876
08BEAC0A084E,2023-09-03,12:36:12,30.5,100.0,0.0,24.9785086,121.3061612
08BEAC0A0480,2023-09-03,12:36:19,31.2,100.0,2.0,23.190069,120.192365
08BEAC0A0340,2023-09-03,12:36:31,27.7,100.0,0.0,22.9193352,120.2170451
08BEAC0A01AA,2023-09-03,12:36:41,30.1,92.0,5.0,24.9751,121.269826
08BEAC0A0464,2023-09-03,12:36:51,27.6,100.0,0.0,22.989813,120.203024
08BEAC0A0880,2023-09-03,12:37:19,29.0,100.0,2.0,23.7224119,120.3083761
08BEAC0A04EC,2023-09-03,12:37:25,28.8,100.0,2.0,24.936085,121.223586
08BEAC0A085E,2023-09-03,12:37:30,29.2,100.0,0.0,23.1427276,120.2731514
08BEAC0A0774,2023-09-03,12:37:37,27.7,100.0,0.0,22.992411,120.294135
08BEAC0A089E,2023-09-03,12:37:40,27.6,100.0,0.0,23.12107103,120.4585091
08BEAC0A06FA,2023-09-03,12:37:48,27.5,100.0,0.0,23.04435,120.470196
08BEAC0A05AC,2023-09-03,12:38:14,27.5,100.0,0.0,22.912748,120.261227
08BEAC0A0826,2023-09-03,12:38:22,27.2,100.0,0.0,23.0865158,120.3191882
08BEAC0A0156,2023-09-03,12:38:30,29.5,100.0,0.0,24.0838267,120.752756
08BEAC0A0830,2023-09-03,12:38:43,28.5,100.0,0.0,22.956295,120.248057
08BEAC0A06A6,2023-09-03,12:38:57,27.6,100.0,0.0,22.977305,120.186438
08BEAC0A07A2,2023-09-03,12:39:06,30.3,100.0,2.0,25.10392038,121.2447143
08BEAC0A0742,2023-09-03,12:39:10,27.5,100.0,0.0,23.003578,120.240161
08BEAC0A0218,2023-09-03,12:39:11,29.5,100.0,6.0,23.6869687,120.5865383
08BEAC0A080E,2023-09-03,12:39:41,32.2,100.0,1.0,23.158097,120.170618
08BEAC0A0678,2023-09-03,12:39:42,29.2,100.0,0.0,23.139376,120.138374
08BEAC0A0050,2023-09-03,12:39:58,20.7,100.0,0.0,24.255411,121.259081
08BEAC0A0226,2023-09-03,12:40:10,28.5,100.0,0.0,23.2174825,120.365091
08BEAC0A019A,2023-09-03,12:40:14,29.6,100.0,8.0,23.3199,120.34515
08BEAC0A0040,2023-09-03,12:40:20,28.2,100.0,0.0,22.99133,120.230478
08BEAC0A0344,2023-09-03,12:40:48,29.6,100.0,1.0,24.960122,121.178153
08BEAC0A0398,2023-09-03,12:41:15,31.1,98.0,1.0,24.1494507,120.6816876
08BEAC0A084E,2023-09-03,12:41:28,30.5,100.0,0.0,24.9785086,121.3061612
08BEAC0A0480,2023-09-03,12:41:37,31.2,100.0,2.0,23.190069,120.192365
08BEAC0A0340,2023-09-03,12:41:50,27.8,100.0,0.0,22.9193352,120.2170451
08BEAC0A01AA,2023-09-03,12:41:59,30.3,91.0,6.0,24.9751,121.269826
08BEAC0A0464,2023-09-03,12:42:13,27.6,100.0,0.0,22.989813,120.203024
08BEAC0A0880,2023-09-03,12:42:36,29.0,100.0,3.0,23.7224119,120.3083761
08BEAC0A04EC,2023-09-03,12:42:43,28.8,100.0,2.0,24.936085,121.223586
08BEAC0A085E,2023-09-03,12:42:47,29.1,100.0,0.0,23.1427276,120.2731514
08BEAC0A0774,2023-09-03,12:42:54,27.8,100.0,0.0,22.992411,120.294135
08BEAC0A089E,2023-09-03,12:42:55,27.5,100.0,0.0,23.12107103,120.4585091
08BEAC0A06FA,2023-09-03,12:43:06,27.6,100.0,0.0,23.04435,120.470196
08BEAC0A05AC,2023-09-03,12:43:31,27.6,100.0,0.0,22.912748,120.261227
08BEAC0A0826,2023-09-03,12:43:40,27.5,100.0,0.0,23.0865158,120.3191882
08BEAC0A0156,2023-09-03,12:43:46,29.6,100.0,0.0,24.0838267,120.752756
08BEAC0A0830,2023-09-03,12:44:14,28.5,100.0,0.0,22.956295,120.248057
08BEAC0A06A6,2023-09-03,12:44:15,27.6,100.0,0.0,22.977305,120.186438
08BEAC0A07A2,2023-09-03,12:44:24,30.5,100.0,2.0,25.10392038,121.2447143
08BEAC0A0742,2023-09-03,12:44:26,27.6,100.0,0.0,23.003578,120.240161
08BEAC0A0218,2023-09-03,12:44:28,29.2,100.0,7.0,23.6869687,120.5865383
08BEAC0A080E,2023-09-03,12:44:56,32.2,100.0,1.0,23.158097,120.170618
08BEAC0A0678,2023-09-03,12:44:59,29.0,100.0,0.0,23.139376,120.138374
08BEAC0A0050,2023-09-03,12:45:15,20.8,100.0,0.0,24.255411,121.259081
08BEAC0A0226,2023-09-03,12:45:28,28.5,100.0,0.0,23.2174825,120.365091
08BEAC0A019A,2023-09-03,12:45:29,29.6,100.0,4.0,23.3199,120.34515
08BEAC0A0040,2023-09-03,12:45:37,28.5,100.0,0.0,22.99133,120.230478
08BEAC0A0398,2023-09-03,12:46:33,30.7,100.0,1.0,24.1494507,120.6816876
08BEAC0A084E,2023-09-03,12:46:46,30.5,100.0,0.0,24.9785086,121.3061612
08BEAC0A0480,2023-09-03,12:46:53,31.2,100.0,3.0,23.190069,120.192365
08BEAC0A0340,2023-09-03,12:47:06,28.1,100.0,0.0,22.9193352,120.2170451
08BEAC0A01AA,2023-09-03,12:47:16,30.3,90.0,4.0,24.9751,121.269826
08BEAC0A0464,2023-09-03,12:47:30,27.6,100.0,0.0,22.989813,120.203024
08BEAC0A0880,2023-09-03,12:47:56,29.1,100.0,2.0,23.7224119,120.3083761
08BEAC0A04EC,2023-09-03,12:48:03,28.8,100.0,2.0,24.936085,121.223586
08BEAC0A085E,2023-09-03,12:48:04,29.3,100.0,0.0,23.1427276,120.2731514
08BEAC0A0774,2023-09-03,12:48:12,27.7,100.0,0.0,22.992411,120.294135
08BEAC0A089E,2023-09-03,12:48:14,27.6,100.0,0.0,23.12107103,120.4585091
08BEAC0A06FA,2023-09-03,12:48:22,27.7,100.0,0.0,23.04435,120.470196
08BEAC0A05AC,2023-09-03,12:48:48,27.7,100.0,0.0,22.912748,120.261227
08BEAC0A0826,2023-09-03,12:48:57,27.3,100.0,0.0,23.0865158,120.3191882
08BEAC0A0156,2023-09-03,12:49:03,29.7,100.0,0.0,24.0838267,120.752756
08BEAC0A0830,2023-09-03,12:49:32,28.3,100.0,0.0,22.956295,120.248057
08BEAC0A06A6,2023-09-03,12:49:33,27.6,100.0,0.0,22.977305,120.186438
08BEAC0A0742,2023-09-03,12:49:42,27.6,100.0,0.0,23.003578,120.240161
08BEAC0A07A2,2023-09-03,12:49:42,30.5,100.0,2.0,25.10392038,121.2447143
08BEAC0A0218,2023-09-03,12:49:43,29.1,100.0,8.0,23.6869687,120.5865383
08BEAC0A080E,2023-09-03,12:50:13,32.2,100.0,1.0,23.158097,120.170618
08BEAC0A0678,2023-09-03,12:50:14,28.8,100.0,0.0,23.139376,120.138374
08BEAC0A0050,2023-09-03,12:50:32,21.0,100.0,0.0,24.255411,121.259081
08BEAC0A0226,2023-09-03,12:50:46,28.5,100.0,0.0,23.2174825,120.365091
08BEAC0A019A,2023-09-03,12:50:48,29.7,100.0,2.0,23.3199,120.34515
08BEAC0A0040,2023-09-03,12:50:52,28.5,100.0,0.0,22.99133,120.230478
08BEAC0A0344,2023-09-03,12:51:15,29.5,100.0,2.0,24.960122,121.178153
08BEAC0A0398,2023-09-03,12:51:50,30.7,100.0,1.0,24.1494507,120.6816876
08BEAC0A084E,2023-09-03,12:52:03,30.5,100.0,0.0,24.9785086,121.3061612
08BEAC0A0480,2023-09-03,12:52:11,31.2,100.0,2.0,23.190069,120.192365
08BEAC0A0340,2023-09-03,12:52:23,28.2,100.0,1.0,22.9193352,120.2170451
08BEAC0A01AA,2023-09-03,12:52:32,30.3,90.0,4.0,24.9751,121.269826
08BEAC0A0464,2023-09-03,12:52:47,27.7,100.0,0.0,22.989813,120.203024
08BEAC0A0880,2023-09-03,12:53:16,29.0,100.0,3.0,23.7224119,120.3083761
08BEAC0A04EC,2023-09-03,12:53:20,29.0,100.0,2.0,24.936085,121.223586
08BEAC0A085E,2023-09-03,12:53:23,29.3,100.0,0.0,23.1427276,120.2731514
08BEAC0A0774,2023-09-03,12:53:29,27.8,100.0,0.0,22.992411,120.294135
08BEAC0A089E,2023-09-03,12:53:30,27.5,100.0,0.0,23.12107103,120.4585091
08BEAC0A06FA,2023-09-03,12:53:37,27.7,100.0,0.0,23.04435,120.470196
08BEAC0A05AC,2023-09-03,12:54:05,27.8,100.0,0.0,22.912748,120.261227
08BEAC0A0826,2023-09-03,12:54:12,27.6,100.0,0.0,23.0865158,120.3191882
08BEAC0A0156,2023-09-03,12:54:19,29.7,100.0,0.0,24.0838267,120.752756
08BEAC0A06A6,2023-09-03,12:54:51,27.7,100.0,0.0,22.977305,120.186438
08BEAC0A0830,2023-09-03,12:54:53,28.3,100.0,0.0,22.956295,120.248057
08BEAC0A0742,2023-09-03,12:54:58,27.7,100.0,0.0,23.003578,120.240161
08BEAC0A0218,2023-09-03,12:55:01,29.0,100.0,8.0,23.6869687,120.5865383
08BEAC0A07A2,2023-09-03,12:55:01,30.7,100.0,2.0,25.10392038,121.2447143
08BEAC0A080E,2023-09-03,12:55:28,32.2,100.0,1.0,23.158097,120.170618
08BEAC0A0678,2023-09-03,12:55:33,28.6,100.0,0.0,23.139376,120.138374
08BEAC0A0050,2023-09-03,12:55:48,21.2,100.0,0.0,24.255411,121.259081
08BEAC0A0226,2023-09-03,12:56:03,28.5,100.0,0.0,23.2174825,120.365091
08BEAC0A019A,2023-09-03,12:56:05,29.8,100.0,2.0,23.3199,120.34515
08BEAC0A0040,2023-09-03,12:56:08,28.3,100.0,0.0,22.99133,120.230478
08BEAC0A0344,2023-09-03,12:56:34,29.5,100.0,2.0,24.960122,121.178153
08BEAC0A0398,2023-09-03,12:57:11,30.8,100.0,2.0,24.1494507,120.6816876
08BEAC0A084E,2023-09-03,12:57:19,30.5,100.0,0.0,24.9785086,121.3061612
08BEAC0A0480,2023-09-03,12:57:28,31.1,100.0,2.0,23.190069,120.192365
08BEAC0A0340,2023-09-03,12:57:38,28.2,100.0,1.0,22.9193352,120.2170451
08BEAC0A01AA,2023-09-03,12:57:48,30.1,92.0,4.0,24.9751,121.269826
08BEAC0A0464,2023-09-03,12:58:04,27.7,100.0,0.0,22.989813,120.203024
08BEAC0A0880,2023-09-03,12:58:31,28.8,100.0,2.0,23.7224119,120.3083761
08BEAC0A04EC,2023-09-03,12:58:35,29.1,100.0,2.0,24.936085,121.223586
08BEAC0A085E,2023-09-03,12:58:40,29.2,100.0,0.0,23.1427276,120.2731514
08BEAC0A089E,2023-09-03,12:58:46,27.5,100.0,0.0,23.12107103,120.4585091
08BEAC0A0774,2023-09-03,12:58:47,28.0,100.0,0.0,22.992411,120.294135
08BEAC0A06FA,2023-09-03,12:58:57,27.6,100.0,0.0,23.04435,120.470196
08BEAC0A05AC,2023-09-03,12:59:22,27.8,100.0,0.0,22.912748,120.261227
08BEAC0A0826,2023-09-03,12:59:29,27.7,100.0,0.0,23.0865158,120.3191882
08BEAC0A0156,2023-09-03,12:59:36,29.6,100.0,0.0,24.0838267,120.752756
08BEAC0A06A6,2023-09-03,13:00:08,27.7,100.0,0.0,22.977305,120.186438
08BEAC0A0742,2023-09-03,13:00:13,27.8,100.0,0.0,23.003578,120.240161
08BEAC0A0830,2023-09-03,13:00:15,28.6,100.0,0.0,22.956295,120.248057
08BEAC0A0218,2023-09-03,13:00:16,28.8,100.0,8.0,23.6869687,120.5865383
08BEAC0A07A2,2023-09-03,13:00:17,30.7,100.0,2.0,25.10392038,121.2447143
08BEAC0A0678,2023-09-03,13:00:48,28.6,100.0,0.0,23.139376,120.138374
08BEAC0A080E,2023-09-03,13:00:51,32.2,100.0,1.0,23.158097,120.170618
08BEAC0A0050,2023-09-03,13:01:05,21.3,100.0,0.0,24.255411,121.259081
08BEAC0A0226,2023-09-03,13:01:19,28.5,100.0,0.0,23.2174825,120.365091
08BEAC0A019A,2023-09-03,13:01:20,29.8,100.0,2.0,23.3199,120.34515
08BEAC0A0040,2023-09-03,13:01:24,28.5,100.0,0.0,22.99133,120.230478
08BEAC0A0344,2023-09-03,13:01:51,29.6,100.0,2.0,24.960122,121.178153
08BEAC0A0398,2023-09-03,13:02:28,30.8,100.0,2.0,24.1494507,120.6816876
08BEAC0A084E,2023-09-03,13:02:35,30.5,100.0,0.0,24.9785086,121.3061612
08BEAC0A0480,2023-09-03,13:02:44,31.1,100.0,2.0,23.190069,120.192365
08BEAC0A0340,2023-09-03,13:02:56,28.2,100.0,1.0,22.9193352,120.2170451
08BEAC0A01AA,2023-09-03,13:03:04,30.2,91.0,3.0,24.9751,121.269826
08BEAC0A0464,2023-09-03,13:03:23,27.8,100.0,0.0,22.989813,120.203024
08BEAC0A0880,2023-09-03,13:03:49,28.8,100.0,2.0,23.7224119,120.3083761
08BEAC0A04EC,2023-09-03,13:03:51,29.1,100.0,2.0,24.936085,121.223586
08BEAC0A085E,2023-09-03,13:03:57,29.3,100.0,0.0,23.1427276,120.2731514
08BEAC0A089E,2023-09-03,13:04:01,27.3,100.0,0.0,23.12107103,120.4585091
08BEAC0A0774,2023-09-03,13:04:05,28.0,100.0,0.0,22.992411,120.294135
08BEAC0A06FA,2023-09-03,13:04:13,27.7,100.0,0.0,23.04435,120.470196
08BEAC0A05AC,2023-09-03,13:04:38,27.8,100.0,0.0,22.912748,120.261227
08BEAC0A0826,2023-09-03,13:04:47,27.8,100.0,0.0,23.0865158,120.3191882
08BEAC0A0156,2023-09-03,13:04:53,29.6,100.0,0.0,24.0838267,120.752756
08BEAC0A06A6,2023-09-03,13:05:26,27.7,100.0,0.0,22.977305,120.186438
08BEAC0A0742,2023-09-03,13:05:29,28.0,100.0,0.0,23.003578,120.240161
08BEAC0A0218,2023-09-03,13:05:33,28.8,100.0,8.0,23.6869687,120.5865383
08BEAC0A0830,2023-09-03,13:05:34,28.7,100.0,0.0,22.956295,120.248057
08BEAC0A07A2,2023-09-03,13:05:35,30.6,100.0,2.0,25.10392038,121.2447143
08BEAC0A0678,2023-09-03,13:06:06,28.6,100.0,0.0,23.139376,120.138374
08BEAC0A080E,2023-09-03,13:06:07,32.2,100.0,0.0,23.158097,120.170618
08BEAC0A0050,2023-09-03,13:06:21,21.3,100.0,0.0,24.255411,121.259081
08BEAC0A0226,2023-09-03,13:06:34,28.3,100.0,0.0,23.2174825,120.365091
08BEAC0A019A,2023-09-03,13:06:35,30.0,100.0,2.0,23.3199,120.34515
08BEAC0A0040,2023-09-03,13:06:41,28.7,100.0,0.0,22.99133,120.230478
08BEAC0A0344,2023-09-03,13:07:11,29.5,100.0,2.0,24.960122,121.178153
08BEAC0A0398,2023-09-03,13:07:44,30.7,99.0,2.0,24.1494507,120.6816876
08BEAC0A084E,2023-09-03,13:07:52,30.5,100.0,0.0,24.9785086,121.3061612
08BEAC0A0480,2023-09-03,13:08:02,31.1,100.0,3.0,23.190069,120.192365
08BEAC0A0340,2023-09-03,13:08:11,28.1,100.0,0.0,22.9193352,120.2170451
08BEAC0A01AA,2023-09-03,13:08:22,30.2,92.0,4.0,24.9751,121.269826
08BEAC0A0464,2023-09-03,13:08:41,28.0,100.0,0.0,22.989813,120.203024
08BEAC0A04EC,2023-09-03,13:09:07,29.0,100.0,2.0,24.936085,121.223586
08BEAC0A0880,2023-09-03,13:09:07,29.0,100.0,2.0,23.7224119,120.3083761
08BEAC0A085E,2023-09-03,13:09:17,29.5,100.0,0.0,23.1427276,120.2731514
08BEAC0A089E,2023-09-03,13:09:18,27.2,100.0,0.0,23.12107103,120.4585091
08BEAC0A0774,2023-09-03,13:09:23,28.0,100.0,0.0,22.992411,120.294135
08BEAC0A06FA,2023-09-03,13:09:30,27.7,100.0,0.0,23.04435,120.470196
08BEAC0A05AC,2023-09-03,13:09:56,27.8,100.0,0.0,22.912748,120.261227
08BEAC0A0826,2023-09-03,13:10:06,28.0,100.0,0.0,23.0865158,120.3191882
08BEAC0A0156,2023-09-03,13:10:08,29.6,100.0,0.0,24.0838267,120.752756
08BEAC0A06A6,2023-09-03,13:10:44,28.0,100.0,0.0,22.977305,120.186438
08BEAC0A0742,2023-09-03,13:10:47,28.1,100.0,0.0,23.003578,120.240161
08BEAC0A0218,2023-09-03,13:10:51,28.8,100.0,8.0,23.6869687,120.5865383
08BEAC0A07A2,2023-09-03,13:10:54,30.6,100.0,2.0,25.10392038,121.2447143
08BEAC0A0830,2023-09-03,13:10:55,28.6,100.0,0.0,22.956295,120.248057
08BEAC0A080E,2023-09-03,13:11:23,32.2,100.0,1.0,23.158097,120.170618
08BEAC0A0678,2023-09-03,13:11:24,28.6,100.0,0.0,23.139376,120.138374
08BEAC0A0050,2023-09-03,13:11:37,21.5,100.0,0.0,24.255411,121.259081
08BEAC0A0226,2023-09-03,13:11:50,28.1,100.0,0.0,23.2174825,120.365091
08BEAC0A019A,2023-09-03,13:11:51,30.1,100.0,2.0,23.3199,120.34515
08BEAC0A0040,2023-09-03,13:12:00,28.6,100.0,0.0,22.99133,120.230478
08BEAC0A0344,2023-09-03,13:12:26,29.5,100.0,2.0,24.960122,121.178153
08BEAC0A0398,2023-09-03,13:13:01,30.8,100.0,1.0,24.1494507,120.6816876
08BEAC0A084E,2023-09-03,13:13:11,30.5,100.0,0.0,24.9785086,121.3061612
08BEAC0A0480,2023-09-03,13:13:19,31.1,100.0,2.0,23.190069,120.192365
08BEAC0A0340,2023-09-03,13:13:29,28.2,100.0,0.0,22.9193352,120.2170451
08BEAC0A01AA,2023-09-03,13:13:39,30.2,92.0,9.0,24.9751,121.269826
08BEAC0A0464,2023-09-03,13:14:02,28.0,100.0,0.0,22.989813,120.203024
08BEAC0A04EC,2023-09-03,13:14:24,29.1,100.0,2.0,24.936085,121.223586
08BEAC0A0880,2023-09-03,13:14:25,29.1,100.0,3.0,23.7224119,120.3083761
08BEAC0A085E,2023-09-03,13:14:34,29.6,100.0,0.0,23.1427276,120.2731514
08BEAC0A089E,2023-09-03,13:14:37,27.3,100.0,0.0,23.12107103,120.4585091
08BEAC0A0774,2023-09-03,13:14:41,28.1,100.0,0.0,22.992411,120.294135
08BEAC0A06FA,2023-09-03,13:14:49,27.7,100.0,0.0,23.04435,120.470196
08BEAC0A05AC,2023-09-03,13:15:14,27.8,100.0,0.0,22.912748,120.261227
08BEAC0A0826,2023-09-03,13:15:21,28.1,100.0,0.0,23.0865158,120.3191882
08BEAC0A0156,2023-09-03,13:15:24,29.5,100.0,0.0,24.0838267,120.752756
08BEAC0A06A6,2023-09-03,13:16:02,27.7,100.0,0.0,22.977305,120.186438
08BEAC0A0742,2023-09-03,13:16:04,28.1,100.0,0.0,23.003578,120.240161
08BEAC0A0218,2023-09-03,13:16:06,28.8,100.0,9.0,23.6869687,120.5865383
08BEAC0A07A2,2023-09-03,13:16:13,30.6,100.0,2.0,25.10392038,121.2447143
08BEAC0A0830,2023-09-03,13:16:15,28.7,100.0,0.0,22.956295,120.248057
08BEAC0A0678,2023-09-03,13:16:39,28.7,100.0,0.0,23.139376,120.138374
08BEAC0A080E,2023-09-03,13:16:41,32.1,100.0,1.0,23.158097,120.170618
08BEAC0A0050,2023-09-03,13:16:54,21.3,100.0,0.0,24.255411,121.259081
08BEAC0A0226,2023-09-03,13:17:06,28.2,100.0,0.0,23.2174825,120.365091
08BEAC0A019A,2023-09-03,13:17:07,30.2,100.0,2.0,23.3199,120.34515
08BEAC0A0040,2023-09-03,13:17:19,28.7,100.0,0.0,22.99133,120.230478
08BEAC0A0344,2023-09-03,13:17:42,29.5,100.0,2.0,24.960122,121.178153
08BEAC0A0398,2023-09-03,13:18:16,31.1,100.0,2.0,24.1494507,120.6816876
08BEAC0A084E,2023-09-03,13:18:30,30.5,100.0,0.0,24.9785086,121.3061612
08BEAC0A0480,2023-09-03,13:18:35,31.1,100.0,2.0,23.190069,120.192365
08BEAC0A0340,2023-09-03,13:18:45,27.8,100.0,0.0,22.9193352,120.2170451
08BEAC0A01AA,2023-09-03,13:18:55,30.3,91.0,3.0,24.9751,121.269826
08BEAC0A0464,2023-09-03,13:19:19,28.1,100.0,0.0,22.989813,120.203024
08BEAC0A04EC,2023-09-03,13:19:41,29.1,100.0,2.0,24.936085,121.223586
08BEAC0A0880,2023-09-03,13:19:41,29.1,100.0,2.0,23.7224119,120.3083761
08BEAC0A085E,2023-09-03,13:19:50,29.6,100.0,0.0,23.1427276,120.2731514
08BEAC0A089E,2023-09-03,13:19:52,27.3,100.0,0.0,23.12107103,120.4585091
08BEAC0A0774,2023-09-03,13:19:57,28.1,100.0,0.0,22.992411,120.294135
08BEAC0A06FA,2023-09-03,13:20:06,27.6,100.0,0.0,23.04435,120.470196
08BEAC0A05AC,2023-09-03,13:20:31,27.8,100.0,0.0,22.912748,120.261227
08BEAC0A0156,2023-09-03,13:20:40,29.5,100.0,0.0,24.0838267,120.752756
08BEAC0A0826,2023-09-03,13:20:40,28.2,100.0,0.0,23.0865158,120.3191882
08BEAC0A06A6,2023-09-03,13:21:20,27.8,100.0,0.0,22.977305,120.186438
08BEAC0A0742,2023-09-03,13:21:21,28.1,100.0,0.0,23.003578,120.240161
08BEAC0A0218,2023-09-03,13:21:23,28.8,100.0,8.0,23.6869687,120.5865383
08BEAC0A07A2,2023-09-03,13:21:31,30.5,100.0,2.0,25.10392038,121.2447143
08BEAC0A0830,2023-09-03,13:21:34,28.8,100.0,0.0,22.956295,120.248057
08BEAC0A0678,2023-09-03,13:21:58,28.8,100.0,0.0,23.139376,120.138374
08BEAC0A080E,2023-09-03,13:21:59,32.1,100.0,0.0,23.158097,120.170618
08BEAC0A0050,2023-09-03,13:22:12,21.3,100.0,0.0,24.255411,121.259081
08BEAC0A019A,2023-09-03,13:22:24,30.2,100.0,1.0,23.3199,120.34515
08BEAC0A0226,2023-09-03,13:22:24,28.2,100.0,0.0,23.2174825,120.365091
08BEAC0A0040,2023-09-03,13:22:35,29.0,100.0,0.0,22.99133,120.230478
08BEAC0A0344,2023-09-03,13:22:56,29.5,100.0,2.0,24.960122,121.178153
08BEAC0A0398,2023-09-03,13:23:32,31.3,100.0,1.0,24.1494507,120.6816876
08BEAC0A084E,2023-09-03,13:23:45,30.5,100.0,0.0,24.9785086,121.3061612
08BEAC0A0480,2023-09-03,13:23:50,31.1,100.0,2.0,23.190069,120.192365
08BEAC0A0340,2023-09-03,13:24:02,28.0,100.0,1.0,22.9193352,120.2170451
08BEAC0A01AA,2023-09-03,13:24:11,30.2,91.0,2.0,24.9751,121.269826
08BEAC0A0464,2023-09-03,13:24:44,28.1,100.0,0.0,22.989813,120.203024
08BEAC0A04EC,2023-09-03,13:24:55,29.0,100.0,1.0,24.936085,121.223586
08BEAC0A0880,2023-09-03,13:24:57,29.2,100.0,1.0,23.7224119,120.3083761
08BEAC0A085E,2023-09-03,13:25:07,29.6,100.0,0.0,23.1427276,120.2731514
08BEAC0A089E,2023-09-03,13:25:07,27.3,100.0,0.0,23.12107103,120.4585091
08BEAC0A0774,2023-09-03,13:25:14,28.1,100.0,0.0,22.992411,120.294135
08BEAC0A06FA,2023-09-03,13:25:22,27.7,100.0,0.0,23.04435,120.470196
08BEAC0A05AC,2023-09-03,13:25:49,27.8,100.0,0.0,22.912748,120.261227
08BEAC0A0826,2023-09-03,13:25:55,28.2,100.0,0.0,23.0865158,120.3191882
08BEAC0A0156,2023-09-03,13:25:58,29.3,100.0,0.0,24.0838267,120.752756
08BEAC0A06A6,2023-09-03,13:26:36,28.0,100.0,0.0,22.977305,120.186438
08BEAC0A0742,2023-09-03,13:26:37,28.1,100.0,0.0,23.003578,120.240161
08BEAC0A0218,2023-09-03,13:26:41,29.0,100.0,8.0,23.6869687,120.5865383
08BEAC0A07A2,2023-09-03,13:26:49,30.5,100.0,2.0,25.10392038,121.2447143
08BEAC0A0830,2023-09-03,13:26:55,28.8,100.0,0.0,22.956295,120.248057
08BEAC0A0678,2023-09-03,13:27:16,29.0,100.0,0.0,23.139376,120.138374
08BEAC0A080E,2023-09-03,13:27:17,32.2,100.0,0.0,23.158097,120.170618
08BEAC0A0050,2023-09-03,13:27:27,21.2,100.0,0.0,24.255411,121.259081
08BEAC0A019A,2023-09-03,13:27:39,30.2,100.0,1.0,23.3199,120.34515
08BEAC0A0226,2023-09-03,13:27:40,28.2,100.0,0.0,23.2174825,120.365091
08BEAC0A0040,2023-09-03,13:27:52,29.0,100.0,0.0,22.99133,120.230478
08BEAC0A0344,2023-09-03,13:28:13,29.5,100.0,2.0,24.960122,121.178153
08BEAC0A0398,2023-09-03,13:28:49,31.3,100.0,3.0,24.1494507,120.6816876
08BEAC0A084E,2023-09-03,13:29:04,30.5,100.0,0.0,24.9785086,121.3061612
08BEAC0A0480,2023-09-03,13:29:06,31.1,100.0,2.0,23.190069,120.192365
08BEAC0A0340,2023-09-03,13:29:21,28.1,100.0,1.0,22.9193352,120.2170451
08BEAC0A01AA,2023-09-03,13:29:26,30.2,91.0,2.0,24.9751,121.269826
08BEAC0A0464,2023-09-03,13:30:04,28.1,100.0,0.0,22.989813,120.203024
08BEAC0A04EC,2023-09-03,13:30:13,29.1,100.0,2.0,24.936085,121.223586
08BEAC0A0880,2023-09-03,13:30:14,29.2,100.0,1.0,23.7224119,120.3083761
08BEAC0A085E,2023-09-03,13:30:23,29.6,100.0,0.0,23.1427276,120.2731514
08BEAC0A089E,2023-09-03,13:30:25,27.2,100.0,0.0,23.12107103,120.4585091
08BEAC0A0774,2023-09-03,13:30:31,28.0,100.0,0.0,22.992411,120.294135
08BEAC0A06FA,2023-09-03,13:30:39,27.7,100.0,0.0,23.04435,120.470196
08BEAC0A05AC,2023-09-03,13:31:04,27.8,100.0,0.0,22.912748,120.261227
08BEAC0A0826,2023-09-03,13:31:11,28.5,100.0,0.0,23.0865158,120.3191882
08BEAC0A0156,2023-09-03,13:31:15,29.3,100.0,0.0,24.0838267,120.752756
08BEAC0A06A6,2023-09-03,13:31:53,28.0,100.0,0.0,22.977305,120.186438
08BEAC0A0742,2023-09-03,13:31:53,28.1,100.0,0.0,23.003578,120.240161
08BEAC0A0218,2023-09-03,13:31:59,29.0,100.0,8.0,23.6869687,120.5865383
08BEAC0A07A2,2023-09-03,13:32:08,30.3,100.0,2.0,25.10392038,121.2447143
08BEAC0A0830,2023-09-03,13:32:13,29.0,100.0,0.0,22.956295,120.248057
08BEAC0A0678,2023-09-03,13:32:34,29.1,100.0,0.0,23.139376,120.138374
08BEAC0A080E,2023-09-03,13:32:39,32.2,100.0,0.0,23.158097,120.170618
08BEAC0A0050,2023-09-03,13:32:43,21.0,100.0,0.0,24.255411,121.259081
08BEAC0A019A,2023-09-03,13:32:54,30.3,100.0,1.0,23.3199,120.34515
08BEAC0A0226,2023-09-03,13:32:57,28.2,100.0,0.0,23.2174825,120.365091
08BEAC0A0040,2023-09-03,13:33:09,28.8,100.0,0.0,22.99133,120.230478
08BEAC0A0344,2023-09-03,13:33:30,29.5,100.0,2.0,24.960122,121.178153
08BEAC0A0398,2023-09-03,13:34:06,31.5,100.0,3.0,24.1494507,120.6816876
08BEAC0A0480,2023-09-03,13:34:23,31.1,100.0,2.0,23.190069,120.192365
08BEAC0A084E,2023-09-03,13:34:23,30.5,100.0,0.0,24.9785086,121.3061612
08BEAC0A0340,2023-09-03,13:34:37,28.1,100.0,1.0,22.9193352,120.2170451
08BEAC0A01AA,2023-09-03,13:34:44,30.3,90.0,2.0,24.9751,121.269826
08BEAC0A0464,2023-09-03,13:35:27,28.0,100.0,0.0,22.989813,120.203024
08BEAC0A04EC,2023-09-03,13:35:30,29.1,100.0,3.0,24.936085,121.223586
08BEAC0A0880,2023-09-03,13:35:34,29.2,100.0,2.0,23.7224119,120.3083761
08BEAC0A085E,2023-09-03,13:35:39,29.6,100.0,0.0,23.1427276,120.2731514
08BEAC0A089E,2023-09-03,13:35:44,27.5,100.0,0.0,23.12107103,120.4585091
08BEAC0A0774,2023-09-03,13:35:47,28.1,100.0,0.0,22.992411,120.294135
08BEAC0A06FA,2023-09-03,13:35:57,27.6,100.0,0.0,23.04435,120.470196
08BEAC0A05AC,2023-09-03,13:36:21,27.8,100.0,0.0,22.912748,120.261227
08BEAC0A0826,2023-09-03,13:36:27,28.3,100.0,0.0,23.0865158,120.3191882
08BEAC0A0156,2023-09-03,13:36:32,29.3,100.0,0.0,24.0838267,120.752756
08BEAC0A0742,2023-09-03,13:37:10,28.1,100.0,0.0,23.003578,120.240161
08BEAC0A06A6,2023-09-03,13:37:13,28.0,100.0,0.0,22.977305,120.186438
08BEAC0A0218,2023-09-03,13:37:15,29.1,100.0,7.0,23.6869687,120.5865383
08BEAC0A07A2,2023-09-03,13:37:26,30.3,100.0,2.0,25.10392038,121.2447143
08BEAC0A0830,2023-09-03,13:37:36,29.0,100.0,0.0,22.956295,120.248057
08BEAC0A0678,2023-09-03,13:37:53,29.1,100.0,0.0,23.139376,120.138374
08BEAC0A080E,2023-09-03,13:37:55,32.2,100.0,0.0,23.158097,120.170618
08BEAC0A0050,2023-09-03,13:38:02,21.2,100.0,0.0,24.255411,121.259081
08BEAC0A019A,2023-09-03,13:38:11,30.3,100.0,0.0,23.3199,120.34515
08BEAC0A0226,2023-09-03,13:38:18,28.1,100.0,0.0,23.2174825,120.365091
08BEAC0A0040,2023-09-03,13:38:26,28.7,100.0,0.0,22.99133,120.230478
08BEAC0A0344,2023-09-03,13:38:46,29.3,100.0,2.0,24.960122,121.178153
08BEAC0A0398,2023-09-03,13:39:22,31.2,100.0,3.0,24.1494507,120.6816876
08BEAC0A0480,2023-09-03,13:39:40,31.1,100.0,2.0,23.190069,120.192365
08BEAC0A084E,2023-09-03,13:39:40,30.5,100.0,0.0,24.9785086,121.3061612
08BEAC0A0340,2023-09-03,13:39:54,28.2,100.0,1.0,22.9193352,120.2170451
08BEAC0A01AA,2023-09-03,13:40:01,30.2,90.0,3.0,24.9751,121.269826
08BEAC0A04EC,2023-09-03,13:40:50,29.1,100.0,2.0,24.936085,121.223586
08BEAC0A0464,2023-09-03,13:40:52,28.1,100.0,0.0,22.989813,120.203024
08BEAC0A0880,2023-09-03,13:40:54,29.2,100.0,2.0,23.7224119,120.3083761
08BEAC0A085E,2023-09-03,13:40:56,29.5,100.0,0.0,23.1427276,120.2731514
08BEAC0A089E,2023-09-03,13:41:00,27.6,100.0,0.0,23.12107103,120.4585091
08BEAC0A0774,2023-09-03,13:41:03,28.0,100.0,0.0,22.992411,120.294135
08BEAC0A06FA,2023-09-03,13:41:15,27.6,100.0,0.0,23.04435,120.470196
08BEAC0A05AC,2023-09-03,13:41:41,27.8,100.0,0.0,22.912748,120.261227
08BEAC0A0826,2023-09-03,13:41:45,28.1,100.0,0.0,23.0865158,120.3191882
08BEAC0A0156,2023-09-03,13:41:48,29.3,100.0,0.0,24.0838267,120.752756
08BEAC0A0742,2023-09-03,13:42:26,28.2,100.0,0.0,23.003578,120.240161
08BEAC0A06A6,2023-09-03,13:42:29,27.8,100.0,0.0,22.977305,120.186438
08BEAC0A0218,2023-09-03,13:42:31,29.0,100.0,6.0,23.6869687,120.5865383
08BEAC0A07A2,2023-09-03,13:42:44,30.5,100.0,2.0,25.10392038,121.2447143
08BEAC0A0830,2023-09-03,13:43:04,28.8,100.0,0.0,22.956295,120.248057
08BEAC0A0678,2023-09-03,13:43:09,29.1,100.0,0.0,23.139376,120.138374
08BEAC0A080E,2023-09-03,13:43:11,32.1,100.0,0.0,23.158097,120.170618
08BEAC0A0050,2023-09-03,13:43:19,20.7,100.0,0.0,24.255411,121.259081
08BEAC0A019A,2023-09-03,13:43:28,30.3,100.0,0.0,23.3199,120.34515
08BEAC0A0226,2023-09-03,13:43:36,28.0,100.0,0.0,23.2174825,120.365091
08BEAC0A0040,2023-09-03,13:43:44,28.7,100.0,0.0,22.99133,120.230478
08BEAC0A0344,2023-09-03,13:44:03,29.5,100.0,2.0,24.960122,121.178153
08BEAC0A0398,2023-09-03,13:44:42,31.1,100.0,4.0,24.1494507,120.6816876
08BEAC0A084E,2023-09-03,13:44:56,30.5,100.0,1.0,24.9785086,121.3061612
08BEAC0A0480,2023-09-03,13:44:58,31.1,100.0,3.0,23.190069,120.192365
08BEAC0A0340,2023-09-03,13:45:11,28.2,100.0,0.0,22.9193352,120.2170451
08BEAC0A01AA,2023-09-03,13:45:16,30.5,90.0,2.0,24.9751,121.269826
08BEAC0A04EC,2023-09-03,13:46:06,29.1,100.0,2.0,24.936085,121.223586
08BEAC0A0880,2023-09-03,13:46:10,29.2,100.0,2.0,23.7224119,120.3083761
08BEAC0A0464,2023-09-03,13:46:11,28.0,100.0,0.0,22.989813,120.203024
08BEAC0A085E,2023-09-03,13:46:13,29.3,100.0,0.0,23.1427276,120.2731514
08BEAC0A089E,2023-09-03,13:46:17,27.3,100.0,0.0,23.12107103,120.4585091
08BEAC0A0774,2023-09-03,13:46:19,28.0,100.0,0.0,22.992411,120.294135
08BEAC0A06FA,2023-09-03,13:46:33,27.6,100.0,0.0,23.04435,120.470196
08BEAC0A05AC,2023-09-03,13:46:57,27.7,100.0,0.0,22.912748,120.261227
08BEAC0A0826,2023-09-03,13:47:02,28.3,100.0,0.0,23.0865158,120.3191882
08BEAC0A0156,2023-09-03,13:47:06,29.5,100.0,0.0,24.0838267,120.752756
08BEAC0A0742,2023-09-03,13:47:43,28.3,100.0,0.0,23.003578,120.240161
08BEAC0A06A6,2023-09-03,13:47:47,27.8,100.0,0.0,22.977305,120.186438
08BEAC0A0218,2023-09-03,13:47:49,29.1,100.0,5.0,23.6869687,120.5865383
08BEAC0A07A2,2023-09-03,13:48:03,30.5,100.0,2.0,25.10392038,121.2447143
08BEAC0A0678,2023-09-03,13:48:28,29.1,100.0,0.0,23.139376,120.138374
08BEAC0A080E,2023-09-03,13:48:28,32.1,100.0,0.0,23.158097,120.170618
08BEAC0A0050,2023-09-03,13:48:37,20.1,100.0,0.0,24.255411,121.259081
08BEAC0A0830,2023-09-03,13:48:44,28.6,100.0,0.0,22.956295,120.248057
08BEAC0A019A,2023-09-03,13:48:48,30.2,100.0,0.0,23.3199,120.34515
08BEAC0A0226,2023-09-03,13:48:53,28.1,100.0,0.0,23.2174825,120.365091
08BEAC0A0040,2023-09-03,13:49:04,28.7,100.0,0.0,22.99133,120.230478
08BEAC0A0344,2023-09-03,13:49:20,29.5,100.0,2.0,24.960122,121.178153
08BEAC0A0398,2023-09-03,13:49:58,31.0,100.0,3.0,24.1494507,120.6816876
08BEAC0A084E,2023-09-03,13:50:12,30.5,100.0,0.0,24.9785086,121.3061612
08BEAC0A0480,2023-09-03,13:50:14,31.1,100.0,3.0,23.190069,120.192365
08BEAC0A0340,2023-09-03,13:50:28,28.1,100.0,0.0,22.9193352,120.2170451
08BEAC0A01AA,2023-09-03,13:50:31,30.5,89.0,2.0,24.9751,121.269826
08BEAC0A04EC,2023-09-03,13:51:23,29.2,100.0,2.0,24.936085,121.223586
08BEAC0A0880,2023-09-03,13:51:26,29.2,100.0,2.0,23.7224119,120.3083761
08BEAC0A0464,2023-09-03,13:51:30,28.0,100.0,0.0,22.989813,120.203024
08BEAC0A085E,2023-09-03,13:51:30,29.3,100.0,0.0,23.1427276,120.2731514
08BEAC0A089E,2023-09-03,13:51:33,27.5,100.0,0.0,23.12107103,120.4585091
08BEAC0A0774,2023-09-03,13:51:36,28.1,100.0,0.0,22.992411,120.294135
08BEAC0A06FA,2023-09-03,13:51:50,27.7,100.0,0.0,23.04435,120.470196
08BEAC0A05AC,2023-09-03,13:52:13,27.7,100.0,0.0,22.912748,120.261227
08BEAC0A0826,2023-09-03,13:52:20,28.5,100.0,0.0,23.0865158,120.3191882
08BEAC0A0156,2023-09-03,13:52:22,29.3,100.0,0.0,24.0838267,120.752756
08BEAC0A0742,2023-09-03,13:52:59,28.2,100.0,0.0,23.003578,120.240161
08BEAC0A0218,2023-09-03,13:53:05,29.1,100.0,6.0,23.6869687,120.5865383
08BEAC0A06A6,2023-09-03,13:53:05,28.1,100.0,0.0,22.977305,120.186438
08BEAC0A07A2,2023-09-03,13:53:20,30.3,100.0,1.0,25.10392038,121.2447143
08BEAC0A0678,2023-09-03,13:53:43,29.1,100.0,0.0,23.139376,120.138374
08BEAC0A080E,2023-09-03,13:53:44,32.1,100.0,0.0,23.158097,120.170618
08BEAC0A0050,2023-09-03,13:53:52,20.0,100.0,0.0,24.255411,121.259081
08BEAC0A0830,2023-09-03,13:54:03,28.7,100.0,0.0,22.956295,120.248057
08BEAC0A019A,2023-09-03,13:54:05,30.2,100.0,0.0,23.3199,120.34515
08BEAC0A0226,2023-09-03,13:54:11,28.1,100.0,0.0,23.2174825,120.365091
08BEAC0A0040,2023-09-03,13:54:21,28.6,100.0,0.0,22.99133,120.230478
08BEAC0A0344,2023-09-03,13:54:35,29.5,100.0,2.0,24.960122,121.178153
08BEAC0A0398,2023-09-03,13:55:14,31.0,100.0,3.0,24.1494507,120.6816876
08BEAC0A084E,2023-09-03,13:55:29,30.5,100.0,0.0,24.9785086,121.3061612
08BEAC0A0480,2023-09-03,13:55:31,31.1,100.0,2.0,23.190069,120.192365
08BEAC0A0340,2023-09-03,13:55:46,28.2,100.0,0.0,22.9193352,120.2170451
08BEAC0A01AA,2023-09-03,13:55:47,30.5,89.0,2.0,24.9751,121.269826
08BEAC0A04EC,2023-09-03,13:56:41,29.1,100.0,2.0,24.936085,121.223586
08BEAC0A0880,2023-09-03,13:56:45,29.2,100.0,2.0,23.7224119,120.3083761
08BEAC0A085E,2023-09-03,13:56:47,29.3,100.0,0.0,23.1427276,120.2731514
08BEAC0A0464,2023-09-03,13:56:49,28.1,100.0,0.0,22.989813,120.203024
08BEAC0A089E,2023-09-03,13:56:51,27.7,100.0,0.0,23.12107103,120.4585091
08BEAC0A0774,2023-09-03,13:56:53,28.1,100.0,0.0,22.992411,120.294135
08BEAC0A06FA,2023-09-03,13:57:09,27.8,100.0,0.0,23.04435,120.470196
08BEAC0A05AC,2023-09-03,13:57:33,27.8,100.0,0.0,22.912748,120.261227
08BEAC0A0826,2023-09-03,13:57:36,28.3,100.0,0.0,23.0865158,120.3191882
08BEAC0A0156,2023-09-03,13:57:39,29.3,100.0,0.0,24.0838267,120.752756
08BEAC0A0742,2023-09-03,13:58:14,28.3,100.0,0.0,23.003578,120.240161
08BEAC0A0218,2023-09-03,13:58:21,29.1,100.0,6.0,23.6869687,120.5865383
08BEAC0A06A6,2023-09-03,13:58:22,28.0,100.0,0.0,22.977305,120.186438
08BEAC0A07A2,2023-09-03,13:58:36,30.5,100.0,2.0,25.10392038,121.2447143
08BEAC0A0678,2023-09-03,13:59:00,29.1,100.0,0.0,23.139376,120.138374
08BEAC0A080E,2023-09-03,13:59:01,32.1,100.0,0.0,23.158097,120.170618
08BEAC0A0050,2023-09-03,13:59:10,19.8,100.0,0.0,24.255411,121.259081
08BEAC0A0830,2023-09-03,13:59:19,28.7,100.0,0.0,22.956295,120.248057
08BEAC0A019A,2023-09-03,13:59:22,30.0,100.0,0.0,23.3199,120.34515
08BEAC0A0226,2023-09-03,13:59:28,28.2,100.0,0.0,23.2174825,120.365091
08BEAC0A0040,2023-09-03,13:59:40,28.7,100.0,0.0,22.99133,120.230478
08BEAC0A0344,2023-09-03,13:59:51,29.5,100.0,3.0,24.960122,121.178153
08BEAC0A0398,2023-09-03,14:00:32,30.8,100.0,2.0,24.1494507,120.6816876
08BEAC0A0480,2023-09-03,14:00:48,31.1,100.0,1.0,23.190069,120.192365
08BEAC0A084E,2023-09-03,14:00:48,30.5,100.0,0.0,24.9785086,121.3061612
08BEAC0A0340,2023-09-03,14:01:03,28.0,100.0,0.0,22.9193352,120.2170451
08BEAC0A01AA,2023-09-03,14:01:04,30.6,87.0,3.0,24.9751,121.269826
08BEAC0A04EC,2023-09-03,14:01:58,29.2,100.0,2.0,24.936085,121.223586
08BEAC0A0880,2023-09-03,14:02:03,29.2,100.0,2.0,23.7224119,120.3083761
08BEAC0A085E,2023-09-03,14:02:04,29.3,100.0,0.0,23.1427276,120.2731514
08BEAC0A0464,2023-09-03,14:02:07,28.1,100.0,0.0,22.989813,120.203024
08BEAC0A089E,2023-09-03,14:02:08,27.8,100.0,0.0,23.12107103,120.4585091
08BEAC0A0774,2023-09-03,14:02:11,28.1,100.0,0.0,22.992411,120.294135
08BEAC0A06FA,2023-09-03,14:02:27,28.0,100.0,0.0,23.04435,120.470196
08BEAC0A05AC,2023-09-03,14:02:52,27.8,100.0,0.0,22.912748,120.261227
08BEAC0A0826,2023-09-03,14:02:56,28.6,100.0,0.0,23.0865158,120.3191882
08BEAC0A0156,2023-09-03,14:02:57,29.3,100.0,0.0,24.0838267,120.752756
08BEAC0A0742,2023-09-03,14:03:31,28.3,100.0,0.0,23.003578,120.240161
08BEAC0A0218,2023-09-03,14:03:39,28.8,100.0,6.0,23.6869687,120.5865383
08BEAC0A06A6,2023-09-03,14:03:42,28.0,100.0,0.0,22.977305,120.186438
08BEAC0A07A2,2023-09-03,14:03:53,30.5,100.0,2.0,25.10392038,121.2447143
08BEAC0A0678,2023-09-03,14:04:16,29.2,100.0,0.0,23.139376,120.138374
08BEAC0A080E,2023-09-03,14:04:16,32.1,100.0,0.0,23.158097,120.170618
08BEAC0A0050,2023-09-03,14:04:28,19.3,100.0,0.0,24.255411,121.259081
08BEAC0A0830,2023-09-03,14:04:36,28.8,100.0,0.0,22.956295,120.248057
08BEAC0A019A,2023-09-03,14:04:38,29.8,100.0,0.0,23.3199,120.34515
08BEAC0A0226,2023-09-03,14:04:45,28.2,100.0,0.0,23.2174825,120.365091
08BEAC0A0040,2023-09-03,14:04:56,28.8,100.0,0.0,22.99133,120.230478
08BEAC0A0344,2023-09-03,14:05:06,29.6,100.0,2.0,24.960122,121.178153
08BEAC0A0398,2023-09-03,14:05:51,31.0,100.0,2.0,24.1494507,120.6816876
08BEAC0A0480,2023-09-03,14:06:05,31.1,100.0,2.0,23.190069,120.192365
08BEAC0A084E,2023-09-03,14:06:06,30.6,100.0,0.0,24.9785086,121.3061612
08BEAC0A0340,2023-09-03,14:06:18,28.2,100.0,1.0,22.9193352,120.2170451
08BEAC0A01AA,2023-09-03,14:06:20,30.6,87.0,2.0,24.9751,121.269826
08BEAC0A04EC,2023-09-03,14:07:16,29.1,100.0,2.0,24.936085,121.223586
08BEAC0A0880,2023-09-03,14:07:17,29.2,100.0,1.0,23.7224119,120.3083761
08BEAC0A085E,2023-09-03,14:07:20,29.5,100.0,0.0,23.1427276,120.2731514
08BEAC0A0464,2023-09-03,14:07:24,28.1,100.0,0.0,22.989813,120.203024
08BEAC0A089E,2023-09-03,14:07:25,27.5,100.0,0.0,23.12107103,120.4585091
08BEAC0A0774,2023-09-03,14:07:29,28.1,100.0,0.0,22.992411,120.294135
08BEAC0A06FA,2023-09-03,14:07:45,28.1,100.0,0.0,23.04435,120.470196
08BEAC0A05AC,2023-09-03,14:08:11,28.0,100.0,0.0,22.912748,120.261227
08BEAC0A0826,2023-09-03,14:08:11,28.6,100.0,0.0,23.0865158,120.3191882
08BEAC0A0156,2023-09-03,14:08:15,29.3,100.0,0.0,24.0838267,120.752756
08BEAC0A0742,2023-09-03,14:08:47,28.3,100.0,0.0,23.003578,120.240161
08BEAC0A0218,2023-09-03,14:08:58,28.7,100.0,6.0,23.6869687,120.5865383
08BEAC0A06A6,2023-09-03,14:09:00,28.2,100.0,0.0,22.977305,120.186438
08BEAC0A07A2,2023-09-03,14:09:11,30.5,100.0,2.0,25.10392038,121.2447143
08BEAC0A0678,2023-09-03,14:09:32,29.3,100.0,0.0,23.139376,120.138374
08BEAC0A080E,2023-09-03,14:09:34,32.1,100.0,0.0,23.158097,120.170618
08BEAC0A0050,2023-09-03,14:09:45,19.7,100.0,0.0,24.255411,121.259081
08BEAC0A019A,2023-09-03,14:09:56,30.0,100.0,0.0,23.3199,120.34515
08BEAC0A0830,2023-09-03,14:09:56,28.8,100.0,0.0,22.956295,120.248057
08BEAC0A0226,2023-09-03,14:10:01,28.3,100.0,0.0,23.2174825,120.365091
08BEAC0A0040,2023-09-03,14:10:14,29.0,100.0,0.0,22.99133,120.230478
08BEAC0A0344,2023-09-03,14:10:20,29.6,100.0,2.0,24.960122,121.178153
08BEAC0A0398,2023-09-03,14:11:08,31.2,100.0,3.0,24.1494507,120.6816876
08BEAC0A0480,2023-09-03,14:11:22,31.1,100.0,1.0,23.190069,120.192365
08BEAC0A084E,2023-09-03,14:11:22,30.6,100.0,0.0,24.9785086,121.3061612
08BEAC0A0340,2023-09-03,14:11:33,28.2,100.0,0.0,22.9193352,120.2170451
08BEAC0A01AA,2023-09-03,14:11:37,30.6,87.0,2.0,24.9751,121.269826
08BEAC0A04EC,2023-09-03,14:12:34,29.1,100.0,3.0,24.936085,121.223586
08BEAC0A0880,2023-09-03,14:12:34,29.2,100.0,1.0,23.7224119,120.3083761
08BEAC0A085E,2023-09-03,14:12:39,29.5,100.0,0.0,23.1427276,120.2731514
08BEAC0A089E,2023-09-03,14:12:40,27.3,100.0,0.0,23.12107103,120.4585091
08BEAC0A0464,2023-09-03,14:12:45,28.2,100.0,0.0,22.989813,120.203024
08BEAC0A0774,2023-09-03,14:12:46,28.1,100.0,0.0,22.992411,120.294135
08BEAC0A06FA,2023-09-03,14:13:03,28.1,100.0,0.0,23.04435,120.470196
08BEAC0A0826,2023-09-03,14:13:27,28.6,100.0,0.0,23.0865158,120.3191882
08BEAC0A05AC,2023-09-03,14:13:30,28.0,100.0,0.0,22.912748,120.261227
08BEAC0A0156,2023-09-03,14:13:32,29.3,100.0,0.0,24.0838267,120.752756
08BEAC0A0742,2023-09-03,14:14:04,28.3,100.0,0.0,23.003578,120.240161
08BEAC0A0218,2023-09-03,14:14:14,28.7,100.0,6.0,23.6869687,120.5865383
08BEAC0A06A6,2023-09-03,14:14:18,28.3,100.0,0.0,22.977305,120.186438
08BEAC0A07A2,2023-09-03,14:14:29,30.6,100.0,2.0,25.10392038,121.2447143
08BEAC0A0678,2023-09-03,14:14:50,29.5,100.0,0.0,23.139376,120.138374
08BEAC0A080E,2023-09-03,14:14:50,32.1,100.0,0.0,23.158097,120.170618
08BEAC0A0050,2023-09-03,14:15:01,19.7,100.0,0.0,24.255411,121.259081
08BEAC0A019A,2023-09-03,14:15:13,30.1,100.0,0.0,23.3199,120.34515
08BEAC0A0830,2023-09-03,14:15:13,28.8,100.0,0.0,22.956295,120.248057
08BEAC0A0226,2023-09-03,14:15:20,28.3,100.0,0.0,23.2174825,120.365091
08BEAC0A0040,2023-09-03,14:15:31,29.1,100.0,0.0,22.99133,120.230478
08BEAC0A0344,2023-09-03,14:15:36,29.6,100.0,2.0,24.960122,121.178153
08BEAC0A0398,2023-09-03,14:16:27,31.2,100.0,4.0,24.1494507,120.6816876
08BEAC0A084E,2023-09-03,14:16:39,30.6,100.0,0.0,24.9785086,121.3061612
08BEAC0A0480,2023-09-03,14:16:41,31.1,100.0,2.0,23.190069,120.192365
08BEAC0A0340,2023-09-03,14:16:51,28.3,100.0,0.0,22.9193352,120.2170451
08BEAC0A01AA,2023-09-03,14:16:54,30.6,87.0,2.0,24.9751,121.269826
08BEAC0A0880,2023-09-03,14:17:50,29.1,100.0,1.0,23.7224119,120.3083761
08BEAC0A04EC,2023-09-03,14:17:52,29.0,100.0,3.0,24.936085,121.223586
08BEAC0A085E,2023-09-03,14:17:55,29.6,100.0,0.0,23.1427276,120.2731514
08BEAC0A089E,2023-09-03,14:17:55,27.5,100.0,0.0,23.12107103,120.4585091
08BEAC0A0464,2023-09-03,14:18:05,28.2,100.0,0.0,22.989813,120.203024
08BEAC0A0774,2023-09-03,14:18:05,28.2,100.0,0.0,22.992411,120.294135
08BEAC0A06FA,2023-09-03,14:18:20,28.2,100.0,0.0,23.04435,120.470196
08BEAC0A0826,2023-09-03,14:18:44,28.8,100.0,0.0,23.0865158,120.3191882
08BEAC0A05AC,2023-09-03,14:18:48,28.0,100.0,0.0,22.912748,120.261227
08BEAC0A0156,2023-09-03,14:18:49,29.3,100.0,0.0,24.0838267,120.752756
08BEAC0A0742,2023-09-03,14:19:21,28.5,100.0,0.0,23.003578,120.240161
08BEAC0A0218,2023-09-03,14:19:29,28.7,100.0,6.0,23.6869687,120.5865383
08BEAC0A06A6,2023-09-03,14:19:36,28.2,100.0,0.0,22.977305,120.186438
08BEAC0A07A2,2023-09-03,14:19:48,30.6,100.0,2.0,25.10392038,121.2447143
08BEAC0A080E,2023-09-03,14:20:06,32.1,100.0,0.0,23.158097,120.170618
08BEAC0A0678,2023-09-03,14:20:07,29.5,100.0,0.0,23.139376,120.138374
08BEAC0A0050,2023-09-03,14:20:20,19.6,100.0,0.0,24.255411,121.259081
08BEAC0A019A,2023-09-03,14:20:29,30.2,100.0,0.0,23.3199,120.34515
08BEAC0A0830,2023-09-03,14:20:32,28.8,100.0,0.0,22.956295,120.248057
08BEAC0A0226,2023-09-03,14:20:39,28.3,100.0,0.0,23.2174825,120.365091
08BEAC0A0040,2023-09-03,14:20:51,29.1,100.0,0.0,22.99133,120.230478
08BEAC0A0344,2023-09-03,14:20:54,29.6,100.0,2.0,24.960122,121.178153
08BEAC0A0398,2023-09-03,14:21:44,31.2,100.0,4.0,24.1494507,120.6816876
08BEAC0A084E,2023-09-03,14:21:56,30.6,100.0,0.0,24.9785086,121.3061612
08BEAC0A0480,2023-09-03,14:21:58,31.1,100.0,2.0,23.190069,120.192365
08BEAC0A0340,2023-09-03,14:22:07,28.5,100.0,0.0,22.9193352,120.2170451
08BEAC0A01AA,2023-09-03,14:22:09,30.5,87.0,2.0,24.9751,121.269826
08BEAC0A0880,2023-09-03,14:23:07,29.0,100.0,1.0,23.7224119,120.3083761
08BEAC0A04EC,2023-09-03,14:23:09,29.1,100.0,3.0,24.936085,121.223586
08BEAC0A085E,2023-09-03,14:23:12,29.7,100.0,0.0,23.1427276,120.2731514
08BEAC0A089E,2023-09-03,14:23:14,27.8,100.0,0.0,23.12107103,120.4585091
08BEAC0A0464,2023-09-03,14:23:23,28.3,100.0,0.0,22.989813,120.203024
08BEAC0A0774,2023-09-03,14:23:23,28.2,100.0,0.0,22.992411,120.294135
08BEAC0A06FA,2023-09-03,14:23:38,28.3,100.0,0.0,23.04435,120.470196
08BEAC0A0826,2023-09-03,14:24:01,28.8,100.0,0.0,23.0865158,120.3191882
08BEAC0A05AC,2023-09-03,14:24:04,28.1,100.0,0.0,22.912748,120.261227
08BEAC0A0156,2023-09-03,14:24:09,29.3,100.0,0.0,24.0838267,120.752756
08BEAC0A0742,2023-09-03,14:24:36,28.3,100.0,0.0,23.003578,120.240161
08BEAC0A06A6,2023-09-03,14:24:53,28.3,100.0,0.0,22.977305,120.186438
08BEAC0A07A2,2023-09-03,14:25:05,30.2,100.0,1.0,25.10392038,121.2447143
08BEAC0A080E,2023-09-03,14:25:23,32.1,100.0,0.0,23.158097,120.170618
08BEAC0A0678,2023-09-03,14:25:25,29.6,100.0,0.0,23.139376,120.138374
08BEAC0A0050,2023-09-03,14:25:36,19.2,100.0,0.0,24.255411,121.259081
08BEAC0A019A,2023-09-03,14:25:46,30.1,100.0,0.0,23.3199,120.34515
08BEAC0A0226,2023-09-03,14:25:56,28.5,100.0,0.0,23.2174825,120.365091
08BEAC0A0830,2023-09-03,14:26:05,28.8,100.0,0.0,22.956295,120.248057
08BEAC0A0040,2023-09-03,14:26:08,29.2,100.0,0.0,22.99133,120.230478
08BEAC0A0344,2023-09-03,14:26:11,29.6,100.0,2.0,24.960122,121.178153
08BEAC0A0398,2023-09-03,14:27:00,31.2,100.0,3.0,24.1494507,120.6816876
08BEAC0A084E,2023-09-03,14:27:12,30.6,100.0,1.0,24.9785086,121.3061612
08BEAC0A0480,2023-09-03,14:27:14,31.1,100.0,2.0,23.190069,120.192365
08BEAC0A0340,2023-09-03,14:27:24,28.3,100.0,0.0,22.9193352,120.2170451
08BEAC0A01AA,2023-09-03,14:27:27,30.5,88.0,2.0,24.9751,121.269826
08BEAC0A0880,2023-09-03,14:28:25,28.7,100.0,0.0,23.7224119,120.3083761
08BEAC0A04EC,2023-09-03,14:28:26,29.1,100.0,3.0,24.936085,121.223586
08BEAC0A085E,2023-09-03,14:28:29,29.7,100.0,0.0,23.1427276,120.2731514
08BEAC0A089E,2023-09-03,14:28:33,28.2,100.0,0.0,23.12107103,120.4585091
08BEAC0A0774,2023-09-03,14:28:40,28.2,100.0,0.0,22.992411,120.294135
08BEAC0A0464,2023-09-03,14:28:44,28.3,100.0,0.0,22.989813,120.203024
08BEAC0A06FA,2023-09-03,14:28:56,28.2,100.0,0.0,23.04435,120.470196
08BEAC0A0826,2023-09-03,14:29:18,28.8,100.0,0.0,23.0865158,120.3191882
08BEAC0A05AC,2023-09-03,14:29:21,28.1,100.0,0.0,22.912748,120.261227
08BEAC0A0156,2023-09-03,14:29:26,29.3,100.0,0.0,24.0838267,120.752756
08BEAC0A0742,2023-09-03,14:29:52,28.5,100.0,0.0,23.003578,120.240161
08BEAC0A0218,2023-09-03,14:29:54,28.3,100.0,6.0,23.6869687,120.5865383
08BEAC0A06A6,2023-09-03,14:30:12,28.2,100.0,0.0,22.977305,120.186438
08BEAC0A07A2,2023-09-03,14:30:23,30.5,100.0,1.0,25.10392038,121.2447143
08BEAC0A080E,2023-09-03,14:30:39,32.1,100.0,0.0,23.158097,120.170618
08BEAC0A0678,2023-09-03,14:30:41,29.7,100.0,0.0,23.139376,120.138374
08BEAC0A0050,2023-09-03,14:30:53,19.3,100.0,0.0,24.255411,121.259081
08BEAC0A019A,2023-09-03,14:31:03,30.0,100.0,0.0,23.3199,120.34515
08BEAC0A0226,2023-09-03,14:31:13,28.3,100.0,0.0,23.2174825,120.365091
08BEAC0A0040,2023-09-03,14:31:24,29.2,100.0,0.0,22.99133,120.230478
08BEAC0A0344,2023-09-03,14:31:29,29.6,100.0,2.0,24.960122,121.178153
08BEAC0A0830,2023-09-03,14:31:37,29.1,100.0,0.0,22.956295,120.248057
08BEAC0A0398,2023-09-03,14:32:20,30.7,100.0,3.0,24.1494507,120.6816876
08BEAC0A084E,2023-09-03,14:32:29,30.6,100.0,1.0,24.9785086,121.3061612
08BEAC0A0480,2023-09-03,14:32:32,31.1,100.0,1.0,23.190069,120.192365
08BEAC0A0340,2023-09-03,14:32:41,28.6,100.0,1.0,22.9193352,120.2170451
08BEAC0A01AA,2023-09-03,14:32:42,30.5,88.0,2.0,24.9751,121.269826
08BEAC0A0880,2023-09-03,14:33:42,28.8,100.0,0.0,23.7224119,120.3083761
08BEAC0A04EC,2023-09-03,14:33:43,29.1,100.0,2.0,24.936085,121.223586
08BEAC0A085E,2023-09-03,14:33:46,29.7,100.0,0.0,23.1427276,120.2731514
08BEAC0A089E,2023-09-03,14:33:48,28.3,100.0,0.0,23.12107103,120.4585091
08BEAC0A0774,2023-09-03,14:33:58,28.3,100.0,0.0,22.992411,120.294135
08BEAC0A0464,2023-09-03,14:34:04,28.5,100.0,0.0,22.989813,120.203024
08BEAC0A06FA,2023-09-03,14:34:14,28.2,100.0,0.0,23.04435,120.470196
08BEAC0A0826,2023-09-03,14:34:34,29.2,100.0,0.0,23.0865158,120.3191882
08BEAC0A05AC,2023-09-03,14:34:38,28.2,100.0,0.0,22.912748,120.261227
08BEAC0A0156,2023-09-03,14:34:43,29.3,100.0,0.0,24.0838267,120.752756
08BEAC0A0742,2023-09-03,14:35:10,28.5,100.0,1.0,23.003578,120.240161
08BEAC0A0218,2023-09-03,14:35:15,28.3,100.0,6.0,23.6869687,120.5865383
08BEAC0A06A6,2023-09-03,14:35:29,28.5,100.0,0.0,22.977305,120.186438
08BEAC0A07A2,2023-09-03,14:35:41,30.5,100.0,1.0,25.10392038,121.2447143
08BEAC0A080E,2023-09-03,14:35:56,32.1,100.0,0.0,23.158097,120.170618
08BEAC0A0678,2023-09-03,14:35:57,29.8,100.0,0.0,23.139376,120.138374
08BEAC0A0050,2023-09-03,14:36:09,19.8,100.0,0.0,24.255411,121.259081
08BEAC0A019A,2023-09-03,14:36:20,30.0,100.0,0.0,23.3199,120.34515
08BEAC0A0226,2023-09-03,14:36:30,28.2,100.0,0.0,23.2174825,120.365091
08BEAC0A0040,2023-09-03,14:36:42,29.3,100.0,0.0,22.99133,120.230478
08BEAC0A0344,2023-09-03,14:36:47,29.6,100.0,2.0,24.960122,121.178153
08BEAC0A0830,2023-09-03,14:36:56,29.0,100.0,0.0,22.956295,120.248057
08BEAC0A0398,2023-09-03,14:37:36,30.7,100.0,3.0,24.1494507,120.6816876
08BEAC0A084E,2023-09-03,14:37:45,30.6,100.0,1.0,24.9785086,121.3061612
08BEAC0A0480,2023-09-03,14:37:49,31.1,100.0,2.0,23.190069,120.192365
08BEAC0A0340,2023-09-03,14:37:57,28.5,100.0,1.0,22.9193352,120.2170451
08BEAC0A01AA,2023-09-03,14:37:59,30.2,89.0,2.0,24.9751,121.269826
08BEAC0A04EC,2023-09-03,14:38:58,29.1,100.0,2.0,24.936085,121.223586
08BEAC0A0880,2023-09-03,14:38:59,29.0,100.0,1.0,23.7224119,120.3083761
08BEAC0A085E,2023-09-03,14:39:04,29.6,100.0,0.0,23.1427276,120.2731514
08BEAC0A089E,2023-09-03,14:39:04,28.5,100.0,0.0,23.12107103,120.4585091
08BEAC0A0774,2023-09-03,14:39:13,28.5,100.0,0.0,22.992411,120.294135
08BEAC0A0464,2023-09-03,14:39:25,28.6,100.0,0.0,22.989813,120.203024
08BEAC0A06FA,2023-09-03,14:39:33,28.1,100.0,0.0,23.04435,120.470196
08BEAC0A0826,2023-09-03,14:39:49,29.3,100.0,0.0,23.0865158,120.3191882
08BEAC0A05AC,2023-09-03,14:39:54,28.3,100.0,0.0,22.912748,120.261227
08BEAC0A0156,2023-09-03,14:40:00,29.3,100.0,0.0,24.0838267,120.752756
08BEAC0A0742,2023-09-03,14:40:28,28.7,100.0,0.0,23.003578,120.240161
08BEAC0A0218,2023-09-03,14:40:32,28.2,100.0,6.0,23.6869687,120.5865383
08BEAC0A06A6,2023-09-03,14:40:47,28.5,100.0,0.0,22.977305,120.186438
08BEAC0A07A2,2023-09-03,14:40:57,30.5,100.0,2.0,25.10392038,121.2447143
08BEAC0A0678,2023-09-03,14:41:13,30.1,100.0,0.0,23.139376,120.138374
08BEAC0A080E,2023-09-03,14:41:14,32.1,100.0,0.0,23.158097,120.170618
08BEAC0A0050,2023-09-03,14:41:27,19.7,100.0,0.0,24.255411,121.259081
08BEAC0A019A,2023-09-03,14:41:38,30.1,100.0,0.0,23.3199,120.34515
08BEAC0A0226,2023-09-03,14:41:46,28.2,100.0,0.0,23.2174825,120.365091
08BEAC0A0040,2023-09-03,14:41:59,29.3,100.0,0.0,22.99133,120.230478
08BEAC0A0344,2023-09-03,14:42:04,29.6,100.0,2.0,24.960122,121.178153
08BEAC0A0830,2023-09-03,14:42:11,29.1,100.0,0.0,22.956295,120.248057
08BEAC0A0398,2023-09-03,14:42:52,31.0,100.0,4.0,24.1494507,120.6816876
08BEAC0A084E,2023-09-03,14:43:02,30.6,100.0,1.0,24.9785086,121.3061612
08BEAC0A0480,2023-09-03,14:43:08,31.1,100.0,1.0,23.190069,120.192365
08BEAC0A0340,2023-09-03,14:43:14,28.6,100.0,1.0,22.9193352,120.2170451
08BEAC0A01AA,2023-09-03,14:43:16,30.2,89.0,3.0,24.9751,121.269826
08BEAC0A04EC,2023-09-03,14:44:15,29.0,100.0,3.0,24.936085,121.223586
08BEAC0A0880,2023-09-03,14:44:18,28.8,100.0,1.0,23.7224119,120.3083761
08BEAC0A089E,2023-09-03,14:44:21,28.3,100.0,0.0,23.12107103,120.4585091
08BEAC0A085E,2023-09-03,14:44:22,29.6,100.0,0.0,23.1427276,120.2731514
08BEAC0A0774,2023-09-03,14:44:29,28.6,100.0,0.0,22.992411,120.294135
08BEAC0A0464,2023-09-03,14:44:40,28.6,100.0,0.0,22.989813,120.203024
08BEAC0A06FA,2023-09-03,14:44:51,28.0,100.0,0.0,23.04435,120.470196
08BEAC0A0826,2023-09-03,14:45:06,29.3,100.0,0.0,23.0865158,120.3191882
08BEAC0A05AC,2023-09-03,14:45:10,28.3,100.0,0.0,22.912748,120.261227
08BEAC0A0156,2023-09-03,14:45:18,29.3,100.0,0.0,24.0838267,120.752756
08BEAC0A0742,2023-09-03,14:45:46,28.7,100.0,1.0,23.003578,120.240161
08BEAC0A0218,2023-09-03,14:45:51,28.3,100.0,5.0,23.6869687,120.5865383
08BEAC0A06A6,2023-09-03,14:46:04,28.5,100.0,1.0,22.977305,120.186438
08BEAC0A07A2,2023-09-03,14:46:13,30.5,100.0,2.0,25.10392038,121.2447143
08BEAC0A0678,2023-09-03,14:46:29,30.1,100.0,0.0,23.139376,120.138374
08BEAC0A080E,2023-09-03,14:46:31,32.1,100.0,0.0,23.158097,120.170618
08BEAC0A0050,2023-09-03,14:46:42,19.8,100.0,0.0,24.255411,121.259081
08BEAC0A019A,2023-09-03,14:46:54,29.8,100.0,0.0,23.3199,120.34515
08BEAC0A0226,2023-09-03,14:47:02,28.1,100.0,0.0,23.2174825,120.365091
08BEAC0A0040,2023-09-03,14:47:19,29.5,100.0,0.0,22.99133,120.230478
08BEAC0A0344,2023-09-03,14:47:22,29.6,100.0,2.0,24.960122,121.178153
08BEAC0A0830,2023-09-03,14:47:31,29.2,100.0,0.0,22.956295,120.248057
08BEAC0A0398,2023-09-03,14:48:12,31.0,100.0,4.0,24.1494507,120.6816876
08BEAC0A084E,2023-09-03,14:48:20,30.5,100.0,0.0,24.9785086,121.3061612
08BEAC0A0480,2023-09-03,14:48:23,31.1,100.0,2.0,23.190069,120.192365
08BEAC0A01AA,2023-09-03,14:48:33,30.2,89.0,2.0,24.9751,121.269826
08BEAC0A0340,2023-09-03,14:48:33,28.7,100.0,1.0,22.9193352,120.2170451
08BEAC0A04EC,2023-09-03,14:49:31,29.0,100.0,3.0,24.936085,121.223586
08BEAC0A0880,2023-09-03,14:49:33,28.7,100.0,0.0,23.7224119,120.3083761
08BEAC0A085E,2023-09-03,14:49:39,29.7,100.0,0.0,23.1427276,120.2731514
08BEAC0A089E,2023-09-03,14:49:39,28.1,100.0,0.0,23.12107103,120.4585091
08BEAC0A0774,2023-09-03,14:49:46,28.6,100.0,0.0,22.992411,120.294135
08BEAC0A0464,2023-09-03,14:50:01,28.7,100.0,1.0,22.989813,120.203024
08BEAC0A06FA,2023-09-03,14:50:09,27.8,100.0,0.0,23.04435,120.470196
08BEAC0A0826,2023-09-03,14:50:22,29.1,100.0,0.0,23.0865158,120.3191882
08BEAC0A05AC,2023-09-03,14:50:26,28.5,100.0,0.0,22.912748,120.261227
08BEAC0A0156,2023-09-03,14:50:34,29.3,100.0,0.0,24.0838267,120.752756
08BEAC0A0742,2023-09-03,14:51:03,28.8,100.0,2.0,23.003578,120.240161
08BEAC0A0218,2023-09-03,14:51:08,28.5,100.0,5.0,23.6869687,120.5865383
08BEAC0A06A6,2023-09-03,14:51:22,28.6,100.0,1.0,22.977305,120.186438
08BEAC0A07A2,2023-09-03,14:51:41,30.6,100.0,2.0,25.10392038,121.2447143
08BEAC0A0678,2023-09-03,14:51:45,30.0,100.0,0.0,23.139376,120.138374
08BEAC0A080E,2023-09-03,14:51:49,32.0,100.0,0.0,23.158097,120.170618
08BEAC0A0050,2023-09-03,14:51:58,20.0,100.0,0.0,24.255411,121.259081
08BEAC0A019A,2023-09-03,14:52:10,29.8,100.0,1.0,23.3199,120.34515
08BEAC0A0226,2023-09-03,14:52:19,28.1,100.0,0.0,23.2174825,120.365091
08BEAC0A0040,2023-09-03,14:52:36,29.6,100.0,0.0,22.99133,120.230478
08BEAC0A0344,2023-09-03,14:52:37,29.6,100.0,2.0,24.960122,121.178153
08BEAC0A0830,2023-09-03,14:52:49,29.3,100.0,0.0,22.956295,120.248057
08BEAC0A0398,2023-09-03,14:53:28,30.8,100.0,5.0,24.1494507,120.6816876
08BEAC0A084E,2023-09-03,14:53:37,30.6,100.0,1.0,24.9785086,121.3061612
08BEAC0A0480,2023-09-03,14:53:41,31.1,100.0,1.0,23.190069,120.192365
08BEAC0A0340,2023-09-03,14:53:49,28.5,100.0,1.0,22.9193352,120.2170451
08BEAC0A01AA,2023-09-03,14:53:50,30.1,89.0,3.0,24.9751,121.269826
08BEAC0A04EC,2023-09-03,14:54:47,29.0,100.0,2.0,24.936085,121.223586
08BEAC0A085E,2023-09-03,14:54:56,29.8,100.0,0.0,23.1427276,120.2731514
08BEAC0A089E,2023-09-03,14:54:56,28.2,100.0,0.0,23.12107103,120.4585091
08BEAC0A0774,2023-09-03,14:55:04,28.6,100.0,1.0,22.992411,120.294135
08BEAC0A0464,2023-09-03,14:55:22,28.7,100.0,1.0,22.989813,120.203024
08BEAC0A06FA,2023-09-03,14:55:27,27.8,100.0,0.0,23.04435,120.470196
08BEAC0A0826,2023-09-03,14:55:37,28.8,100.0,0.0,23.0865158,120.3191882
08BEAC0A05AC,2023-09-03,14:55:42,28.5,100.0,0.0,22.912748,120.261227
08BEAC0A0156,2023-09-03,14:55:51,29.3,100.0,0.0,24.0838267,120.752756
08BEAC0A0742,2023-09-03,14:56:19,28.8,100.0,1.0,23.003578,120.240161
08BEAC0A0218,2023-09-03,14:56:24,28.3,100.0,4.0,23.6869687,120.5865383
08BEAC0A06A6,2023-09-03,14:56:40,28.7,100.0,1.0,22.977305,120.186438
08BEAC0A07A2,2023-09-03,14:56:57,30.6,100.0,1.0,25.10392038,121.2447143
08BEAC0A0678,2023-09-03,14:57:02,30.1,100.0,0.0,23.139376,120.138374
08BEAC0A0050,2023-09-03,14:57:15,20.1,100.0,0.0,24.255411,121.259081
08BEAC0A019A,2023-09-03,14:57:24,30.0,100.0,1.0,23.3199,120.34515
08BEAC0A0226,2023-09-03,14:57:36,28.2,100.0,0.0,23.2174825,120.365091
08BEAC0A0040,2023-09-03,14:57:53,29.7,100.0,0.0,22.99133,120.230478
08BEAC0A0344,2023-09-03,14:57:54,29.6,100.0,2.0,24.960122,121.178153
08BEAC0A0830,2023-09-03,14:58:08,29.3,100.0,0.0,22.956295,120.248057
08BEAC0A0398,2023-09-03,14:58:45,31.0,100.0,5.0,24.1494507,120.6816876
08BEAC0A0480,2023-09-03,14:58:56,31.1,100.0,2.0,23.190069,120.192365
08BEAC0A084E,2023-09-03,14:58:56,30.6,100.0,1.0,24.9785086,121.3061612
08BEAC0A01AA,2023-09-03,14:59:05,30.3,89.0,2.0,24.9751,121.269826
08BEAC0A0340,2023-09-03,14:59:06,28.7,100.0,2.0,22.9193352,120.2170451
08BEAC0A04EC,2023-09-03,15:00:03,29.0,100.0,2.0,24.936085,121.223586
08BEAC0A085E,2023-09-03,15:00:12,29.8,100.0,0.0,23.1427276,120.2731514
08BEAC0A089E,2023-09-03,15:00:14,28.1,100.0,0.0,23.12107103,120.4585091
08BEAC0A0774,2023-09-03,15:00:20,28.7,100.0,1.0,22.992411,120.294135
08BEAC0A0464,2023-09-03,15:00:40,28.8,100.0,0.0,22.989813,120.203024
08BEAC0A06FA,2023-09-03,15:00:45,27.8,100.0,0.0,23.04435,120.470196
08BEAC0A0826,2023-09-03,15:00:54,28.7,100.0,0.0,23.0865158,120.3191882
08BEAC0A05AC,2023-09-03,15:00:59,28.5,100.0,0.0,22.912748,120.261227
08BEAC0A0156,2023-09-03,15:01:07,29.3,100.0,0.0,24.0838267,120.752756
08BEAC0A0742,2023-09-03,15:01:37,29.0,100.0,1.0,23.003578,120.240161
08BEAC0A0218,2023-09-03,15:01:39,28.3,100.0,6.0,23.6869687,120.5865383
08BEAC0A06A6,2023-09-03,15:01:58,28.8,100.0,1.0,22.977305,120.186438
08BEAC0A07A2,2023-09-03,15:02:13,30.6,100.0,1.0,25.10392038,121.2447143
08BEAC0A0678,2023-09-03,15:02:18,30.2,100.0,0.0,23.139376,120.138374
08BEAC0A080E,2023-09-03,15:02:18,32.0,100.0,0.0,23.158097,120.170618
08BEAC0A0050,2023-09-03,15:02:32,19.7,100.0,0.0,24.255411,121.259081
08BEAC0A019A,2023-09-03,15:02:41,29.7,100.0,1.0,23.3199,120.34515
08BEAC0A0226,2023-09-03,15:02:53,28.2,100.0,0.0,23.2174825,120.365091
08BEAC0A0040,2023-09-03,15:03:10,29.7,100.0,0.0,22.99133,120.230478
08BEAC0A0344,2023-09-03,15:03:11,29.6,100.0,2.0,24.960122,121.178153
08BEAC0A0830,2023-09-03,15:03:28,29.5,100.0,0.0,22.956295,120.248057
08BEAC0A0398,2023-09-03,15:04:04,31.0,100.0,5.0,24.1494507,120.6816876
08BEAC0A0480,2023-09-03,15:04:13,31.1,100.0,1.0,23.190069,120.192365
08BEAC0A084E,2023-09-03,15:04:13,30.5,100.0,1.0,24.9785086,121.3061612
08BEAC0A01AA,2023-09-03,15:04:22,30.2,89.0,2.0,24.9751,121.269826
08BEAC0A0340,2023-09-03,15:04:25,28.7,100.0,1.0,22.9193352,120.2170451
08BEAC0A04EC,2023-09-03,15:05:21,29.0,100.0,2.0,24.936085,121.223586
08BEAC0A085E,2023-09-03,15:05:28,29.7,100.0,0.0,23.1427276,120.2731514
08BEAC0A089E,2023-09-03,15:05:32,28.1,100.0,0.0,23.12107103,120.4585091
08BEAC0A0774,2023-09-03,15:05:37,28.7,100.0,1.0,22.992411,120.294135
08BEAC0A0464,2023-09-03,15:05:59,28.8,100.0,1.0,22.989813,120.203024
08BEAC0A06FA,2023-09-03,15:06:03,27.8,100.0,0.0,23.04435,120.470196
08BEAC0A0826,2023-09-03,15:06:13,28.7,100.0,0.0,23.0865158,120.3191882
08BEAC0A05AC,2023-09-03,15:06:15,28.3,100.0,0.0,22.912748,120.261227
08BEAC0A0156,2023-09-03,15:06:25,29.3,100.0,0.0,24.0838267,120.752756
08BEAC0A0742,2023-09-03,15:06:53,29.0,100.0,2.0,23.003578,120.240161
08BEAC0A0218,2023-09-03,15:06:58,28.5,100.0,15.0,23.6869687,120.5865383
08BEAC0A06A6,2023-09-03,15:07:13,28.6,100.0,1.0,22.977305,120.186438
08BEAC0A07A2,2023-09-03,15:07:29,30.7,100.0,1.0,25.10392038,121.2447143
08BEAC0A0678,2023-09-03,15:07:34,30.0,100.0,0.0,23.139376,120.138374
08BEAC0A080E,2023-09-03,15:07:39,32.0,100.0,0.0,23.158097,120.170618
08BEAC0A0050,2023-09-03,15:07:48,20.3,100.0,0.0,24.255411,121.259081
08BEAC0A019A,2023-09-03,15:07:56,29.6,100.0,2.0,23.3199,120.34515
08BEAC0A0226,2023-09-03,15:08:10,28.2,100.0,0.0,23.2174825,120.365091
08BEAC0A0344,2023-09-03,15:08:28,29.6,100.0,2.0,24.960122,121.178153
08BEAC0A0040,2023-09-03,15:08:29,29.7,100.0,0.0,22.99133,120.230478
08BEAC0A0830,2023-09-03,15:08:44,29.2,100.0,0.0,22.956295,120.248057
08BEAC0A0398,2023-09-03,15:09:23,31.0,100.0,5.0,24.1494507,120.6816876
08BEAC0A084E,2023-09-03,15:09:30,30.5,100.0,1.0,24.9785086,121.3061612
08BEAC0A0480,2023-09-03,15:09:32,31.1,100.0,1.0,23.190069,120.192365
08BEAC0A01AA,2023-09-03,15:09:38,30.3,89.0,2.0,24.9751,121.269826
08BEAC0A0340,2023-09-03,15:09:44,28.7,100.0,0.0,22.9193352,120.2170451
08BEAC0A0464,2023-09-03,15:11:19,29.0,100.0,1.0,22.989813,120.203024
08BEAC0A06FA,2023-09-03,15:11:22,27.8,100.0,0.0,23.04435,120.470196
08BEAC0A0826,2023-09-03,15:11:30,28.6,100.0,0.0,23.0865158,120.3191882
08BEAC0A05AC,2023-09-03,15:11:33,28.1,100.0,0.0,22.912748,120.261227
08BEAC0A0156,2023-09-03,15:11:41,29.2,100.0,0.0,24.0838267,120.752756
08BEAC0A0742,2023-09-03,15:12:10,29.0,100.0,2.0,23.003578,120.240161
08BEAC0A0218,2023-09-03,15:12:14,28.5,100.0,10.0,23.6869687,120.5865383
08BEAC0A06A6,2023-09-03,15:12:34,28.6,100.0,0.0,22.977305,120.186438
08BEAC0A07A2,2023-09-03,15:12:48,30.5,100.0,2.0,25.10392038,121.2447143
08BEAC0A0678,2023-09-03,15:12:51,29.2,100.0,0.0,23.139376,120.138374
08BEAC0A080E,2023-09-03,15:12:55,32.0,100.0,0.0,23.158097,120.170618
08BEAC0A0050,2023-09-03,15:13:03,20.5,100.0,0.0,24.255411,121.259081
08BEAC0A019A,2023-09-03,15:13:12,29.7,100.0,2.0,23.3199,120.34515
08BEAC0A0226,2023-09-03,15:13:27,28.2,100.0,0.0,23.2174825,120.365091
08BEAC0A0344,2023-09-03,15:13:45,29.6,100.0,1.0,24.960122,121.178153
08BEAC0A0040,2023-09-03,15:13:47,29.6,100.0,0.0,22.99133,120.230478
08BEAC0A0830,2023-09-03,15:14:09,29.0,100.0,0.0,22.956295,120.248057
08BEAC0A0398,2023-09-03,15:14:41,30.5,100.0,6.0,24.1494507,120.6816876
08BEAC0A084E,2023-09-03,15:14:46,30.5,100.0,1.0,24.9785086,121.3061612
08BEAC0A0480,2023-09-03,15:14:47,31.1,100.0,2.0,23.190069,120.192365
08BEAC0A01AA,2023-09-03,15:14:56,30.2,89.0,2.0,24.9751,121.269826
08BEAC0A0340,2023-09-03,15:15:01,28.7,100.0,0.0,22.9193352,120.2170451
08BEAC0A04EC,2023-09-03,15:15:56,29.0,100.0,1.0,24.936085,121.223586
08BEAC0A085E,2023-09-03,15:16:04,29.6,100.0,0.0,23.1427276,120.2731514
08BEAC0A089E,2023-09-03,15:16:06,27.7,100.0,0.0,23.12107103,120.4585091
08BEAC0A0774,2023-09-03,15:16:10,28.8,100.0,1.0,22.992411,120.294135
08BEAC0A0464,2023-09-03,15:16:37,28.8,100.0,0.0,22.989813,120.203024
08BEAC0A06FA,2023-09-03,15:16:40,27.8,100.0,0.0,23.04435,120.470196
08BEAC0A0826,2023-09-03,15:16:45,28.7,100.0,0.0,23.0865158,120.3191882
08BEAC0A05AC,2023-09-03,15:16:51,28.1,100.0,0.0,22.912748,120.261227
08BEAC0A0156,2023-09-03,15:16:59,29.2,100.0,0.0,24.0838267,120.752756
08BEAC0A0742,2023-09-03,15:17:27,29.0,100.0,2.0,23.003578,120.240161
08BEAC0A0218,2023-09-03,15:17:31,28.6,100.0,22.0,23.6869687,120.5865383
08BEAC0A06A6,2023-09-03,15:17:52,28.2,100.0,0.0,22.977305,120.186438
08BEAC0A07A2,2023-09-03,15:18:05,30.6,100.0,1.0,25.10392038,121.2447143
08BEAC0A0678,2023-09-03,15:18:06,29.0,100.0,0.0,23.139376,120.138374
08BEAC0A080E,2023-09-03,15:18:13,32.0,100.0,0.0,23.158097,120.170618
08BEAC0A0050,2023-09-03,15:18:20,20.3,100.0,0.0,24.255411,121.259081
08BEAC0A019A,2023-09-03,15:18:29,29.7,100.0,3.0,23.3199,120.34515
08BEAC0A0226,2023-09-03,15:18:43,28.2,100.0,0.0,23.2174825,120.365091
08BEAC0A0344,2023-09-03,15:19:01,29.6,100.0,1.0,24.960122,121.178153
08BEAC0A0040,2023-09-03,15:19:05,29.5,100.0,0.0,22.99133,120.230478
08BEAC0A0830,2023-09-03,15:19:27,29.1,100.0,0.0,22.956295,120.248057
08BEAC0A0398,2023-09-03,15:20:00,30.6,100.0,6.0,24.1494507,120.6816876
08BEAC0A0480,2023-09-03,15:20:03,31.1,100.0,1.0,23.190069,120.192365
08BEAC0A084E,2023-09-03,15:20:03,30.5,100.0,1.0,24.9785086,121.3061612
08BEAC0A01AA,2023-09-03,15:20:12,30.3,90.0,2.0,24.9751,121.269826
08BEAC0A0340,2023-09-03,15:20:19,28.6,100.0,0.0,22.9193352,120.2170451
08BEAC0A04EC,2023-09-03,15:21:13,28.8,100.0,1.0,24.936085,121.223586
08BEAC0A085E,2023-09-03,15:21:21,29.5,100.0,0.0,23.1427276,120.2731514
08BEAC0A089E,2023-09-03,15:21:25,27.8,100.0,0.0,23.12107103,120.4585091
08BEAC0A0774,2023-09-03,15:21:28,28.7,100.0,1.0,22.992411,120.294135
08BEAC0A0464,2023-09-03,15:21:55,28.6,100.0,1.0,22.989813,120.203024
08BEAC0A06FA,2023-09-03,15:21:56,27.6,100.0,0.0,23.04435,120.470196
08BEAC0A0826,2023-09-03,15:22:01,28.6,100.0,0.0,23.0865158,120.3191882
08BEAC0A05AC,2023-09-03,15:22:06,28.1,100.0,0.0,22.912748,120.261227
08BEAC0A0156,2023-09-03,15:22:16,29.2,100.0,0.0,24.0838267,120.752756
08BEAC0A0742,2023-09-03,15:22:42,28.8,100.0,2.0,23.003578,120.240161
08BEAC0A0218,2023-09-03,15:22:48,28.6,100.0,13.0,23.6869687,120.5865383
08BEAC0A06A6,2023-09-03,15:23:08,28.2,100.0,1.0,22.977305,120.186438
08BEAC0A07A2,2023-09-03,15:23:23,30.6,100.0,2.0,25.10392038,121.2447143
08BEAC0A0678,2023-09-03,15:23:24,28.8,100.0,0.0,23.139376,120.138374
08BEAC0A080E,2023-09-03,15:23:29,32.0,100.0,0.0,23.158097,120.170618
08BEAC0A0050,2023-09-03,15:23:38,20.2,100.0,0.0,24.255411,121.259081
08BEAC0A019A,2023-09-03,15:23:47,29.8,100.0,3.0,23.3199,120.34515
08BEAC0A0226,2023-09-03,15:24:00,28.3,100.0,0.0,23.2174825,120.365091
08BEAC0A0344,2023-09-03,15:24:18,29.5,100.0,1.0,24.960122,121.178153
08BEAC0A0040,2023-09-03,15:24:22,29.3,100.0,0.0,22.99133,120.230478
08BEAC0A0830,2023-09-03,15:24:45,29.0,100.0,0.0,22.956295,120.248057
08BEAC0A0398,2023-09-03,15:25:17,30.7,100.0,6.0,24.1494507,120.6816876
08BEAC0A084E,2023-09-03,15:25:20,30.5,100.0,1.0,24.9785086,121.3061612
08BEAC0A0480,2023-09-03,15:25:22,31.1,100.0,2.0,23.190069,120.192365
08BEAC0A01AA,2023-09-03,15:25:33,30.5,89.0,2.0,24.9751,121.269826
08BEAC0A0340,2023-09-03,15:25:37,28.5,100.0,0.0,22.9193352,120.2170451
08BEAC0A04EC,2023-09-03,15:26:28,28.8,100.0,2.0,24.936085,121.223586
08BEAC0A085E,2023-09-03,15:26:37,29.6,100.0,0.0,23.1427276,120.2731514
08BEAC0A089E,2023-09-03,15:26:40,27.1,100.0,0.0,23.12107103,120.4585091
08BEAC0A0774,2023-09-03,15:26:44,28.7,100.0,1.0,22.992411,120.294135
08BEAC0A0464,2023-09-03,15:27:11,28.3,100.0,0.0,22.989813,120.203024
08BEAC0A06FA,2023-09-03,15:27:14,27.6,100.0,0.0,23.04435,120.470196
08BEAC0A0826,2023-09-03,15:27:19,28.7,100.0,0.0,23.0865158,120.3191882
08BEAC0A05AC,2023-09-03,15:27:23,28.0,100.0,0.0,22.912748,120.261227
08BEAC0A0156,2023-09-03,15:27:31,29.2,100.0,0.0,24.0838267,120.752756
08BEAC0A0742,2023-09-03,15:27:59,28.7,100.0,1.0,23.003578,120.240161
08BEAC0A0218,2023-09-03,15:28:05,28.7,100.0,12.0,23.6869687,120.5865383
08BEAC0A06A6,2023-09-03,15:28:25,28.2,100.0,1.0,22.977305,120.186438
08BEAC0A07A2,2023-09-03,15:28:40,30.5,100.0,1.0,25.10392038,121.2447143
08BEAC0A0678,2023-09-03,15:28:42,29.0,100.0,0.0,23.139376,120.138374
08BEAC0A080E,2023-09-03,15:28:48,32.0,100.0,0.0,23.158097,120.170618
08BEAC0A0050,2023-09-03,15:28:53,19.8,100.0,0.0,24.255411,121.259081
08BEAC0A019A,2023-09-03,15:29:03,29.8,100.0,2.0,23.3199,120.34515
08BEAC0A0226,2023-09-03,15:29:17,28.1,100.0,0.0,23.2174825,120.365091
08BEAC0A0344,2023-09-03,15:29:33,29.5,100.0,1.0,24.960122,121.178153
08BEAC0A0040,2023-09-03,15:29:41,29.0,100.0,0.0,22.99133,120.230478
08BEAC0A0830,2023-09-03,15:30:05,29.0,100.0,0.0,22.956295,120.248057
08BEAC0A0398,2023-09-03,15:30:34,30.8,100.0,6.0,24.1494507,120.6816876
08BEAC0A084E,2023-09-03,15:30:38,30.5,100.0,0.0,24.9785086,121.3061612
08BEAC0A0480,2023-09-03,15:30:41,31.1,100.0,1.0,23.190069,120.192365
08BEAC0A01AA,2023-09-03,15:30:50,30.1,90.0,2.0,24.9751,121.269826
08BEAC0A0340,2023-09-03,15:30:55,28.5,100.0,0.0,22.9193352,120.2170451
08BEAC0A04EC,2023-09-03,15:31:45,28.8,100.0,2.0,24.936085,121.223586
08BEAC0A085E,2023-09-03,15:31:54,29.7,100.0,0.0,23.1427276,120.2731514
08BEAC0A089E,2023-09-03,15:31:55,26.8,100.0,0.0,23.12107103,120.4585091
08BEAC0A0774,2023-09-03,15:32:01,28.7,100.0,1.0,22.992411,120.294135
08BEAC0A0464,2023-09-03,15:32:28,28.3,100.0,1.0,22.989813,120.203024
08BEAC0A06FA,2023-09-03,15:32:32,27.6,100.0,0.0,23.04435,120.470196
08BEAC0A0826,2023-09-03,15:32:35,28.7,100.0,0.0,23.0865158,120.3191882
08BEAC0A05AC,2023-09-03,15:32:40,28.1,100.0,0.0,22.912748,120.261227
08BEAC0A0156,2023-09-03,15:32:51,29.2,100.0,0.0,24.0838267,120.752756
08BEAC0A0742,2023-09-03,15:33:15,28.7,100.0,1.0,23.003578,120.240161
08BEAC0A0218,2023-09-03,15:33:23,28.7,100.0,8.0,23.6869687,120.5865383
08BEAC0A06A6,2023-09-03,15:33:43,28.2,100.0,1.0,22.977305,120.186438
08BEAC0A07A2,2023-09-03,15:33:57,30.3,100.0,2.0,25.10392038,121.2447143
08BEAC0A0678,2023-09-03,15:33:59,28.8,100.0,0.0,23.139376,120.138374
08BEAC0A080E,2023-09-03,15:34:05,32.0,100.0,0.0,23.158097,120.170618
08BEAC0A0050,2023-09-03,15:34:09,19.6,100.0,0.0,24.255411,121.259081
08BEAC0A019A,2023-09-03,15:34:21,29.8,100.0,3.0,23.3199,120.34515
08BEAC0A0226,2023-09-03,15:34:34,27.7,100.0,0.0,23.2174825,120.365091
08BEAC0A0344,2023-09-03,15:34:50,29.5,100.0,1.0,24.960122,121.178153
08BEAC0A0040,2023-09-03,15:34:59,29.0,100.0,0.0,22.99133,120.230478
08BEAC0A0830,2023-09-03,15:35:29,29.1,100.0,0.0,22.956295,120.248057
08BEAC0A0398,2023-09-03,15:35:50,30.8,100.0,5.0,24.1494507,120.6816876
08BEAC0A084E,2023-09-03,15:35:55,30.5,100.0,1.0,24.9785086,121.3061612
08BEAC0A0480,2023-09-03,15:35:57,31.1,100.0,1.0,23.190069,120.192365
08BEAC0A01AA,2023-09-03,15:36:07,30.2,90.0,2.0,24.9751,121.269826
08BEAC0A0340,2023-09-03,15:36:14,28.6,100.0,1.0,22.9193352,120.2170451
08BEAC0A04EC,2023-09-03,15:37:02,28.8,100.0,1.0,24.936085,121.223586
08BEAC0A085E,2023-09-03,15:37:10,29.8,100.0,0.0,23.1427276,120.2731514
08BEAC0A089E,2023-09-03,15:37:11,27.0,100.0,0.0,23.12107103,120.4585091
08BEAC0A0774,2023-09-03,15:37:16,28.6,100.0,0.0,22.992411,120.294135
08BEAC0A0464,2023-09-03,15:37:45,28.3,100.0,0.0,22.989813,120.203024
08BEAC0A06FA,2023-09-03,15:37:52,27.7,100.0,0.0,23.04435,120.470196
08BEAC0A0826,2023-09-03,15:37:52,28.7,100.0,0.0,23.0865158,120.3191882
08BEAC0A05AC,2023-09-03,15:37:56,28.1,100.0,0.0,22.912748,120.261227
08BEAC0A0156,2023-09-03,15:38:06,29.2,100.0,0.0,24.0838267,120.752756
08BEAC0A0742,2023-09-03,15:38:35,28.7,100.0,1.0,23.003578,120.240161
08BEAC0A0218,2023-09-03,15:38:40,28.6,100.0,5.0,23.6869687,120.5865383
08BEAC0A06A6,2023-09-03,15:39:00,28.2,100.0,1.0,22.977305,120.186438
08BEAC0A07A2,2023-09-03,15:39:13,30.6,100.0,2.0,25.10392038,121.2447143
08BEAC0A0678,2023-09-03,15:39:17,28.8,100.0,0.0,23.139376,120.138374
08BEAC0A080E,2023-09-03,15:39:20,32.0,100.0,0.0,23.158097,120.170618
08BEAC0A0050,2023-09-03,15:39:27,19.7,100.0,0.0,24.255411,121.259081
08BEAC0A019A,2023-09-03,15:39:38,29.8,100.0,4.0,23.3199,120.34515
08BEAC0A0226,2023-09-03,15:39:53,27.6,100.0,0.0,23.2174825,120.365091
08BEAC0A0344,2023-09-03,15:40:05,29.5,100.0,1.0,24.960122,121.178153
08BEAC0A0040,2023-09-03,15:40:17,29.0,100.0,0.0,22.99133,120.230478
08BEAC0A0830,2023-09-03,15:40:45,29.1,100.0,0.0,22.956295,120.248057
08BEAC0A0398,2023-09-03,15:41:05,30.8,100.0,6.0,24.1494507,120.6816876
08BEAC0A0480,2023-09-03,15:41:12,31.1,100.0,1.0,23.190069,120.192365
08BEAC0A084E,2023-09-03,15:41:13,30.5,100.0,1.0,24.9785086,121.3061612
08BEAC0A01AA,2023-09-03,15:41:22,30.1,91.0,1.0,24.9751,121.269826
08BEAC0A0340,2023-09-03,15:41:31,28.6,100.0,2.0,22.9193352,120.2170451
08BEAC0A04EC,2023-09-03,15:42:19,28.8,100.0,2.0,24.936085,121.223586
08BEAC0A085E,2023-09-03,15:42:26,30.0,100.0,0.0,23.1427276,120.2731514
08BEAC0A089E,2023-09-03,15:42:29,27.0,100.0,0.0,23.12107103,120.4585091
08BEAC0A0774,2023-09-03,15:42:33,28.6,100.0,0.0,22.992411,120.294135
08BEAC0A0464,2023-09-03,15:43:08,28.3,100.0,1.0,22.989813,120.203024
08BEAC0A06FA,2023-09-03,15:43:09,27.7,100.0,0.0,23.04435,120.470196
08BEAC0A0826,2023-09-03,15:43:09,28.7,100.0,0.0,23.0865158,120.3191882
08BEAC0A05AC,2023-09-03,15:43:15,28.2,100.0,0.0,22.912748,120.261227
08BEAC0A0156,2023-09-03,15:43:22,29.2,100.0,0.0,24.0838267,120.752756
08BEAC0A0742,2023-09-03,15:43:53,28.7,100.0,1.0,23.003578,120.240161
08BEAC0A0218,2023-09-03,15:43:56,28.5,100.0,6.0,23.6869687,120.5865383
08BEAC0A06A6,2023-09-03,15:44:18,28.2,100.0,1.0,22.977305,120.186438
08BEAC0A07A2,2023-09-03,15:44:31,30.6,100.0,2.0,25.10392038,121.2447143
08BEAC0A0678,2023-09-03,15:44:35,29.0,100.0,0.0,23.139376,120.138374
08BEAC0A080E,2023-09-03,15:44:40,32.0,100.0,0.0,23.158097,120.170618
08BEAC0A0050,2023-09-03,15:44:43,20.0,100.0,0.0,24.255411,121.259081
08BEAC0A019A,2023-09-03,15:44:55,29.8,100.0,4.0,23.3199,120.34515
08BEAC0A0226,2023-09-03,15:45:10,27.3,100.0,0.0,23.2174825,120.365091
08BEAC0A0344,2023-09-03,15:45:23,29.6,100.0,8.0,24.960122,121.178153
08BEAC0A0040,2023-09-03,15:45:35,29.2,100.0,0.0,22.99133,120.230478
08BEAC0A0830,2023-09-03,15:46:08,29.1,100.0,0.0,22.956295,120.248057
08BEAC0A0398,2023-09-03,15:46:22,30.7,100.0,5.0,24.1494507,120.6816876
08BEAC0A0480,2023-09-03,15:46:27,31.1,100.0,1.0,23.190069,120.192365
08BEAC0A084E,2023-09-03,15:46:29,30.5,100.0,1.0,24.9785086,121.3061612
08BEAC0A01AA,2023-09-03,15:46:38,30.2,91.0,2.0,24.9751,121.269826
08BEAC0A0340,2023-09-03,15:46:46,28.6,100.0,1.0,22.9193352,120.2170451
08BEAC0A04EC,2023-09-03,15:47:34,28.8,100.0,2.0,24.936085,121.223586
08BEAC0A085E,2023-09-03,15:47:42,30.0,100.0,0.0,23.1427276,120.2731514
08BEAC0A089E,2023-09-03,15:47:46,26.6,100.0,0.0,23.12107103,120.4585091
08BEAC0A0774,2023-09-03,15:47:53,28.6,100.0,0.0,22.992411,120.294135
08BEAC0A0826,2023-09-03,15:48:26,28.7,100.0,0.0,23.0865158,120.3191882
08BEAC0A06FA,2023-09-03,15:48:27,27.5,100.0,0.0,23.04435,120.470196
08BEAC0A0464,2023-09-03,15:48:28,28.3,100.0,1.0,22.989813,120.203024
08BEAC0A05AC,2023-09-03,15:48:35,28.1,100.0,0.0,22.912748,120.261227
08BEAC0A0156,2023-09-03,15:48:40,29.2,100.0,0.0,24.0838267,120.752756
08BEAC0A0742,2023-09-03,15:49:08,28.7,100.0,1.0,23.003578,120.240161
08BEAC0A0218,2023-09-03,15:49:12,28.2,100.0,5.0,23.6869687,120.5865383
08BEAC0A06A6,2023-09-03,15:49:36,28.2,100.0,1.0,22.977305,120.186438
08BEAC0A07A2,2023-09-03,15:49:49,30.6,100.0,2.0,25.10392038,121.2447143
08BEAC0A0678,2023-09-03,15:49:52,29.1,100.0,0.0,23.139376,120.138374
08BEAC0A0050,2023-09-03,15:50:00,20.0,100.0,0.0,24.255411,121.259081
08BEAC0A019A,2023-09-03,15:50:12,29.8,100.0,4.0,23.3199,120.34515
08BEAC0A0226,2023-09-03,15:50:27,27.3,100.0,0.0,23.2174825,120.365091
08BEAC0A0344,2023-09-03,15:50:39,29.5,100.0,1.0,24.960122,121.178153
08BEAC0A0040,2023-09-03,15:50:53,29.2,100.0,0.0,22.99133,120.230478
08BEAC0A0398,2023-09-03,15:51:39,30.7,100.0,3.0,24.1494507,120.6816876
08BEAC0A0480,2023-09-03,15:51:44,31.0,100.0,1.0,23.190069,120.192365
08BEAC0A084E,2023-09-03,15:51:45,30.3,100.0,1.0,24.9785086,121.3061612
08BEAC0A01AA,2023-09-03,15:51:55,30.2,90.0,2.0,24.9751,121.269826
08BEAC0A0340,2023-09-03,15:52:03,28.5,100.0,1.0,22.9193352,120.2170451
08BEAC0A04EC,2023-09-03,15:52:52,28.7,100.0,2.0,24.936085,121.223586
08BEAC0A085E,2023-09-03,15:52:59,29.7,100.0,0.0,23.1427276,120.2731514
08BEAC0A089E,2023-09-03,15:53:05,26.8,100.0,0.0,23.12107103,120.4585091
08BEAC0A0774,2023-09-03,15:53:08,28.6,100.0,0.0,22.992411,120.294135
08BEAC0A0826,2023-09-03,15:53:43,28.7,100.0,0.0,23.0865158,120.3191882
08BEAC0A06FA,2023-09-03,15:53:45,27.5,100.0,0.0,23.04435,120.470196
08BEAC0A0464,2023-09-03,15:53:47,28.3,100.0,0.0,22.989813,120.203024
08BEAC0A05AC,2023-09-03,15:53:51,27.8,100.0,0.0,22.912748,120.261227
08BEAC0A0156,2023-09-03,15:53:58,29.2,100.0,0.0,24.0838267,120.752756
08BEAC0A0742,2023-09-03,15:54:28,28.7,100.0,0.0,23.003578,120.240161
08BEAC0A0218,2023-09-03,15:54:32,28.2,100.0,5.0,23.6869687,120.5865383
08BEAC0A06A6,2023-09-03,15:54:55,28.2,100.0,1.0,22.977305,120.186438
08BEAC0A07A2,2023-09-03,15:55:07,30.7,100.0,1.0,25.10392038,121.2447143
08BEAC0A0678,2023-09-03,15:55:08,29.2,100.0,0.0,23.139376,120.138374
08BEAC0A080E,2023-09-03,15:55:08,32.0,100.0,0.0,23.158097,120.170618
08BEAC0A0050,2023-09-03,15:55:16,20.0,100.0,0.0,24.255411,121.259081
08BEAC0A019A,2023-09-03,15:55:29,29.7,100.0,4.0,23.3199,120.34515
08BEAC0A0226,2023-09-03,15:55:44,27.5,100.0,0.0,23.2174825,120.365091
08BEAC0A0344,2023-09-03,15:55:54,29.6,100.0,2.0,24.960122,121.178153
08BEAC0A0040,2023-09-03,15:56:11,29.3,100.0,0.0,22.99133,120.230478
08BEAC0A0398,2023-09-03,15:56:55,30.7,100.0,3.0,24.1494507,120.6816876
08BEAC0A0480,2023-09-03,15:57:00,31.0,100.0,1.0,23.190069,120.192365
08BEAC0A084E,2023-09-03,15:57:04,30.5,100.0,1.0,24.9785086,121.3061612
08BEAC0A0830,2023-09-03,15:57:05,29.1,100.0,0.0,22.956295,120.248057
08BEAC0A01AA,2023-09-03,15:57:09,30.2,90.0,2.0,24.9751,121.269826
08BEAC0A0340,2023-09-03,15:57:18,28.5,100.0,0.0,22.9193352,120.2170451
08BEAC0A04EC,2023-09-03,15:58:11,29.0,100.0,2.0,24.936085,121.223586
08BEAC0A085E,2023-09-03,15:58:15,29.3,100.0,0.0,23.1427276,120.2731514
08BEAC0A089E,2023-09-03,15:58:21,27.3,100.0,0.0,23.12107103,120.4585091
08BEAC0A0774,2023-09-03,15:58:25,28.5,100.0,0.0,22.992411,120.294135
08BEAC0A0826,2023-09-03,15:59:00,28.7,100.0,0.0,23.0865158,120.3191882
08BEAC0A06FA,2023-09-03,15:59:03,27.6,100.0,0.0,23.04435,120.470196
08BEAC0A0464,2023-09-03,15:59:10,28.2,100.0,0.0,22.989813,120.203024
08BEAC0A05AC,2023-09-03,15:59:11,27.8,100.0,0.0,22.912748,120.261227
08BEAC0A0156,2023-09-03,15:59:16,29.2,100.0,0.0,24.0838267,120.752756
08BEAC0A0742,2023-09-03,15:59:44,28.7,100.0,0.0,23.003578,120.240161
08BEAC0A0218,2023-09-03,15:59:48,28.2,100.0,6.0,23.6869687,120.5865383
08BEAC0A06A6,2023-09-03,16:00:13,28.1,100.0,0.0,22.977305,120.186438
08BEAC0A0678,2023-09-03,16:00:25,29.3,100.0,0.0,23.139376,120.138374
08BEAC0A07A2,2023-09-03,16:00:25,30.5,100.0,2.0,25.10392038,121.2447143
08BEAC0A0050,2023-09-03,16:00:32,19.8,100.0,0.0,24.255411,121.259081
08BEAC0A019A,2023-09-03,16:00:45,29.7,100.0,4.0,23.3199,120.34515
08BEAC0A0226,2023-09-03,16:01:00,27.5,100.0,0.0,23.2174825,120.365091
08BEAC0A0344,2023-09-03,16:01:10,29.5,100.0,1.0,24.960122,121.178153
08BEAC0A0040,2023-09-03,16:01:29,29.2,100.0,0.0,22.99133,120.230478
08BEAC0A080E,2023-09-03,16:01:30,32.0,100.0,0.0,23.158097,120.170618
08BEAC0A0398,2023-09-03,16:02:12,30.7,100.0,4.0,24.1494507,120.6816876
08BEAC0A0480,2023-09-03,16:02:17,31.0,100.0,0.0,23.190069,120.192365
08BEAC0A084E,2023-09-03,16:02:21,30.5,100.0,1.0,24.9785086,121.3061612
08BEAC0A0830,2023-09-03,16:02:25,29.0,100.0,0.0,22.956295,120.248057
08BEAC0A01AA,2023-09-03,16:02:26,30.1,90.0,2.0,24.9751,121.269826
08BEAC0A0340,2023-09-03,16:02:34,28.5,100.0,0.0,22.9193352,120.2170451
08BEAC0A04EC,2023-09-03,16:03:25,29.0,100.0,2.0,24.936085,121.223586
08BEAC0A085E,2023-09-03,16:03:32,29.3,100.0,0.0,23.1427276,120.2731514
08BEAC0A089E,2023-09-03,16:03:37,27.3,100.0,0.0,23.12107103,120.4585091
08BEAC0A0774,2023-09-03,16:03:42,28.3,100.0,0.0,22.992411,120.294135
08BEAC0A0826,2023-09-03,16:04:17,28.5,100.0,0.0,23.0865158,120.3191882
08BEAC0A06FA,2023-09-03,16:04:23,27.5,100.0,0.0,23.04435,120.470196
08BEAC0A05AC,2023-09-03,16:04:28,27.8,100.0,0.0,22.912748,120.261227
08BEAC0A0464,2023-09-03,16:04:31,28.1,100.0,0.0,22.989813,120.203024
08BEAC0A0156,2023-09-03,16:04:32,29.2,100.0,0.0,24.0838267,120.752756
08BEAC0A0742,2023-09-03,16:05:00,28.6,100.0,0.0,23.003578,120.240161
08BEAC0A0218,2023-09-03,16:05:06,28.1,100.0,6.0,23.6869687,120.5865383
08BEAC0A06A6,2023-09-03,16:05:31,28.1,100.0,0.0,22.977305,120.186438
08BEAC0A07A2,2023-09-03,16:05:41,30.6,100.0,2.0,25.10392038,121.2447143
08BEAC0A0678,2023-09-03,16:05:43,29.5,100.0,0.0,23.139376,120.138374
08BEAC0A0050,2023-09-03,16:05:50,19.7,100.0,0.0,24.255411,121.259081
08BEAC0A019A,2023-09-03,16:06:01,29.7,100.0,4.0,23.3199,120.34515
08BEAC0A0226,2023-09-03,16:06:17,27.6,100.0,0.0,23.2174825,120.365091
08BEAC0A0344,2023-09-03,16:06:25,29.5,100.0,2.0,24.960122,121.178153
08BEAC0A0040,2023-09-03,16:06:46,29.2,100.0,0.0,22.99133,120.230478
08BEAC0A080E,2023-09-03,16:06:49,32.0,100.0,0.0,23.158097,120.170618
08BEAC0A0398,2023-09-03,16:07:30,30.7,100.0,3.0,24.1494507,120.6816876
08BEAC0A0480,2023-09-03,16:07:33,31.0,100.0,1.0,23.190069,120.192365
08BEAC0A084E,2023-09-03,16:07:40,30.5,100.0,1.0,24.9785086,121.3061612
08BEAC0A01AA,2023-09-03,16:07:42,30.3,90.0,2.0,24.9751,121.269826
08BEAC0A0830,2023-09-03,16:07:47,28.7,100.0,0.0,22.956295,120.248057
08BEAC0A0340,2023-09-03,16:07:51,28.3,100.0,0.0,22.9193352,120.2170451
08BEAC0A04EC,2023-09-03,16:08:43,29.1,100.0,2.0,24.936085,121.223586
08BEAC0A085E,2023-09-03,16:08:49,29.3,100.0,0.0,23.1427276,120.2731514
08BEAC0A089E,2023-09-03,16:08:54,27.5,100.0,0.0,23.12107103,120.4585091
08BEAC0A0774,2023-09-03,16:09:01,28.1,100.0,0.0,22.992411,120.294135
08BEAC0A0826,2023-09-03,16:09:32,28.5,100.0,0.0,23.0865158,120.3191882
08BEAC0A06FA,2023-09-03,16:09:39,27.5,100.0,0.0,23.04435,120.470196
08BEAC0A05AC,2023-09-03,16:09:44,27.7,100.0,0.0,22.912748,120.261227
08BEAC0A0156,2023-09-03,16:09:48,29.2,100.0,0.0,24.0838267,120.752756
08BEAC0A0464,2023-09-03,16:09:49,28.1,100.0,0.0,22.989813,120.203024
08BEAC0A0742,2023-09-03,16:10:17,28.5,100.0,0.0,23.003578,120.240161
08BEAC0A0218,2023-09-03,16:10:22,28.2,100.0,6.0,23.6869687,120.5865383
08BEAC0A07A2,2023-09-03,16:10:56,30.6,100.0,2.0,25.10392038,121.2447143
08BEAC0A0678,2023-09-03,16:10:58,29.5,100.0,0.0,23.139376,120.138374
08BEAC0A0050,2023-09-03,16:11:06,20.2,100.0,0.0,24.255411,121.259081
08BEAC0A019A,2023-09-03,16:11:17,29.7,100.0,3.0,23.3199,120.34515
08BEAC0A0226,2023-09-03,16:11:34,27.7,100.0,0.0,23.2174825,120.365091
08BEAC0A0040,2023-09-03,16:12:02,29.1,100.0,0.0,22.99133,120.230478
08BEAC0A080E,2023-09-03,16:12:08,32.0,100.0,0.0,23.158097,120.170618
08BEAC0A0398,2023-09-03,16:12:48,30.7,100.0,3.0,24.1494507,120.6816876
08BEAC0A0480,2023-09-03,16:12:52,31.0,100.0,2.0,23.190069,120.192365
08BEAC0A084E,2023-09-03,16:12:56,30.5,100.0,0.0,24.9785086,121.3061612
08BEAC0A01AA,2023-09-03,16:12:59,30.3,89.0,2.0,24.9751,121.269826
08BEAC0A0830,2023-09-03,16:13:05,28.6,100.0,0.0,22.956295,120.248057
08BEAC0A0340,2023-09-03,16:13:10,28.2,100.0,0.0,22.9193352,120.2170451
08BEAC0A04EC,2023-09-03,16:13:59,29.0,100.0,2.0,24.936085,121.223586
08BEAC0A085E,2023-09-03,16:14:05,29.6,100.0,0.0,23.1427276,120.2731514
08BEAC0A089E,2023-09-03,16:14:10,27.5,100.0,0.0,23.12107103,120.4585091
08BEAC0A0774,2023-09-03,16:14:21,28.1,100.0,0.0,22.992411,120.294135
08BEAC0A0826,2023-09-03,16:14:48,28.3,100.0,0.0,23.0865158,120.3191882
08BEAC0A06FA,2023-09-03,16:14:57,27.6,100.0,0.0,23.04435,120.470196
08BEAC0A05AC,2023-09-03,16:15:02,27.6,100.0,0.0,22.912748,120.261227
08BEAC0A0156,2023-09-03,16:15:04,29.2,100.0,0.0,24.0838267,120.752756
08BEAC0A0464,2023-09-03,16:15:10,28.0,100.0,0.0,22.989813,120.203024
08BEAC0A0742,2023-09-03,16:15:34,28.3,100.0,0.0,23.003578,120.240161
08BEAC0A0218,2023-09-03,16:15:38,28.1,100.0,6.0,23.6869687,120.5865383
08BEAC0A06A6,2023-09-03,16:15:59,27.7,100.0,0.0,22.977305,120.186438
08BEAC0A07A2,2023-09-03,16:16:14,30.3,100.0,2.0,25.10392038,121.2447143
08BEAC0A0678,2023-09-03,16:16:15,29.3,100.0,0.0,23.139376,120.138374
08BEAC0A0050,2023-09-03,16:16:21,20.0,100.0,0.0,24.255411,121.259081
08BEAC0A019A,2023-09-03,16:16:32,29.7,100.0,4.0,23.3199,120.34515
08BEAC0A0226,2023-09-03,16:16:53,27.6,100.0,0.0,23.2174825,120.365091
08BEAC0A0344,2023-09-03,16:16:57,29.5,100.0,1.0,24.960122,121.178153
08BEAC0A0040,2023-09-03,16:17:20,28.8,100.0,0.0,22.99133,120.230478
08BEAC0A080E,2023-09-03,16:17:25,32.0,100.0,0.0,23.158097,120.170618
08BEAC0A0398,2023-09-03,16:18:06,30.6,100.0,2.0,24.1494507,120.6816876
08BEAC0A0480,2023-09-03,16:18:06,31.0,100.0,1.0,23.190069,120.192365
08BEAC0A084E,2023-09-03,16:18:12,30.5,100.0,0.0,24.9785086,121.3061612
08BEAC0A01AA,2023-09-03,16:18:14,30.3,89.0,2.0,24.9751,121.269826
08BEAC0A0340,2023-09-03,16:18:27,28.2,100.0,0.0,22.9193352,120.2170451
08BEAC0A0830,2023-09-03,16:18:29,28.5,100.0,0.0,22.956295,120.248057
08BEAC0A04EC,2023-09-03,16:19:14,29.0,100.0,2.0,24.936085,121.223586
08BEAC0A085E,2023-09-03,16:19:21,29.7,100.0,0.0,23.1427276,120.2731514
08BEAC0A089E,2023-09-03,16:19:28,27.3,100.0,0.0,23.12107103,120.4585091
08BEAC0A0774,2023-09-03,16:19:37,28.0,100.0,0.0,22.992411,120.294135
08BEAC0A0826,2023-09-03,16:20:03,28.5,100.0,0.0,23.0865158,120.3191882
08BEAC0A06FA,2023-09-03,16:20:15,27.6,100.0,0.0,23.04435,120.470196
08BEAC0A05AC,2023-09-03,16:20:19,27.6,100.0,0.0,22.912748,120.261227
08BEAC0A0156,2023-09-03,16:20:21,29.2,100.0,0.0,24.0838267,120.752756
08BEAC0A0464,2023-09-03,16:20:29,27.7,100.0,0.0,22.989813,120.203024
08BEAC0A0742,2023-09-03,16:20:51,28.2,100.0,0.0,23.003578,120.240161
08BEAC0A0218,2023-09-03,16:20:55,28.0,100.0,7.0,23.6869687,120.5865383
08BEAC0A06A6,2023-09-03,16:21:20,27.6,100.0,0.0,22.977305,120.186438
08BEAC0A07A2,2023-09-03,16:21:31,30.3,100.0,2.0,25.10392038,121.2447143
08BEAC0A0678,2023-09-03,16:21:34,29.3,100.0,0.0,23.139376,120.138374
08BEAC0A0050,2023-09-03,16:21:37,19.7,100.0,0.0,24.255411,121.259081
08BEAC0A019A,2023-09-03,16:21:50,29.7,100.0,4.0,23.3199,120.34515
08BEAC0A0226,2023-09-03,16:22:11,27.7,100.0,0.0,23.2174825,120.365091
08BEAC0A0344,2023-09-03,16:22:15,29.5,100.0,2.0,24.960122,121.178153
08BEAC0A0040,2023-09-03,16:22:37,28.6,100.0,0.0,22.99133,120.230478
08BEAC0A080E,2023-09-03,16:22:47,31.8,100.0,0.0,23.158097,120.170618
08BEAC0A0480,2023-09-03,16:23:24,31.0,100.0,0.0,23.190069,120.192365
08BEAC0A0398,2023-09-03,16:23:28,30.5,100.0,3.0,24.1494507,120.6816876
08BEAC0A01AA,2023-09-03,16:23:29,30.3,88.0,2.0,24.9751,121.269826
08BEAC0A084E,2023-09-03,16:23:29,30.5,100.0,1.0,24.9785086,121.3061612
08BEAC0A0340,2023-09-03,16:23:44,28.1,100.0,0.0,22.9193352,120.2170451
08BEAC0A0830,2023-09-03,16:23:54,28.2,100.0,0.0,22.956295,120.248057
08BEAC0A04EC,2023-09-03,16:24:31,29.0,100.0,2.0,24.936085,121.223586
08BEAC0A085E,2023-09-03,16:24:36,29.7,100.0,0.0,23.1427276,120.2731514
08BEAC0A089E,2023-09-03,16:24:45,26.8,100.0,0.0,23.12107103,120.4585091
08BEAC0A0774,2023-09-03,16:24:53,27.8,100.0,0.0,22.992411,120.294135
08BEAC0A0826,2023-09-03,16:25:21,28.5,100.0,0.0,23.0865158,120.3191882
08BEAC0A06FA,2023-09-03,16:25:30,27.6,100.0,0.0,23.04435,120.470196
08BEAC0A05AC,2023-09-03,16:25:35,27.5,100.0,0.0,22.912748,120.261227
08BEAC0A0156,2023-09-03,16:25:39,29.1,100.0,0.0,24.0838267,120.752756
08BEAC0A0464,2023-09-03,16:25:55,27.6,100.0,0.0,22.989813,120.203024
08BEAC0A0742,2023-09-03,16:26:08,28.1,100.0,0.0,23.003578,120.240161
08BEAC0A0218,2023-09-03,16:26:13,28.0,100.0,6.0,23.6869687,120.5865383
08BEAC0A06A6,2023-09-03,16:26:40,27.6,100.0,0.0,22.977305,120.186438
08BEAC0A07A2,2023-09-03,16:26:49,30.5,100.0,3.0,25.10392038,121.2447143
08BEAC0A0678,2023-09-03,16:26:52,29.2,100.0,0.0,23.139376,120.138374
08BEAC0A0050,2023-09-03,16:26:53,19.6,100.0,0.0,24.255411,121.259081
08BEAC0A019A,2023-09-03,16:27:05,29.7,100.0,4.0,23.3199,120.34515
08BEAC0A0226,2023-09-03,16:27:26,27.7,100.0,0.0,23.2174825,120.365091
08BEAC0A0344,2023-09-03,16:27:33,29.6,100.0,2.0,24.960122,121.178153
08BEAC0A0040,2023-09-03,16:27:55,28.6,100.0,0.0,22.99133,120.230478
08BEAC0A080E,2023-09-03,16:28:04,31.8,100.0,0.0,23.158097,120.170618
08BEAC0A0480,2023-09-03,16:28:40,31.0,100.0,1.0,23.190069,120.192365
08BEAC0A0398,2023-09-03,16:28:45,30.3,100.0,3.0,24.1494507,120.6816876
08BEAC0A01AA,2023-09-03,16:28:46,30.3,88.0,2.0,24.9751,121.269826
08BEAC0A084E,2023-09-03,16:28:46,30.5,100.0,1.0,24.9785086,121.3061612
08BEAC0A0340,2023-09-03,16:29:02,27.8,100.0,0.0,22.9193352,120.2170451
08BEAC0A0830,2023-09-03,16:29:15,28.1,100.0,0.0,22.956295,120.248057
08BEAC0A04EC,2023-09-03,16:29:50,29.0,100.0,2.0,24.936085,121.223586
08BEAC0A085E,2023-09-03,16:29:52,29.7,100.0,0.0,23.1427276,120.2731514
08BEAC0A089E,2023-09-03,16:30:04,26.8,100.0,0.0,23.12107103,120.4585091
08BEAC0A0774,2023-09-03,16:30:09,27.8,100.0,0.0,22.992411,120.294135
08BEAC0A0826,2023-09-03,16:30:39,28.6,100.0,0.0,23.0865158,120.3191882
08BEAC0A06FA,2023-09-03,16:30:45,27.6,100.0,0.0,23.04435,120.470196
08BEAC0A05AC,2023-09-03,16:30:51,27.3,100.0,0.0,22.912748,120.261227
08BEAC0A0156,2023-09-03,16:30:55,29.2,100.0,0.0,24.0838267,120.752756
08BEAC0A0464,2023-09-03,16:31:14,27.6,100.0,0.0,22.989813,120.203024
08BEAC0A0742,2023-09-03,16:31:25,28.1,100.0,0.0,23.003578,120.240161
08BEAC0A0218,2023-09-03,16:31:29,28.1,100.0,6.0,23.6869687,120.5865383
08BEAC0A06A6,2023-09-03,16:31:58,27.5,100.0,0.0,22.977305,120.186438
08BEAC0A07A2,2023-09-03,16:32:06,30.6,100.0,2.0,25.10392038,121.2447143
08BEAC0A0678,2023-09-03,16:32:08,29.2,100.0,0.0,23.139376,120.138374
08BEAC0A0050,2023-09-03,16:32:12,19.3,100.0,0.0,24.255411,121.259081
08BEAC0A019A,2023-09-03,16:32:21,29.7,100.0,4.0,23.3199,120.34515
08BEAC0A0226,2023-09-03,16:32:43,27.7,100.0,0.0,23.2174825,120.365091
08BEAC0A0344,2023-09-03,16:32:49,29.6,100.0,2.0,24.960122,121.178153
08BEAC0A0040,2023-09-03,16:33:16,28.6,100.0,0.0,22.99133,120.230478
08BEAC0A080E,2023-09-03,16:33:20,31.8,100.0,0.0,23.158097,120.170618
08BEAC0A0480,2023-09-03,16:33:55,30.8,100.0,1.0,23.190069,120.192365
08BEAC0A0398,2023-09-03,16:34:01,30.3,100.0,3.0,24.1494507,120.6816876
08BEAC0A01AA,2023-09-03,16:34:03,30.5,88.0,2.0,24.9751,121.269826
08BEAC0A084E,2023-09-03,16:34:04,30.5,100.0,1.0,24.9785086,121.3061612
08BEAC0A0340,2023-09-03,16:34:21,27.7,100.0,0.0,22.9193352,120.2170451
08BEAC0A0830,2023-09-03,16:34:32,28.2,100.0,0.0,22.956295,120.248057
08BEAC0A04EC,2023-09-03,16:35:07,29.0,100.0,2.0,24.936085,121.223586
08BEAC0A085E,2023-09-03,16:35:09,29.7,100.0,0.0,23.1427276,120.2731514
08BEAC0A089E,2023-09-03,16:35:21,27.0,100.0,0.0,23.12107103,120.4585091
08BEAC0A0774,2023-09-03,16:35:27,27.8,100.0,0.0,22.992411,120.294135
08BEAC0A0826,2023-09-03,16:35:56,28.3,100.0,0.0,23.0865158,120.3191882
08BEAC0A06FA,2023-09-03,16:36:03,27.6,100.0,0.0,23.04435,120.470196
08BEAC0A05AC,2023-09-03,16:36:08,27.2,100.0,0.0,22.912748,120.261227
08BEAC0A0156,2023-09-03,16:36:13,29.2,100.0,0.0,24.0838267,120.752756
08BEAC0A0464,2023-09-03,16:36:39,27.5,100.0,0.0,22.989813,120.203024
08BEAC0A0742,2023-09-03,16:36:42,28.0,100.0,0.0,23.003578,120.240161
08BEAC0A0218,2023-09-03,16:36:45,28.1,100.0,6.0,23.6869687,120.5865383
08BEAC0A06A6,2023-09-03,16:37:16,27.2,100.0,0.0,22.977305,120.186438
08BEAC0A07A2,2023-09-03,16:37:22,30.5,100.0,2.0,25.10392038,121.2447143
08BEAC0A0678,2023-09-03,16:37:24,29.3,100.0,1.0,23.139376,120.138374
08BEAC0A0050,2023-09-03,16:37:29,19.2,100.0,0.0,24.255411,121.259081
08BEAC0A019A,2023-09-03,16:37:37,29.7,100.0,4.0,23.3199,120.34515
08BEAC0A0226,2023-09-03,16:38:00,27.7,100.0,0.0,23.2174825,120.365091
08BEAC0A0344,2023-09-03,16:38:05,29.6,100.0,1.0,24.960122,121.178153
08BEAC0A0040,2023-09-03,16:38:33,28.5,100.0,0.0,22.99133,120.230478
08BEAC0A080E,2023-09-03,16:38:37,32.0,100.0,0.0,23.158097,120.170618
08BEAC0A0398,2023-09-03,16:39:18,30.5,100.0,3.0,24.1494507,120.6816876
08BEAC0A01AA,2023-09-03,16:39:19,30.5,88.0,2.0,24.9751,121.269826
08BEAC0A084E,2023-09-03,16:39:22,30.5,100.0,1.0,24.9785086,121.3061612
08BEAC0A0340,2023-09-03,16:39:37,27.5,100.0,0.0,22.9193352,120.2170451
08BEAC0A0830,2023-09-03,16:39:49,28.3,100.0,0.0,22.956295,120.248057
08BEAC0A04EC,2023-09-03,16:40:22,29.0,100.0,2.0,24.936085,121.223586
08BEAC0A085E,2023-09-03,16:40:26,29.7,100.0,0.0,23.1427276,120.2731514
08BEAC0A089E,2023-09-03,16:40:36,27.3,100.0,0.0,23.12107103,120.4585091
08BEAC0A0774,2023-09-03,16:40:43,27.8,100.0,0.0,22.992411,120.294135
08BEAC0A0826,2023-09-03,16:41:11,28.1,100.0,0.0,23.0865158,120.3191882
08BEAC0A06FA,2023-09-03,16:41:21,27.7,100.0,0.0,23.04435,120.470196
08BEAC0A05AC,2023-09-03,16:41:24,27.2,100.0,0.0,22.912748,120.261227
08BEAC0A0156,2023-09-03,16:41:30,29.2,100.0,0.0,24.0838267,120.752756
08BEAC0A0464,2023-09-03,16:41:57,27.5,100.0,0.0,22.989813,120.203024
08BEAC0A0742,2023-09-03,16:42:00,28.0,100.0,0.0,23.003578,120.240161
08BEAC0A0218,2023-09-03,16:42:02,28.2,100.0,7.0,23.6869687,120.5865383
08BEAC0A06A6,2023-09-03,16:42:34,27.0,100.0,0.0,22.977305,120.186438
08BEAC0A0678,2023-09-03,16:42:41,29.3,100.0,1.0,23.139376,120.138374
08BEAC0A07A2,2023-09-03,16:42:42,30.5,100.0,2.0,25.10392038,121.2447143
08BEAC0A0050,2023-09-03,16:42:46,19.3,100.0,0.0,24.255411,121.259081
08BEAC0A019A,2023-09-03,16:42:53,29.7,100.0,4.0,23.3199,120.34515
08BEAC0A0226,2023-09-03,16:43:16,27.8,100.0,0.0,23.2174825,120.365091
08BEAC0A0344,2023-09-03,16:43:20,29.5,100.0,1.0,24.960122,121.178153
08BEAC0A0040,2023-09-03,16:43:49,28.3,100.0,0.0,22.99133,120.230478
08BEAC0A080E,2023-09-03,16:43:53,31.8,100.0,0.0,23.158097,120.170618
08BEAC0A0480,2023-09-03,16:44:22,30.8,100.0,1.0,23.190069,120.192365
08BEAC0A0398,2023-09-03,16:44:33,30.5,100.0,3.0,24.1494507,120.6816876
08BEAC0A01AA,2023-09-03,16:44:36,30.3,88.0,2.0,24.9751,121.269826
08BEAC0A084E,2023-09-03,16:44:38,30.5,100.0,1.0,24.9785086,121.3061612
08BEAC0A0340,2023-09-03,16:44:55,27.5,100.0,0.0,22.9193352,120.2170451
08BEAC0A0830,2023-09-03,16:45:08,28.2,100.0,0.0,22.956295,120.248057
08BEAC0A04EC,2023-09-03,16:45:38,29.1,100.0,2.0,24.936085,121.223586
08BEAC0A085E,2023-09-03,16:45:43,29.6,100.0,0.0,23.1427276,120.2731514
08BEAC0A089E,2023-09-03,16:45:51,27.2,100.0,0.0,23.12107103,120.4585091
08BEAC0A0774,2023-09-03,16:46:01,28.0,100.0,0.0,22.992411,120.294135
08BEAC0A0826,2023-09-03,16:46:28,28.1,100.0,0.0,23.0865158,120.3191882
08BEAC0A06FA,2023-09-03,16:46:38,27.7,100.0,0.0,23.04435,120.470196
08BEAC0A05AC,2023-09-03,16:46:39,27.2,100.0,0.0,22.912748,120.261227
08BEAC0A0156,2023-09-03,16:46:48,29.1,100.0,0.0,24.0838267,120.752756
08BEAC0A0464,2023-09-03,16:47:15,27.5,100.0,0.0,22.989813,120.203024
08BEAC0A0742,2023-09-03,16:47:17,28.0,100.0,0.0,23.003578,120.240161
08BEAC0A0218,2023-09-03,16:47:19,28.2,100.0,6.0,23.6869687,120.5865383
08BEAC0A06A6,2023-09-03,16:47:52,27.2,100.0,0.0,22.977305,120.186438
08BEAC0A0678,2023-09-03,16:47:56,29.1,100.0,1.0,23.139376,120.138374
08BEAC0A07A2,2023-09-03,16:48:00,30.6,100.0,2.0,25.10392038,121.2447143
08BEAC0A0050,2023-09-03,16:48:04,19.8,100.0,0.0,24.255411,121.259081
08BEAC0A019A,2023-09-03,16:48:10,29.6,100.0,4.0,23.3199,120.34515
08BEAC0A0226,2023-09-03,16:48:31,28.0,100.0,0.0,23.2174825,120.365091
08BEAC0A0344,2023-09-03,16:48:38,29.5,100.0,1.0,24.960122,121.178153
08BEAC0A0040,2023-09-03,16:49:08,28.5,100.0,0.0,22.99133,120.230478
08BEAC0A080E,2023-09-03,16:49:09,31.8,100.0,0.0,23.158097,120.170618
08BEAC0A0480,2023-09-03,16:49:41,30.8,100.0,2.0,23.190069,120.192365
08BEAC0A0398,2023-09-03,16:49:48,30.5,100.0,4.0,24.1494507,120.6816876
08BEAC0A01AA,2023-09-03,16:49:53,30.3,88.0,2.0,24.9751,121.269826
08BEAC0A084E,2023-09-03,16:49:55,30.5,100.0,1.0,24.9785086,121.3061612
08BEAC0A0340,2023-09-03,16:50:13,27.6,100.0,0.0,22.9193352,120.2170451
08BEAC0A0830,2023-09-03,16:50:26,28.5,100.0,0.0,22.956295,120.248057
08BEAC0A04EC,2023-09-03,16:50:55,29.0,100.0,2.0,24.936085,121.223586
08BEAC0A085E,2023-09-03,16:51:00,29.6,100.0,0.0,23.1427276,120.2731514
08BEAC0A089E,2023-09-03,16:51:07,27.2,100.0,0.0,23.12107103,120.4585091
08BEAC0A0774,2023-09-03,16:51:17,27.8,100.0,0.0,22.992411,120.294135
08BEAC0A0826,2023-09-03,16:51:44,28.1,100.0,0.0,23.0865158,120.3191882
08BEAC0A05AC,2023-09-03,16:51:56,27.3,100.0,0.0,22.912748,120.261227
08BEAC0A06FA,2023-09-03,16:51:56,27.7,100.0,0.0,23.04435,120.470196
08BEAC0A0156,2023-09-03,16:52:05,29.1,100.0,0.0,24.0838267,120.752756
08BEAC0A0742,2023-09-03,16:52:34,28.0,100.0,0.0,23.003578,120.240161
08BEAC0A0218,2023-09-03,16:52:36,28.1,100.0,6.0,23.6869687,120.5865383
08BEAC0A0464,2023-09-03,16:52:39,27.3,100.0,0.0,22.989813,120.203024
08BEAC0A06A6,2023-09-03,16:53:10,27.1,100.0,0.0,22.977305,120.186438
08BEAC0A0678,2023-09-03,16:53:12,29.0,100.0,1.0,23.139376,120.138374
08BEAC0A07A2,2023-09-03,16:53:17,30.6,100.0,2.0,25.10392038,121.2447143
08BEAC0A0050,2023-09-03,16:53:20,19.8,100.0,0.0,24.255411,121.259081
08BEAC0A019A,2023-09-03,16:53:26,29.5,100.0,4.0,23.3199,120.34515
08BEAC0A0226,2023-09-03,16:53:50,28.0,100.0,0.0,23.2174825,120.365091
08BEAC0A0344,2023-09-03,16:53:55,29.6,100.0,2.0,24.960122,121.178153
08BEAC0A0040,2023-09-03,16:54:24,28.3,100.0,0.0,22.99133,120.230478
08BEAC0A080E,2023-09-03,16:54:28,31.8,100.0,0.0,23.158097,120.170618
08BEAC0A0480,2023-09-03,16:54:57,30.8,100.0,1.0,23.190069,120.192365
08BEAC0A0398,2023-09-03,16:55:04,30.3,100.0,4.0,24.1494507,120.6816876
08BEAC0A01AA,2023-09-03,16:55:10,30.5,88.0,2.0,24.9751,121.269826
08BEAC0A084E,2023-09-03,16:55:14,30.5,100.0,0.0,24.9785086,121.3061612
08BEAC0A0340,2023-09-03,16:55:29,27.6,100.0,0.0,22.9193352,120.2170451
08BEAC0A0830,2023-09-03,16:55:48,28.6,100.0,0.0,22.956295,120.248057
08BEAC0A04EC,2023-09-03,16:56:13,29.0,100.0,2.0,24.936085,121.223586
08BEAC0A085E,2023-09-03,16:56:16,29.5,100.0,0.0,23.1427276,120.2731514
08BEAC0A089E,2023-09-03,16:56:23,27.0,100.0,0.0,23.12107103,120.4585091
08BEAC0A0774,2023-09-03,16:56:33,28.0,100.0,0.0,22.992411,120.294135
08BEAC0A0826,2023-09-03,16:57:01,28.2,100.0,0.0,23.0865158,120.3191882
08BEAC0A06FA,2023-09-03,16:57:12,27.6,100.0,0.0,23.04435,120.470196
08BEAC0A05AC,2023-09-03,16:57:14,27.2,100.0,0.0,22.912748,120.261227
08BEAC0A0156,2023-09-03,16:57:22,29.1,100.0,0.0,24.0838267,120.752756
08BEAC0A0742,2023-09-03,16:57:49,28.0,100.0,0.0,23.003578,120.240161
08BEAC0A0218,2023-09-03,16:57:52,28.2,100.0,5.0,23.6869687,120.5865383
08BEAC0A0464,2023-09-03,16:57:56,27.3,100.0,0.0,22.989813,120.203024
08BEAC0A06A6,2023-09-03,16:58:27,27.5,100.0,0.0,22.977305,120.186438
08BEAC0A0678,2023-09-03,16:58:29,28.8,100.0,1.0,23.139376,120.138374
08BEAC0A07A2,2023-09-03,16:58:33,30.6,100.0,2.0,25.10392038,121.2447143
08BEAC0A0050,2023-09-03,16:58:39,19.7,100.0,0.0,24.255411,121.259081
08BEAC0A019A,2023-09-03,16:58:41,29.6,100.0,4.0,23.3199,120.34515
08BEAC0A0226,2023-09-03,16:59:06,28.1,100.0,0.0,23.2174825,120.365091
08BEAC0A0344,2023-09-03,16:59:12,29.5,100.0,2.0,24.960122,121.178153
08BEAC0A0040,2023-09-03,16:59:42,28.3,100.0,0.0,22.99133,120.230478
08BEAC0A080E,2023-09-03,16:59:45,31.8,100.0,0.0,23.158097,120.170618
08BEAC0A0480,2023-09-03,17:00:15,30.8,100.0,1.0,23.190069,120.192365
08BEAC0A0398,2023-09-03,17:00:20,30.3,100.0,4.0,24.1494507,120.6816876
08BEAC0A01AA,2023-09-03,17:00:26,30.5,88.0,2.0,24.9751,121.269826
08BEAC0A084E,2023-09-03,17:00:31,30.5,100.0,1.0,24.9785086,121.3061612
08BEAC0A0340,2023-09-03,17:00:44,27.6,100.0,0.0,22.9193352,120.2170451
08BEAC0A0830,2023-09-03,17:01:07,28.6,100.0,0.0,22.956295,120.248057
08BEAC0A04EC,2023-09-03,17:01:32,29.0,100.0,1.0,24.936085,121.223586
08BEAC0A085E,2023-09-03,17:01:32,29.3,100.0,0.0,23.1427276,120.2731514
08BEAC0A089E,2023-09-03,17:01:42,26.5,100.0,0.0,23.12107103,120.4585091
08BEAC0A0774,2023-09-03,17:01:51,28.0,100.0,0.0,22.992411,120.294135
08BEAC0A0826,2023-09-03,17:02:17,28.3,100.0,0.0,23.0865158,120.3191882
08BEAC0A06FA,2023-09-03,17:02:30,27.6,100.0,0.0,23.04435,120.470196
08BEAC0A05AC,2023-09-03,17:02:31,27.2,100.0,0.0,22.912748,120.261227
08BEAC0A0156,2023-09-03,17:02:41,29.1,100.0,0.0,24.0838267,120.752756
08BEAC0A0742,2023-09-03,17:03:04,28.0,100.0,0.0,23.003578,120.240161
08BEAC0A0218,2023-09-03,17:03:09,28.2,100.0,5.0,23.6869687,120.5865383
08BEAC0A0464,2023-09-03,17:03:16,27.6,100.0,0.0,22.989813,120.203024
08BEAC0A06A6,2023-09-03,17:03:43,27.6,100.0,0.0,22.977305,120.186438
08BEAC0A0678,2023-09-03,17:03:48,28.8,100.0,1.0,23.139376,120.138374
08BEAC0A07A2,2023-09-03,17:03:50,30.6,100.0,1.0,25.10392038,121.2447143
08BEAC0A0050,2023-09-03,17:03:56,19.6,100.0,0.0,24.255411,121.259081
08BEAC0A019A,2023-09-03,17:03:57,29.6,100.0,4.0,23.3199,120.34515
08BEAC0A0226,2023-09-03,17:04:23,28.0,100.0,0.0,23.2174825,120.365091
08BEAC0A0344,2023-09-03,17:04:28,29.5,100.0,2.0,24.960122,121.178153
08BEAC0A0040,2023-09-03,17:05:00,28.2,100.0,0.0,22.99133,120.230478
08BEAC0A080E,2023-09-03,17:05:02,31.8,100.0,0.0,23.158097,120.170618
08BEAC0A0480,2023-09-03,17:05:33,30.8,100.0,0.0,23.190069,120.192365
08BEAC0A0398,2023-09-03,17:05:37,30.3,100.0,4.0,24.1494507,120.6816876
08BEAC0A01AA,2023-09-03,17:05:43,30.5,88.0,2.0,24.9751,121.269826
08BEAC0A084E,2023-09-03,17:05:49,30.5,100.0,0.0,24.9785086,121.3061612
08BEAC0A0340,2023-09-03,17:06:01,27.7,100.0,0.0,22.9193352,120.2170451
08BEAC0A0830,2023-09-03,17:06:24,28.5,100.0,0.0,22.956295,120.248057
08BEAC0A04EC,2023-09-03,17:06:47,29.1,100.0,2.0,24.936085,121.223586
08BEAC0A085E,2023-09-03,17:06:49,29.2,100.0,0.0,23.1427276,120.2731514
08BEAC0A089E,2023-09-03,17:06:58,26.5,100.0,0.0,23.12107103,120.4585091
08BEAC0A0774,2023-09-03,17:07:09,28.0,100.0,0.0,22.992411,120.294135
08BEAC0A0826,2023-09-03,17:07:33,28.5,100.0,0.0,23.0865158,120.3191882
08BEAC0A05AC,2023-09-03,17:07:47,27.2,100.0,0.0,22.912748,120.261227
08BEAC0A06FA,2023-09-03,17:07:47,27.5,100.0,0.0,23.04435,120.470196
08BEAC0A0156,2023-09-03,17:07:57,29.1,100.0,0.0,24.0838267,120.752756
08BEAC0A0742,2023-09-03,17:08:20,28.1,100.0,0.0,23.003578,120.240161
08BEAC0A0218,2023-09-03,17:08:27,28.2,100.0,4.0,23.6869687,120.5865383
08BEAC0A0464,2023-09-03,17:08:33,27.6,100.0,0.0,22.989813,120.203024
08BEAC0A06A6,2023-09-03,17:09:02,27.6,100.0,0.0,22.977305,120.186438
08BEAC0A0678,2023-09-03,17:09:04,29.0,100.0,2.0,23.139376,120.138374
08BEAC0A07A2,2023-09-03,17:09:08,30.5,100.0,2.0,25.10392038,121.2447143
08BEAC0A0050,2023-09-03,17:09:11,19.7,100.0,0.0,24.255411,121.259081
08BEAC0A019A,2023-09-03,17:09:13,29.6,100.0,5.0,23.3199,120.34515
08BEAC0A0226,2023-09-03,17:09:39,27.7,100.0,0.0,23.2174825,120.365091
08BEAC0A0344,2023-09-03,17:09:43,29.5,100.0,2.0,24.960122,121.178153
08BEAC0A080E,2023-09-03,17:10:17,31.8,100.0,0.0,23.158097,120.170618
08BEAC0A0040,2023-09-03,17:10:20,28.2,100.0,0.0,22.99133,120.230478
08BEAC0A0480,2023-09-03,17:10:49,30.8,100.0,1.0,23.190069,120.192365
08BEAC0A0398,2023-09-03,17:10:58,30.3,100.0,4.0,24.1494507,120.6816876
08BEAC0A01AA,2023-09-03,17:10:59,30.3,88.0,2.0,24.9751,121.269826
08BEAC0A084E,2023-09-03,17:11:08,30.5,100.0,0.0,24.9785086,121.3061612
08BEAC0A0340,2023-09-03,17:11:19,27.7,100.0,0.0,22.9193352,120.2170451
08BEAC0A0830,2023-09-03,17:11:40,28.3,100.0,0.0,22.956295,120.248057
08BEAC0A04EC,2023-09-03,17:12:04,29.1,100.0,2.0,24.936085,121.223586
08BEAC0A085E,2023-09-03,17:12:05,29.1,100.0,0.0,23.1427276,120.2731514
08BEAC0A089E,2023-09-03,17:12:14,26.7,100.0,0.0,23.12107103,120.4585091
08BEAC0A0774,2023-09-03,17:12:27,28.1,100.0,0.0,22.992411,120.294135
08BEAC0A0826,2023-09-03,17:12:52,28.6,100.0,0.0,23.0865158,120.3191882
08BEAC0A05AC,2023-09-03,17:13:03,27.1,100.0,0.0,22.912748,120.261227
08BEAC0A06FA,2023-09-03,17:13:05,27.5,100.0,0.0,23.04435,120.470196
08BEAC0A0156,2023-09-03,17:13:15,29.1,100.0,0.0,24.0838267,120.752756
08BEAC0A0742,2023-09-03,17:13:38,28.2,100.0,0.0,23.003578,120.240161
08BEAC0A0218,2023-09-03,17:13:42,28.1,100.0,5.0,23.6869687,120.5865383
08BEAC0A0464,2023-09-03,17:13:49,27.6,100.0,0.0,22.989813,120.203024
08BEAC0A06A6,2023-09-03,17:14:16,27.6,100.0,0.0,22.977305,120.186438
08BEAC0A0678,2023-09-03,17:14:21,29.0,100.0,2.0,23.139376,120.138374
08BEAC0A07A2,2023-09-03,17:14:24,30.6,100.0,2.0,25.10392038,121.2447143
08BEAC0A0050,2023-09-03,17:14:27,19.7,100.0,0.0,24.255411,121.259081
08BEAC0A019A,2023-09-03,17:14:29,29.5,100.0,4.0,23.3199,120.34515
08BEAC0A0226,2023-09-03,17:14:59,27.5,100.0,0.0,23.2174825,120.365091
08BEAC0A0344,2023-09-03,17:15:00,29.5,100.0,1.0,24.960122,121.178153
08BEAC0A080E,2023-09-03,17:15:33,31.8,100.0,0.0,23.158097,120.170618
08BEAC0A0040,2023-09-03,17:15:39,28.3,100.0,0.0,22.99133,120.230478
08BEAC0A0480,2023-09-03,17:16:07,30.8,100.0,1.0,23.190069,120.192365
08BEAC0A0398,2023-09-03,17:16:14,30.5,100.0,4.0,24.1494507,120.6816876
08BEAC0A01AA,2023-09-03,17:16:17,30.2,89.0,2.0,24.9751,121.269826
08BEAC0A084E,2023-09-03,17:16:23,30.5,100.0,0.0,24.9785086,121.3061612
08BEAC0A0340,2023-09-03,17:16:36,27.7,100.0,0.0,22.9193352,120.2170451
08BEAC0A0830,2023-09-03,17:17:00,28.2,100.0,0.0,22.956295,120.248057
08BEAC0A085E,2023-09-03,17:17:20,29.0,100.0,0.0,23.1427276,120.2731514
08BEAC0A04EC,2023-09-03,17:17:23,29.1,100.0,2.0,24.936085,121.223586
08BEAC0A089E,2023-09-03,17:17:30,27.0,100.0,0.0,23.12107103,120.4585091
08BEAC0A0774,2023-09-03,17:17:45,28.0,100.0,0.0,22.992411,120.294135
08BEAC0A0826,2023-09-03,17:18:07,28.7,100.0,1.0,23.0865158,120.3191882
08BEAC0A05AC,2023-09-03,17:18:20,27.2,100.0,0.0,22.912748,120.261227
08BEAC0A06FA,2023-09-03,17:18:24,27.6,100.0,0.0,23.04435,120.470196
08BEAC0A0156,2023-09-03,17:18:31,29.0,100.0,0.0,24.0838267,120.752756
08BEAC0A0742,2023-09-03,17:18:57,28.2,100.0,0.0,23.003578,120.240161
08BEAC0A0218,2023-09-03,17:18:58,28.1,100.0,4.0,23.6869687,120.5865383
08BEAC0A0464,2023-09-03,17:19:08,27.6,100.0,0.0,22.989813,120.203024
08BEAC0A06A6,2023-09-03,17:19:33,27.5,100.0,0.0,22.977305,120.186438
08BEAC0A0678,2023-09-03,17:19:38,29.1,100.0,2.0,23.139376,120.138374
08BEAC0A0050,2023-09-03,17:19:43,19.6,100.0,0.0,24.255411,121.259081
08BEAC0A07A2,2023-09-03,17:19:43,30.5,100.0,2.0,25.10392038,121.2447143
08BEAC0A019A,2023-09-03,17:19:48,29.3,100.0,5.0,23.3199,120.34515
08BEAC0A0226,2023-09-03,17:20:16,27.2,100.0,0.0,23.2174825,120.365091
08BEAC0A0344,2023-09-03,17:20:16,29.5,100.0,2.0,24.960122,121.178153
08BEAC0A080E,2023-09-03,17:20:48,31.8,100.0,0.0,23.158097,120.170618
08BEAC0A0040,2023-09-03,17:20:57,28.2,100.0,0.0,22.99133,120.230478
08BEAC0A0480,2023-09-03,17:21:23,30.8,100.0,1.0,23.190069,120.192365
08BEAC0A0398,2023-09-03,17:21:31,30.3,100.0,3.0,24.1494507,120.6816876
08BEAC0A01AA,2023-09-03,17:21:33,30.3,88.0,2.0,24.9751,121.269826
08BEAC0A084E,2023-09-03,17:21:40,30.5,100.0,0.0,24.9785086,121.3061612
08BEAC0A0340,2023-09-03,17:21:53,27.8,100.0,0.0,22.9193352,120.2170451
08BEAC0A0830,2023-09-03,17:22:21,28.1,100.0,0.0,22.956295,120.248057
08BEAC0A085E,2023-09-03,17:22:36,29.0,100.0,0.0,23.1427276,120.2731514
08BEAC0A04EC,2023-09-03,17:22:42,29.0,100.0,2.0,24.936085,121.223586
08BEAC0A089E,2023-09-03,17:22:45,26.8,100.0,0.0,23.12107103,120.4585091
08BEAC0A0774,2023-09-03,17:23:02,28.0,100.0,0.0,22.992411,120.294135
08BEAC0A0826,2023-09-03,17:23:25,28.8,100.0,1.0,23.0865158,120.3191882
08BEAC0A05AC,2023-09-03,17:23:37,27.2,100.0,0.0,22.912748,120.261227
08BEAC0A06FA,2023-09-03,17:23:43,27.5,100.0,0.0,23.04435,120.470196
08BEAC0A0156,2023-09-03,17:23:46,29.0,100.0,0.0,24.0838267,120.752756
08BEAC0A0742,2023-09-03,17:24:12,28.2,100.0,0.0,23.003578,120.240161
08BEAC0A0218,2023-09-03,17:24:14,28.0,100.0,3.0,23.6869687,120.5865383
08BEAC0A0464,2023-09-03,17:24:27,27.5,100.0,0.0,22.989813,120.203024
08BEAC0A06A6,2023-09-03,17:24:51,27.3,100.0,0.0,22.977305,120.186438
08BEAC0A0678,2023-09-03,17:24:58,29.1,100.0,2.0,23.139376,120.138374
08BEAC0A07A2,2023-09-03,17:25:00,30.5,100.0,2.0,25.10392038,121.2447143
08BEAC0A0050,2023-09-03,17:25:02,19.6,100.0,0.0,24.255411,121.259081
08BEAC0A019A,2023-09-03,17:25:04,29.5,100.0,4.0,23.3199,120.34515
08BEAC0A0226,2023-09-03,17:25:35,27.2,100.0,0.0,23.2174825,120.365091
08BEAC0A0344,2023-09-03,17:25:35,29.5,100.0,2.0,24.960122,121.178153
08BEAC0A080E,2023-09-03,17:26:08,31.8,100.0,0.0,23.158097,120.170618
08BEAC0A0040,2023-09-03,17:26:15,28.2,100.0,0.0,22.99133,120.230478
08BEAC0A0480,2023-09-03,17:26:40,30.8,100.0,1.0,23.190069,120.192365
08BEAC0A01AA,2023-09-03,17:26:49,30.2,89.0,2.0,24.9751,121.269826
08BEAC0A0398,2023-09-03,17:26:52,30.3,100.0,4.0,24.1494507,120.6816876
08BEAC0A084E,2023-09-03,17:26:57,30.5,100.0,1.0,24.9785086,121.3061612
08BEAC0A0340,2023-09-03,17:27:09,27.8,100.0,0.0,22.9193352,120.2170451
08BEAC0A0830,2023-09-03,17:27:37,28.2,100.0,0.0,22.956295,120.248057
08BEAC0A085E,2023-09-03,17:27:55,29.0,100.0,1.0,23.1427276,120.2731514
08BEAC0A04EC,2023-09-03,17:27:58,29.0,100.0,2.0,24.936085,121.223586
08BEAC0A089E,2023-09-03,17:28:01,26.5,100.0,0.0,23.12107103,120.4585091
08BEAC0A0774,2023-09-03,17:28:20,28.0,100.0,0.0,22.992411,120.294135
08BEAC0A0826,2023-09-03,17:28:41,28.6,100.0,1.0,23.0865158,120.3191882
08BEAC0A05AC,2023-09-03,17:28:54,27.2,100.0,0.0,22.912748,120.261227
08BEAC0A06FA,2023-09-03,17:28:59,27.3,100.0,0.0,23.04435,120.470196
08BEAC0A0156,2023-09-03,17:29:03,29.0,100.0,0.0,24.0838267,120.752756
08BEAC0A0742,2023-09-03,17:29:27,28.1,100.0,0.0,23.003578,120.240161
08BEAC0A0218,2023-09-03,17:29:32,28.0,100.0,3.0,23.6869687,120.5865383
08BEAC0A0464,2023-09-03,17:29:45,27.3,100.0,0.0,22.989813,120.203024
08BEAC0A06A6,2023-09-03,17:30:07,27.2,100.0,0.0,22.977305,120.186438
08BEAC0A0678,2023-09-03,17:30:13,29.1,100.0,3.0,23.139376,120.138374
08BEAC0A0050,2023-09-03,17:30:18,20.0,100.0,0.0,24.255411,121.259081
08BEAC0A07A2,2023-09-03,17:30:18,30.6,100.0,2.0,25.10392038,121.2447143
08BEAC0A019A,2023-09-03,17:30:22,29.6,100.0,4.0,23.3199,120.34515
08BEAC0A0226,2023-09-03,17:30:52,27.2,100.0,0.0,23.2174825,120.365091
08BEAC0A0344,2023-09-03,17:30:52,29.5,100.0,1.0,24.960122,121.178153
08BEAC0A080E,2023-09-03,17:31:23,31.8,100.0,0.0,23.158097,120.170618
08BEAC0A0040,2023-09-03,17:31:30,28.1,100.0,0.0,22.99133,120.230478
08BEAC0A01AA,2023-09-03,17:32:03,30.2,89.0,2.0,24.9751,121.269826
08BEAC0A0398,2023-09-03,17:32:10,30.3,100.0,4.0,24.1494507,120.6816876
08BEAC0A084E,2023-09-03,17:32:16,30.5,100.0,0.0,24.9785086,121.3061612
08BEAC0A0340,2023-09-03,17:32:26,27.8,100.0,0.0,22.9193352,120.2170451
08BEAC0A0830,2023-09-03,17:33:09,28.3,100.0,0.0,22.956295,120.248057
08BEAC0A085E,2023-09-03,17:33:12,29.2,100.0,1.0,23.1427276,120.2731514
08BEAC0A04EC,2023-09-03,17:33:15,29.1,100.0,3.0,24.936085,121.223586
08BEAC0A089E,2023-09-03,17:33:20,26.6,100.0,0.0,23.12107103,120.4585091
08BEAC0A0774,2023-09-03,17:33:38,27.8,100.0,0.0,22.992411,120.294135
08BEAC0A0826,2023-09-03,17:33:57,28.7,100.0,1.0,23.0865158,120.3191882
08BEAC0A05AC,2023-09-03,17:34:10,27.2,100.0,0.0,22.912748,120.261227
08BEAC0A06FA,2023-09-03,17:34:16,27.5,100.0,0.0,23.04435,120.470196
08BEAC0A0156,2023-09-03,17:34:21,29.0,100.0,0.0,24.0838267,120.752756
08BEAC0A0742,2023-09-03,17:34:44,28.0,100.0,0.0,23.003578,120.240161
08BEAC0A0218,2023-09-03,17:34:50,28.0,100.0,3.0,23.6869687,120.5865383
08BEAC0A0464,2023-09-03,17:35:08,27.3,100.0,0.0,22.989813,120.203024
08BEAC0A06A6,2023-09-03,17:35:25,27.3,100.0,0.0,22.977305,120.186438
08BEAC0A0678,2023-09-03,17:35:30,29.1,100.0,2.0,23.139376,120.138374
08BEAC0A07A2,2023-09-03,17:35:33,30.5,100.0,2.0,25.10392038,121.2447143
08BEAC0A0050,2023-09-03,17:35:35,20.0,100.0,0.0,24.255411,121.259081
08BEAC0A019A,2023-09-03,17:35:40,29.6,100.0,4.0,23.3199,120.34515
08BEAC0A0344,2023-09-03,17:36:08,29.5,100.0,2.0,24.960122,121.178153
08BEAC0A0226,2023-09-03,17:36:10,27.2,100.0,0.0,23.2174825,120.365091
08BEAC0A080E,2023-09-03,17:36:39,31.8,100.0,0.0,23.158097,120.170618
08BEAC0A0040,2023-09-03,17:36:46,28.2,100.0,0.0,22.99133,120.230478
08BEAC0A0480,2023-09-03,17:37:04,30.8,100.0,0.0,23.190069,120.192365
08BEAC0A01AA,2023-09-03,17:37:20,30.2,89.0,1.0,24.9751,121.269826
08BEAC0A0398,2023-09-03,17:37:27,30.3,100.0,4.0,24.1494507,120.6816876
08BEAC0A084E,2023-09-03,17:37:34,30.5,100.0,1.0,24.9785086,121.3061612
08BEAC0A0340,2023-09-03,17:37:42,27.8,100.0,0.0,22.9193352,120.2170451
08BEAC0A085E,2023-09-03,17:38:27,29.3,100.0,2.0,23.1427276,120.2731514
08BEAC0A0830,2023-09-03,17:38:31,28.3,100.0,0.0,22.956295,120.248057
08BEAC0A04EC,2023-09-03,17:38:36,29.0,100.0,2.0,24.936085,121.223586
08BEAC0A089E,2023-09-03,17:38:36,26.5,100.0,0.0,23.12107103,120.4585091
08BEAC0A0774,2023-09-03,17:38:57,27.8,100.0,0.0,22.992411,120.294135
08BEAC0A0826,2023-09-03,17:39:13,28.7,100.0,1.0,23.0865158,120.3191882
08BEAC0A05AC,2023-09-03,17:39:26,27.3,100.0,0.0,22.912748,120.261227
08BEAC0A06FA,2023-09-03,17:39:35,27.2,100.0,0.0,23.04435,120.470196
08BEAC0A0156,2023-09-03,17:39:36,29.1,100.0,0.0,24.0838267,120.752756
08BEAC0A0742,2023-09-03,17:40:00,27.7,100.0,0.0,23.003578,120.240161
08BEAC0A0218,2023-09-03,17:40:05,28.0,100.0,3.0,23.6869687,120.5865383
08BEAC0A0464,2023-09-03,17:40:28,27.2,100.0,0.0,22.989813,120.203024
08BEAC0A06A6,2023-09-03,17:40:43,27.2,100.0,0.0,22.977305,120.186438
08BEAC0A0678,2023-09-03,17:40:45,29.0,100.0,3.0,23.139376,120.138374
08BEAC0A07A2,2023-09-03,17:40:50,30.5,100.0,2.0,25.10392038,121.2447143
08BEAC0A0050,2023-09-03,17:40:53,19.8,100.0,0.0,24.255411,121.259081
08BEAC0A019A,2023-09-03,17:40:56,29.6,100.0,4.0,23.3199,120.34515
08BEAC0A0344,2023-09-03,17:41:26,29.5,100.0,2.0,24.960122,121.178153
08BEAC0A0226,2023-09-03,17:41:27,27.3,100.0,0.0,23.2174825,120.365091
08BEAC0A080E,2023-09-03,17:41:54,31.8,100.0,0.0,23.158097,120.170618
08BEAC0A0040,2023-09-03,17:42:03,28.1,100.0,0.0,22.99133,120.230478
08BEAC0A0480,2023-09-03,17:42:22,30.7,100.0,1.0,23.190069,120.192365
08BEAC0A01AA,2023-09-03,17:42:39,30.3,88.0,2.0,24.9751,121.269826
08BEAC0A0398,2023-09-03,17:42:47,30.3,100.0,3.0,24.1494507,120.6816876
08BEAC0A084E,2023-09-03,17:42:52,30.5,100.0,1.0,24.9785086,121.3061612
08BEAC0A0340,2023-09-03,17:42:58,28.0,100.0,0.0,22.9193352,120.2170451
08BEAC0A085E,2023-09-03,17:43:44,29.5,100.0,2.0,23.1427276,120.2731514
08BEAC0A0830,2023-09-03,17:43:51,28.3,100.0,0.0,22.956295,120.248057
08BEAC0A089E,2023-09-03,17:43:54,26.6,100.0,0.0,23.12107103,120.4585091
08BEAC0A04EC,2023-09-03,17:43:55,29.1,100.0,3.0,24.936085,121.223586
08BEAC0A0774,2023-09-03,17:44:16,28.0,100.0,0.0,22.992411,120.294135
08BEAC0A0826,2023-09-03,17:44:30,28.8,100.0,1.0,23.0865158,120.3191882
08BEAC0A05AC,2023-09-03,17:44:42,27.3,100.0,0.0,22.912748,120.261227
08BEAC0A0156,2023-09-03,17:44:52,29.1,100.0,0.0,24.0838267,120.752756
08BEAC0A06FA,2023-09-03,17:44:53,27.3,100.0,0.0,23.04435,120.470196
08BEAC0A0742,2023-09-03,17:45:15,27.8,100.0,0.0,23.003578,120.240161
08BEAC0A0218,2023-09-03,17:45:21,28.0,100.0,3.0,23.6869687,120.5865383
08BEAC0A0464,2023-09-03,17:45:46,27.3,100.0,0.0,22.989813,120.203024
08BEAC0A06A6,2023-09-03,17:45:59,27.2,100.0,0.0,22.977305,120.186438
08BEAC0A0678,2023-09-03,17:46:03,29.2,100.0,3.0,23.139376,120.138374
08BEAC0A07A2,2023-09-03,17:46:06,30.6,100.0,2.0,25.10392038,121.2447143
08BEAC0A0050,2023-09-03,17:46:10,19.8,100.0,0.0,24.255411,121.259081
08BEAC0A019A,2023-09-03,17:46:14,29.6,100.0,3.0,23.3199,120.34515
08BEAC0A0344,2023-09-03,17:46:42,29.5,100.0,2.0,24.960122,121.178153
08BEAC0A0226,2023-09-03,17:46:44,27.5,100.0,0.0,23.2174825,120.365091
08BEAC0A080E,2023-09-03,17:47:14,31.8,100.0,0.0,23.158097,120.170618
08BEAC0A0040,2023-09-03,17:47:23,28.1,100.0,0.0,22.99133,120.230478
08BEAC0A0480,2023-09-03,17:47:39,30.8,100.0,1.0,23.190069,120.192365
08BEAC0A01AA,2023-09-03,17:47:57,30.5,88.0,2.0,24.9751,121.269826
08BEAC0A0398,2023-09-03,17:48:05,30.3,100.0,3.0,24.1494507,120.6816876
08BEAC0A084E,2023-09-03,17:48:09,30.5,100.0,0.0,24.9785086,121.3061612
08BEAC0A0340,2023-09-03,17:48:14,27.8,100.0,0.0,22.9193352,120.2170451
08BEAC0A085E,2023-09-03,17:49:00,29.5,100.0,2.0,23.1427276,120.2731514
08BEAC0A04EC,2023-09-03,17:49:12,29.1,100.0,3.0,24.936085,121.223586
08BEAC0A089E,2023-09-03,17:49:12,26.6,100.0,0.0,23.12107103,120.4585091
08BEAC0A0830,2023-09-03,17:49:14,28.2,100.0,0.0,22.956295,120.248057
08BEAC0A0774,2023-09-03,17:49:34,27.8,100.0,0.0,22.992411,120.294135
08BEAC0A0826,2023-09-03,17:49:47,28.8,100.0,2.0,23.0865158,120.3191882
08BEAC0A05AC,2023-09-03,17:49:59,27.3,100.0,0.0,22.912748,120.261227
08BEAC0A0156,2023-09-03,17:50:08,29.0,100.0,0.0,24.0838267,120.752756
08BEAC0A06FA,2023-09-03,17:50:11,27.3,100.0,0.0,23.04435,120.470196
08BEAC0A0742,2023-09-03,17:50:31,27.7,100.0,0.0,23.003578,120.240161
08BEAC0A0218,2023-09-03,17:50:39,28.1,100.0,3.0,23.6869687,120.5865383
08BEAC0A0464,2023-09-03,17:51:07,27.5,100.0,0.0,22.989813,120.203024
08BEAC0A06A6,2023-09-03,17:51:17,27.3,100.0,0.0,22.977305,120.186438
08BEAC0A0678,2023-09-03,17:51:21,29.5,100.0,3.0,23.139376,120.138374
08BEAC0A07A2,2023-09-03,17:51:22,30.6,100.0,2.0,25.10392038,121.2447143
08BEAC0A0050,2023-09-03,17:51:27,19.8,100.0,0.0,24.255411,121.259081
08BEAC0A019A,2023-09-03,17:51:32,29.7,100.0,4.0,23.3199,120.34515
08BEAC0A0344,2023-09-03,17:51:59,29.5,100.0,1.0,24.960122,121.178153
08BEAC0A0226,2023-09-03,17:52:00,27.6,100.0,0.0,23.2174825,120.365091
08BEAC0A080E,2023-09-03,17:52:30,31.7,100.0,0.0,23.158097,120.170618
08BEAC0A0040,2023-09-03,17:52:40,28.2,100.0,0.0,22.99133,120.230478
08BEAC0A0480,2023-09-03,17:53:00,30.8,100.0,1.0,23.190069,120.192365
08BEAC0A01AA,2023-09-03,17:53:13,30.2,88.0,2.0,24.9751,121.269826
08BEAC0A0398,2023-09-03,17:53:20,30.3,100.0,2.0,24.1494507,120.6816876
08BEAC0A084E,2023-09-03,17:53:25,30.5,100.0,0.0,24.9785086,121.3061612
08BEAC0A0340,2023-09-03,17:53:31,27.8,100.0,0.0,22.9193352,120.2170451
08BEAC0A085E,2023-09-03,17:54:16,29.5,100.0,1.0,23.1427276,120.2731514
08BEAC0A04EC,2023-09-03,17:54:27,29.0,100.0,3.0,24.936085,121.223586
08BEAC0A089E,2023-09-03,17:54:29,26.7,100.0,0.0,23.12107103,120.4585091
08BEAC0A0830,2023-09-03,17:54:34,28.5,100.0,0.0,22.956295,120.248057
08BEAC0A0774,2023-09-03,17:54:51,27.7,100.0,0.0,22.992411,120.294135
08BEAC0A0826,2023-09-03,17:55:05,29.0,100.0,1.0,23.0865158,120.3191882
08BEAC0A05AC,2023-09-03,17:55:15,27.5,100.0,0.0,22.912748,120.261227
08BEAC0A0156,2023-09-03,17:55:25,29.0,100.0,0.0,24.0838267,120.752756
08BEAC0A06FA,2023-09-03,17:55:28,27.3,100.0,0.0,23.04435,120.470196
08BEAC0A0742,2023-09-03,17:55:48,27.8,100.0,0.0,23.003578,120.240161
08BEAC0A0218,2023-09-03,17:55:56,28.1,100.0,3.0,23.6869687,120.5865383
08BEAC0A0464,2023-09-03,17:56:24,27.5,100.0,0.0,22.989813,120.203024
08BEAC0A06A6,2023-09-03,17:56:33,27.3,100.0,0.0,22.977305,120.186438
08BEAC0A0678,2023-09-03,17:56:37,29.5,100.0,3.0,23.139376,120.138374
08BEAC0A07A2,2023-09-03,17:56:38,30.6,100.0,2.0,25.10392038,121.2447143
08BEAC0A0050,2023-09-03,17:56:46,19.8,100.0,0.0,24.255411,121.259081
08BEAC0A019A,2023-09-03,17:56:49,29.7,100.0,3.0,23.3199,120.34515
08BEAC0A0344,2023-09-03,17:57:15,29.3,100.0,2.0,24.960122,121.178153
08BEAC0A0226,2023-09-03,17:57:18,27.7,100.0,0.0,23.2174825,120.365091
08BEAC0A080E,2023-09-03,17:57:47,31.8,100.0,0.0,23.158097,120.170618
08BEAC0A0040,2023-09-03,17:57:56,28.3,100.0,0.0,22.99133,120.230478
08BEAC0A0480,2023-09-03,17:58:17,30.8,100.0,2.0,23.190069,120.192365
08BEAC0A01AA,2023-09-03,17:58:28,30.3,88.0,2.0,24.9751,121.269826
08BEAC0A0398,2023-09-03,17:58:40,29.7,100.0,3.0,24.1494507,120.6816876
08BEAC0A084E,2023-09-03,17:58:42,30.5,100.0,1.0,24.9785086,121.3061612
08BEAC0A0340,2023-09-03,17:58:49,27.8,100.0,0.0,22.9193352,120.2170451
08BEAC0A085E,2023-09-03,17:59:32,29.6,100.0,1.0,23.1427276,120.2731514
08BEAC0A04EC,2023-09-03,17:59:44,28.8,100.0,3.0,24.936085,121.223586
08BEAC0A089E,2023-09-03,17:59:46,27.0,100.0,0.0,23.12107103,120.4585091
08BEAC0A0830,2023-09-03,17:59:51,28.5,100.0,0.0,22.956295,120.248057
08BEAC0A0774,2023-09-03,18:00:07,27.7,100.0,0.0,22.992411,120.294135
08BEAC0A0826,2023-09-03,18:00:21,28.8,100.0,1.0,23.0865158,120.3191882
08BEAC0A05AC,2023-09-03,18:00:33,27.5,100.0,0.0,22.912748,120.261227
08BEAC0A0156,2023-09-03,18:00:42,29.0,100.0,0.0,24.0838267,120.752756
08BEAC0A0742,2023-09-03,18:01:06,28.0,100.0,1.0,23.003578,120.240161
08BEAC0A0218,2023-09-03,18:01:13,28.2,100.0,3.0,23.6869687,120.5865383
08BEAC0A0464,2023-09-03,18:01:43,27.7,100.0,0.0,22.989813,120.203024
08BEAC0A06A6,2023-09-03,18:01:50,27.7,100.0,0.0,22.977305,120.186438
08BEAC0A0678,2023-09-03,18:01:54,29.2,100.0,3.0,23.139376,120.138374
08BEAC0A07A2,2023-09-03,18:01:54,30.6,100.0,2.0,25.10392038,121.2447143
08BEAC0A0050,2023-09-03,18:02:03,19.3,100.0,0.0,24.255411,121.259081
08BEAC0A019A,2023-09-03,18:02:04,29.7,100.0,2.0,23.3199,120.34515
08BEAC0A0344,2023-09-03,18:02:31,29.5,100.0,2.0,24.960122,121.178153
08BEAC0A0226,2023-09-03,18:02:37,27.8,100.0,0.0,23.2174825,120.365091
08BEAC0A080E,2023-09-03,18:03:04,31.8,100.0,0.0,23.158097,120.170618
08BEAC0A0040,2023-09-03,18:03:11,28.2,100.0,0.0,22.99133,120.230478
08BEAC0A0480,2023-09-03,18:03:33,30.8,100.0,2.0,23.190069,120.192365
08BEAC0A01AA,2023-09-03,18:03:46,30.5,88.0,2.0,24.9751,121.269826
08BEAC0A0398,2023-09-03,18:03:59,29.5,100.0,2.0,24.1494507,120.6816876
08BEAC0A084E,2023-09-03,18:03:59,30.5,100.0,0.0,24.9785086,121.3061612
08BEAC0A0340,2023-09-03,18:04:06,28.0,100.0,0.0,22.9193352,120.2170451
08BEAC0A085E,2023-09-03,18:04:51,29.6,100.0,3.0,23.1427276,120.2731514
08BEAC0A04EC,2023-09-03,18:05:46,28.8,100.0,4.0,24.936085,121.223586
08BEAC0A089E,2023-09-03,18:05:48,27.2,100.0,0.0,23.12107103,120.4585091
08BEAC0A0830,2023-09-03,18:06:01,28.7,100.0,0.0,22.956295,120.248057
08BEAC0A0774,2023-09-03,18:06:09,27.6,100.0,0.0,22.992411,120.294135
08BEAC0A0826,2023-09-03,18:06:24,28.5,100.0,1.0,23.0865158,120.3191882
08BEAC0A05AC,2023-09-03,18:06:34,27.5,100.0,0.0,22.912748,120.261227
08BEAC0A0156,2023-09-03,18:06:45,29.0,100.0,0.0,24.0838267,120.752756
08BEAC0A0742,2023-09-03,18:07:09,28.1,100.0,1.0,23.003578,120.240161
08BEAC0A0218,2023-09-03,18:07:17,28.0,100.0,3.0,23.6869687,120.5865383
08BEAC0A0464,2023-09-03,18:07:50,28.0,100.0,0.0,22.989813,120.203024
08BEAC0A06A6,2023-09-03,18:07:56,27.7,100.0,0.0,22.977305,120.186438
08BEAC0A0678,2023-09-03,18:07:57,29.0,100.0,3.0,23.139376,120.138374
08BEAC0A07A2,2023-09-03,18:08:00,30.3,100.0,2.0,25.10392038,121.2447143
08BEAC0A019A,2023-09-03,18:08:04,29.6,100.0,3.0,23.3199,120.34515
08BEAC0A0050,2023-09-03,18:08:06,19.3,100.0,0.0,24.255411,121.259081
08BEAC0A080E,2023-09-03,18:08:21,31.8,100.0,0.0,23.158097,120.170618
08BEAC0A0344,2023-09-03,18:08:32,29.5,100.0,3.0,24.960122,121.178153
08BEAC0A0226,2023-09-03,18:08:40,27.8,100.0,0.0,23.2174825,120.365091
08BEAC0A0040,2023-09-03,18:09:14,28.3,100.0,0.0,22.99133,120.230478
08BEAC0A0480,2023-09-03,18:09:35,30.8,100.0,2.0,23.190069,120.192365
08BEAC0A01AA,2023-09-03,18:09:47,30.3,88.0,2.0,24.9751,121.269826
08BEAC0A084E,2023-09-03,18:10:03,30.5,100.0,1.0,24.9785086,121.3061612
08BEAC0A0398,2023-09-03,18:10:04,29.5,100.0,2.0,24.1494507,120.6816876
08BEAC0A0340,2023-09-03,18:10:09,28.0,100.0,0.0,22.9193352,120.2170451
08BEAC0A085E,2023-09-03,18:10:51,29.5,100.0,5.0,23.1427276,120.2731514
08BEAC0A04EC,2023-09-03,18:11:05,28.8,100.0,3.0,24.936085,121.223586
08BEAC0A089E,2023-09-03,18:11:05,27.2,100.0,0.0,23.12107103,120.4585091
08BEAC0A0774,2023-09-03,18:11:26,27.6,100.0,0.0,22.992411,120.294135
08BEAC0A0830,2023-09-03,18:11:30,29.1,100.0,0.0,22.956295,120.248057
08BEAC0A0826,2023-09-03,18:11:42,28.2,100.0,1.0,23.0865158,120.3191882
08BEAC0A05AC,2023-09-03,18:11:52,27.5,100.0,0.0,22.912748,120.261227
08BEAC0A0156,2023-09-03,18:12:03,29.0,100.0,0.0,24.0838267,120.752756
08BEAC0A0742,2023-09-03,18:12:26,28.2,100.0,2.0,23.003578,120.240161
08BEAC0A0218,2023-09-03,18:12:34,27.8,100.0,3.0,23.6869687,120.5865383
08BEAC0A0464,2023-09-03,18:13:10,28.1,100.0,1.0,22.989813,120.203024
08BEAC0A06A6,2023-09-03,18:13:13,28.0,100.0,0.0,22.977305,120.186438
08BEAC0A0678,2023-09-03,18:13:14,28.8,100.0,2.0,23.139376,120.138374
08BEAC0A07A2,2023-09-03,18:13:18,30.6,100.0,3.0,25.10392038,121.2447143
08BEAC0A0050,2023-09-03,18:13:22,18.7,100.0,0.0,24.255411,121.259081
08BEAC0A019A,2023-09-03,18:13:22,29.5,100.0,3.0,23.3199,120.34515
08BEAC0A080E,2023-09-03,18:13:42,31.8,100.0,0.0,23.158097,120.170618
08BEAC0A0344,2023-09-03,18:13:47,29.6,100.0,7.0,24.960122,121.178153
08BEAC0A0226,2023-09-03,18:13:57,27.8,100.0,0.0,23.2174825,120.365091
08BEAC0A0040,2023-09-03,18:14:31,28.2,100.0,0.0,22.99133,120.230478
08BEAC0A0480,2023-09-03,18:14:51,30.8,100.0,2.0,23.190069,120.192365
08BEAC0A01AA,2023-09-03,18:15:04,30.3,89.0,2.0,24.9751,121.269826
08BEAC0A084E,2023-09-03,18:15:22,30.5,100.0,1.0,24.9785086,121.3061612
08BEAC0A0398,2023-09-03,18:15:24,29.0,100.0,2.0,24.1494507,120.6816876
08BEAC0A0340,2023-09-03,18:15:25,28.2,100.0,0.0,22.9193352,120.2170451
08BEAC0A085E,2023-09-03,18:16:07,29.2,100.0,4.0,23.1427276,120.2731514
08BEAC0A04EC,2023-09-03,18:16:21,28.8,100.0,3.0,24.936085,121.223586
08BEAC0A089E,2023-09-03,18:16:22,26.7,100.0,0.0,23.12107103,120.4585091
08BEAC0A0774,2023-09-03,18:16:44,27.7,100.0,0.0,22.992411,120.294135
08BEAC0A0830,2023-09-03,18:16:47,29.0,100.0,0.0,22.956295,120.248057
08BEAC0A0826,2023-09-03,18:16:57,27.8,100.0,0.0,23.0865158,120.3191882
08BEAC0A05AC,2023-09-03,18:17:11,27.5,100.0,0.0,22.912748,120.261227
08BEAC0A0156,2023-09-03,18:17:19,29.0,100.0,0.0,24.0838267,120.752756
08BEAC0A0742,2023-09-03,18:17:42,28.2,100.0,2.0,23.003578,120.240161
08BEAC0A0218,2023-09-03,18:17:52,27.8,100.0,3.0,23.6869687,120.5865383
08BEAC0A0464,2023-09-03,18:18:29,28.0,100.0,2.0,22.989813,120.203024
08BEAC0A06A6,2023-09-03,18:18:31,28.1,100.0,2.0,22.977305,120.186438
08BEAC0A0678,2023-09-03,18:18:32,28.7,100.0,3.0,23.139376,120.138374
08BEAC0A07A2,2023-09-03,18:18:35,30.5,100.0,3.0,25.10392038,121.2447143
08BEAC0A0050,2023-09-03,18:18:39,18.3,100.0,0.0,24.255411,121.259081
08BEAC0A019A,2023-09-03,18:18:41,29.3,100.0,3.0,23.3199,120.34515
08BEAC0A0344,2023-09-03,18:19:02,29.6,100.0,2.0,24.960122,121.178153
08BEAC0A080E,2023-09-03,18:19:06,31.7,100.0,0.0,23.158097,120.170618
08BEAC0A0226,2023-09-03,18:19:13,28.0,100.0,0.0,23.2174825,120.365091
08BEAC0A0040,2023-09-03,18:19:48,28.2,100.0,0.0,22.99133,120.230478
08BEAC0A0480,2023-09-03,18:20:07,30.7,100.0,2.0,23.190069,120.192365
08BEAC0A01AA,2023-09-03,18:20:21,30.5,90.0,2.0,24.9751,121.269826
08BEAC0A084E,2023-09-03,18:20:39,30.5,100.0,1.0,24.9785086,121.3061612
08BEAC0A0398,2023-09-03,18:20:41,28.5,100.0,2.0,24.1494507,120.6816876
08BEAC0A0340,2023-09-03,18:20:44,28.5,100.0,0.0,22.9193352,120.2170451
08BEAC0A085E,2023-09-03,18:21:23,29.0,100.0,5.0,23.1427276,120.2731514
08BEAC0A04EC,2023-09-03,18:21:37,28.8,100.0,3.0,24.936085,121.223586
08BEAC0A089E,2023-09-03,18:21:38,26.8,100.0,0.0,23.12107103,120.4585091
08BEAC0A0774,2023-09-03,18:21:59,27.6,100.0,1.0,22.992411,120.294135
08BEAC0A0830,2023-09-03,18:22:09,29.0,100.0,0.0,22.956295,120.248057
08BEAC0A0826,2023-09-03,18:22:14,27.6,100.0,0.0,23.0865158,120.3191882
08BEAC0A05AC,2023-09-03,18:22:27,27.5,100.0,0.0,22.912748,120.261227
08BEAC0A0156,2023-09-03,18:22:35,29.0,100.0,0.0,24.0838267,120.752756
08BEAC0A0742,2023-09-03,18:22:58,28.1,100.0,2.0,23.003578,120.240161
08BEAC0A0218,2023-09-03,18:23:09,28.0,100.0,3.0,23.6869687,120.5865383
08BEAC0A06A6,2023-09-03,18:23:47,28.2,100.0,3.0,22.977305,120.186438
08BEAC0A0464,2023-09-03,18:23:48,28.0,100.0,4.0,22.989813,120.203024
08BEAC0A0678,2023-09-03,18:23:51,28.7,100.0,2.0,23.139376,120.138374
08BEAC0A07A2,2023-09-03,18:23:54,30.6,100.0,4.0,25.10392038,121.2447143
08BEAC0A0050,2023-09-03,18:23:57,18.1,100.0,0.0,24.255411,121.259081
08BEAC0A019A,2023-09-03,18:23:59,29.3,100.0,3.0,23.3199,120.34515
08BEAC0A0344,2023-09-03,18:24:20,29.6,100.0,2.0,24.960122,121.178153
08BEAC0A080E,2023-09-03,18:24:30,31.7,100.0,0.0,23.158097,120.170618
08BEAC0A0226,2023-09-03,18:24:31,28.1,100.0,0.0,23.2174825,120.365091
08BEAC0A0040,2023-09-03,18:25:05,28.1,100.0,0.0,22.99133,120.230478
08BEAC0A0480,2023-09-03,18:25:24,30.7,100.0,1.0,23.190069,120.192365
08BEAC0A01AA,2023-09-03,18:25:36,30.2,90.0,3.0,24.9751,121.269826
08BEAC0A084E,2023-09-03,18:25:55,30.5,100.0,1.0,24.9785086,121.3061612
08BEAC0A0398,2023-09-03,18:25:56,28.3,100.0,1.0,24.1494507,120.6816876
08BEAC0A0340,2023-09-03,18:26:01,28.7,100.0,0.0,22.9193352,120.2170451
08BEAC0A085E,2023-09-03,18:26:39,28.6,100.0,6.0,23.1427276,120.2731514
08BEAC0A04EC,2023-09-03,18:26:55,28.7,100.0,3.0,24.936085,121.223586
08BEAC0A089E,2023-09-03,18:26:55,26.7,100.0,0.0,23.12107103,120.4585091
08BEAC0A0774,2023-09-03,18:27:16,27.6,100.0,0.0,22.992411,120.294135
08BEAC0A0830,2023-09-03,18:27:25,28.5,100.0,0.0,22.956295,120.248057
08BEAC0A0826,2023-09-03,18:27:33,27.0,100.0,6.0,23.0865158,120.3191882
08BEAC0A05AC,2023-09-03,18:27:43,27.2,100.0,0.0,22.912748,120.261227
08BEAC0A0156,2023-09-03,18:27:53,29.0,100.0,0.0,24.0838267,120.752756
08BEAC0A0742,2023-09-03,18:28:15,28.0,100.0,2.0,23.003578,120.240161
08BEAC0A0218,2023-09-03,18:28:24,27.8,100.0,3.0,23.6869687,120.5865383
08BEAC0A06A6,2023-09-03,18:29:04,28.1,100.0,4.0,22.977305,120.186438
08BEAC0A0464,2023-09-03,18:29:05,28.0,100.0,3.0,22.989813,120.203024
08BEAC0A0678,2023-09-03,18:29:10,28.6,100.0,2.0,23.139376,120.138374
08BEAC0A07A2,2023-09-03,18:29:12,30.7,100.0,4.0,25.10392038,121.2447143
08BEAC0A0050,2023-09-03,18:29:13,18.1,100.0,0.0,24.255411,121.259081
08BEAC0A019A,2023-09-03,18:29:16,29.5,100.0,3.0,23.3199,120.34515
08BEAC0A0344,2023-09-03,18:29:35,29.6,100.0,3.0,24.960122,121.178153
08BEAC0A0226,2023-09-03,18:29:49,28.1,100.0,0.0,23.2174825,120.365091
08BEAC0A080E,2023-09-03,18:29:50,31.8,100.0,0.0,23.158097,120.170618
08BEAC0A0040,2023-09-03,18:30:22,28.0,100.0,0.0,22.99133,120.230478
08BEAC0A0480,2023-09-03,18:30:40,30.7,100.0,1.0,23.190069,120.192365
08BEAC0A01AA,2023-09-03,18:30:53,30.2,91.0,3.0,24.9751,121.269826
08BEAC0A084E,2023-09-03,18:31:10,30.5,100.0,1.0,24.9785086,121.3061612
08BEAC0A0398,2023-09-03,18:31:14,28.6,100.0,1.0,24.1494507,120.6816876
08BEAC0A0340,2023-09-03,18:31:18,28.6,100.0,1.0,22.9193352,120.2170451
08BEAC0A085E,2023-09-03,18:31:57,28.1,100.0,2.0,23.1427276,120.2731514
08BEAC0A089E,2023-09-03,18:32:10,26.7,100.0,0.0,23.12107103,120.4585091
08BEAC0A04EC,2023-09-03,18:32:11,28.8,100.0,4.0,24.936085,121.223586
08BEAC0A0774,2023-09-03,18:32:33,27.5,100.0,0.0,22.992411,120.294135
08BEAC0A0830,2023-09-03,18:32:42,28.5,100.0,0.0,22.956295,120.248057
08BEAC0A0826,2023-09-03,18:32:50,27.1,100.0,4.0,23.0865158,120.3191882
08BEAC0A05AC,2023-09-03,18:32:59,27.1,100.0,0.0,22.912748,120.261227
08BEAC0A0156,2023-09-03,18:33:10,29.0,100.0,0.0,24.0838267,120.752756
08BEAC0A0742,2023-09-03,18:33:33,28.0,100.0,2.0,23.003578,120.240161
08BEAC0A0218,2023-09-03,18:33:42,28.0,100.0,3.0,23.6869687,120.5865383
08BEAC0A06A6,2023-09-03,18:34:19,27.7,100.0,4.0,22.977305,120.186438
08BEAC0A0464,2023-09-03,18:34:26,27.8,100.0,4.0,22.989813,120.203024
08BEAC0A0678,2023-09-03,18:34:27,28.6,100.0,3.0,23.139376,120.138374
08BEAC0A0050,2023-09-03,18:34:30,18.3,100.0,0.0,24.255411,121.259081
08BEAC0A07A2,2023-09-03,18:34:30,30.6,100.0,4.0,25.10392038,121.2447143
08BEAC0A019A,2023-09-03,18:34:33,29.5,100.0,2.0,23.3199,120.34515
08BEAC0A0344,2023-09-03,18:34:50,29.5,100.0,3.0,24.960122,121.178153
08BEAC0A0226,2023-09-03,18:35:07,28.1,100.0,0.0,23.2174825,120.365091
08BEAC0A080E,2023-09-03,18:35:07,31.8,100.0,0.0,23.158097,120.170618
08BEAC0A0040,2023-09-03,18:35:43,27.8,100.0,0.0,22.99133,120.230478
08BEAC0A0480,2023-09-03,18:35:57,30.7,100.0,1.0,23.190069,120.192365
08BEAC0A01AA,2023-09-03,18:36:09,30.2,91.0,4.0,24.9751,121.269826
08BEAC0A084E,2023-09-03,18:36:29,30.5,100.0,1.0,24.9785086,121.3061612
08BEAC0A0398,2023-09-03,18:36:30,29.0,100.0,1.0,24.1494507,120.6816876
08BEAC0A0340,2023-09-03,18:36:34,28.6,100.0,2.0,22.9193352,120.2170451
08BEAC0A085E,2023-09-03,18:37:13,28.0,100.0,2.0,23.1427276,120.2731514
08BEAC0A04EC,2023-09-03,18:37:28,28.7,100.0,4.0,24.936085,121.223586
08BEAC0A089E,2023-09-03,18:37:28,26.7,100.0,0.0,23.12107103,120.4585091
08BEAC0A0774,2023-09-03,18:37:51,27.3,100.0,0.0,22.992411,120.294135
08BEAC0A0830,2023-09-03,18:38:02,28.3,100.0,0.0,22.956295,120.248057
08BEAC0A0826,2023-09-03,18:38:08,27.0,100.0,1.0,23.0865158,120.3191882
08BEAC0A05AC,2023-09-03,18:38:15,26.8,100.0,0.0,22.912748,120.261227
08BEAC0A0156,2023-09-03,18:38:29,28.8,100.0,0.0,24.0838267,120.752756
08BEAC0A0742,2023-09-03,18:38:49,27.8,100.0,2.0,23.003578,120.240161
08BEAC0A0218,2023-09-03,18:39:00,28.0,100.0,3.0,23.6869687,120.5865383
08BEAC0A06A6,2023-09-03,18:39:35,27.6,100.0,4.0,22.977305,120.186438
08BEAC0A0678,2023-09-03,18:39:45,28.6,100.0,3.0,23.139376,120.138374
08BEAC0A0050,2023-09-03,18:39:46,18.7,100.0,0.0,24.255411,121.259081
08BEAC0A07A2,2023-09-03,18:39:46,30.6,100.0,4.0,25.10392038,121.2447143
08BEAC0A0464,2023-09-03,18:39:49,27.7,100.0,3.0,22.989813,120.203024
08BEAC0A019A,2023-09-03,18:39:50,29.3,100.0,3.0,23.3199,120.34515
08BEAC0A0344,2023-09-03,18:40:05,29.5,100.0,3.0,24.960122,121.178153
08BEAC0A0226,2023-09-03,18:40:23,28.0,100.0,0.0,23.2174825,120.365091
08BEAC0A080E,2023-09-03,18:40:24,31.8,100.0,0.0,23.158097,120.170618
08BEAC0A0040,2023-09-03,18:40:59,27.7,100.0,0.0,22.99133,120.230478
08BEAC0A0480,2023-09-03,18:41:14,30.7,100.0,1.0,23.190069,120.192365
08BEAC0A01AA,2023-09-03,18:41:27,30.0,92.0,4.0,24.9751,121.269826
08BEAC0A0398,2023-09-03,18:41:45,29.0,100.0,1.0,24.1494507,120.6816876
08BEAC0A084E,2023-09-03,18:41:47,30.5,100.0,1.0,24.9785086,121.3061612
08BEAC0A0340,2023-09-03,18:41:49,28.3,100.0,2.0,22.9193352,120.2170451
08BEAC0A085E,2023-09-03,18:42:28,27.7,100.0,0.0,23.1427276,120.2731514
08BEAC0A089E,2023-09-03,18:42:43,26.2,100.0,0.0,23.12107103,120.4585091
08BEAC0A04EC,2023-09-03,18:42:46,28.7,100.0,4.0,24.936085,121.223586
08BEAC0A0774,2023-09-03,18:43:07,27.2,100.0,0.0,22.992411,120.294135
08BEAC0A0830,2023-09-03,18:43:24,28.2,100.0,0.0,22.956295,120.248057
08BEAC0A0826,2023-09-03,18:43:26,26.6,100.0,0.0,23.0865158,120.3191882
08BEAC0A05AC,2023-09-03,18:43:32,26.7,100.0,0.0,22.912748,120.261227
08BEAC0A0156,2023-09-03,18:43:46,28.8,100.0,0.0,24.0838267,120.752756
08BEAC0A0742,2023-09-03,18:44:05,27.7,100.0,1.0,23.003578,120.240161
08BEAC0A0218,2023-09-03,18:44:18,27.8,100.0,3.0,23.6869687,120.5865383
08BEAC0A06A6,2023-09-03,18:44:52,27.6,100.0,3.0,22.977305,120.186438
08BEAC0A0050,2023-09-03,18:45:02,19.0,100.0,0.0,24.255411,121.259081
08BEAC0A0678,2023-09-03,18:45:03,28.5,100.0,5.0,23.139376,120.138374
08BEAC0A07A2,2023-09-03,18:45:04,30.7,100.0,4.0,25.10392038,121.2447143
08BEAC0A019A,2023-09-03,18:45:08,29.2,100.0,3.0,23.3199,120.34515
08BEAC0A0464,2023-09-03,18:45:12,27.6,100.0,3.0,22.989813,120.203024
08BEAC0A0344,2023-09-03,18:45:23,29.5,100.0,4.0,24.960122,121.178153
08BEAC0A0226,2023-09-03,18:45:39,27.8,100.0,0.0,23.2174825,120.365091
08BEAC0A080E,2023-09-03,18:45:43,31.8,100.0,0.0,23.158097,120.170618
08BEAC0A0040,2023-09-03,18:46:18,27.3,100.0,0.0,22.99133,120.230478
08BEAC0A0480,2023-09-03,18:46:31,30.7,100.0,1.0,23.190069,120.192365
08BEAC0A01AA,2023-09-03,18:46:43,30.2,91.0,4.0,24.9751,121.269826
08BEAC0A084E,2023-09-03,18:47:03,30.5,100.0,1.0,24.9785086,121.3061612
08BEAC0A0398,2023-09-03,18:47:04,29.1,100.0,1.0,24.1494507,120.6816876
08BEAC0A0340,2023-09-03,18:47:06,28.1,100.0,1.0,22.9193352,120.2170451
08BEAC0A085E,2023-09-03,18:47:46,27.6,100.0,1.0,23.1427276,120.2731514
08BEAC0A089E,2023-09-03,18:47:57,26.0,100.0,0.0,23.12107103,120.4585091
08BEAC0A04EC,2023-09-03,18:48:01,28.7,100.0,6.0,24.936085,121.223586
08BEAC0A0774,2023-09-03,18:48:23,27.2,100.0,0.0,22.992411,120.294135
08BEAC0A0830,2023-09-03,18:48:41,28.1,100.0,0.0,22.956295,120.248057
08BEAC0A0826,2023-09-03,18:48:42,26.6,100.0,0.0,23.0865158,120.3191882
08BEAC0A05AC,2023-09-03,18:48:48,26.6,100.0,0.0,22.912748,120.261227
08BEAC0A0156,2023-09-03,18:49:03,28.8,100.0,0.0,24.0838267,120.752756
08BEAC0A0742,2023-09-03,18:49:21,27.7,100.0,1.0,23.003578,120.240161
08BEAC0A0218,2023-09-03,18:49:35,27.7,100.0,2.0,23.6869687,120.5865383
08BEAC0A06A6,2023-09-03,18:50:07,27.5,100.0,3.0,22.977305,120.186438
08BEAC0A0050,2023-09-03,18:50:17,19.0,100.0,0.0,24.255411,121.259081
08BEAC0A0678,2023-09-03,18:50:21,28.3,100.0,6.0,23.139376,120.138374
08BEAC0A07A2,2023-09-03,18:50:22,30.6,100.0,4.0,25.10392038,121.2447143
08BEAC0A019A,2023-09-03,18:50:24,29.0,100.0,3.0,23.3199,120.34515
08BEAC0A0464,2023-09-03,18:50:31,27.5,100.0,3.0,22.989813,120.203024
08BEAC0A0344,2023-09-03,18:50:40,29.5,100.0,4.0,24.960122,121.178153
08BEAC0A0226,2023-09-03,18:50:56,27.6,100.0,0.0,23.2174825,120.365091
08BEAC0A080E,2023-09-03,18:51:02,31.8,100.0,0.0,23.158097,120.170618
08BEAC0A0040,2023-09-03,18:51:36,27.5,100.0,0.0,22.99133,120.230478
08BEAC0A0480,2023-09-03,18:51:47,30.7,100.0,2.0,23.190069,120.192365
08BEAC0A01AA,2023-09-03,18:52:00,30.2,92.0,4.0,24.9751,121.269826
08BEAC0A0398,2023-09-03,18:52:21,29.5,100.0,1.0,24.1494507,120.6816876
08BEAC0A0340,2023-09-03,18:52:23,27.8,100.0,1.0,22.9193352,120.2170451
08BEAC0A084E,2023-09-03,18:52:23,30.5,100.0,0.0,24.9785086,121.3061612
08BEAC0A085E,2023-09-03,18:53:02,27.5,100.0,0.0,23.1427276,120.2731514
08BEAC0A089E,2023-09-03,18:53:12,25.8,100.0,0.0,23.12107103,120.4585091
08BEAC0A04EC,2023-09-03,18:53:16,28.8,100.0,5.0,24.936085,121.223586
08BEAC0A0774,2023-09-03,18:53:40,27.3,100.0,0.0,22.992411,120.294135
08BEAC0A0830,2023-09-03,18:53:58,28.2,100.0,0.0,22.956295,120.248057
08BEAC0A0826,2023-09-03,18:53:59,26.8,100.0,0.0,23.0865158,120.3191882
08BEAC0A05AC,2023-09-03,18:54:06,26.5,100.0,0.0,22.912748,120.261227
08BEAC0A0156,2023-09-03,18:54:18,28.8,100.0,0.0,24.0838267,120.752756
08BEAC0A0742,2023-09-03,18:54:39,27.6,100.0,0.0,23.003578,120.240161
08BEAC0A0218,2023-09-03,18:54:50,27.8,100.0,2.0,23.6869687,120.5865383
08BEAC0A06A6,2023-09-03,18:55:23,27.5,100.0,3.0,22.977305,120.186438
08BEAC0A0050,2023-09-03,18:55:33,19.2,100.0,0.0,24.255411,121.259081
08BEAC0A07A2,2023-09-03,18:55:38,30.6,100.0,5.0,25.10392038,121.2447143
08BEAC0A0678,2023-09-03,18:55:39,28.1,100.0,6.0,23.139376,120.138374
08BEAC0A019A,2023-09-03,18:55:42,29.0,100.0,3.0,23.3199,120.34515
08BEAC0A0464,2023-09-03,18:55:50,27.5,100.0,2.0,22.989813,120.203024
08BEAC0A0344,2023-09-03,18:55:58,29.5,100.0,5.0,24.960122,121.178153
08BEAC0A0226,2023-09-03,18:56:11,27.3,100.0,0.0,23.2174825,120.365091
08BEAC0A080E,2023-09-03,18:56:25,31.8,100.0,0.0,23.158097,120.170618
08BEAC0A0040,2023-09-03,18:56:52,27.3,100.0,0.0,22.99133,120.230478
08BEAC0A0480,2023-09-03,18:57:01,30.7,100.0,2.0,23.190069,120.192365
08BEAC0A01AA,2023-09-03,18:57:15,30.2,92.0,5.0,24.9751,121.269826
08BEAC0A0398,2023-09-03,18:57:39,29.3,100.0,2.0,24.1494507,120.6816876
08BEAC0A0340,2023-09-03,18:57:41,27.8,100.0,0.0,22.9193352,120.2170451
08BEAC0A084E,2023-09-03,18:57:41,30.5,100.0,1.0,24.9785086,121.3061612
08BEAC0A085E,2023-09-03,18:58:19,27.6,100.0,0.0,23.1427276,120.2731514
08BEAC0A089E,2023-09-03,18:58:29,26.1,100.0,0.0,23.12107103,120.4585091
08BEAC0A04EC,2023-09-03,18:58:33,28.7,100.0,5.0,24.936085,121.223586
08BEAC0A0774,2023-09-03,18:58:59,27.2,100.0,0.0,22.992411,120.294135
08BEAC0A0826,2023-09-03,18:59:14,26.8,100.0,0.0,23.0865158,120.3191882
08BEAC0A0830,2023-09-03,18:59:20,28.1,100.0,0.0,22.956295,120.248057
08BEAC0A05AC,2023-09-03,18:59:22,26.5,100.0,0.0,22.912748,120.261227
08BEAC0A0156,2023-09-03,18:59:33,28.7,100.0,0.0,24.0838267,120.752756
08BEAC0A0742,2023-09-03,18:59:57,27.5,100.0,0.0,23.003578,120.240161
08BEAC0A0218,2023-09-03,19:00:07,27.8,100.0,2.0,23.6869687,120.5865383
08BEAC0A06A6,2023-09-03,19:00:41,27.2,100.0,2.0,22.977305,120.186438
08BEAC0A0050,2023-09-03,19:00:48,19.1,100.0,0.0,24.255411,121.259081
08BEAC0A07A2,2023-09-03,19:00:55,30.6,100.0,5.0,25.10392038,121.2447143
08BEAC0A0678,2023-09-03,19:00:56,28.1,100.0,4.0,23.139376,120.138374
08BEAC0A019A,2023-09-03,19:01:00,29.1,100.0,4.0,23.3199,120.34515
08BEAC0A0464,2023-09-03,19:01:11,27.3,100.0,1.0,22.989813,120.203024
08BEAC0A0344,2023-09-03,19:01:16,29.5,100.0,7.0,24.960122,121.178153
08BEAC0A0226,2023-09-03,19:01:29,26.7,100.0,0.0,23.2174825,120.365091
08BEAC0A080E,2023-09-03,19:01:43,31.8,100.0,0.0,23.158097,120.170618
08BEAC0A0040,2023-09-03,19:02:09,27.3,100.0,0.0,22.99133,120.230478
08BEAC0A0480,2023-09-03,19:02:17,30.7,100.0,2.0,23.190069,120.192365
08BEAC0A01AA,2023-09-03,19:02:32,30.2,92.0,5.0,24.9751,121.269826
08BEAC0A0398,2023-09-03,19:02:57,29.5,100.0,2.0,24.1494507,120.6816876
08BEAC0A084E,2023-09-03,19:03:00,30.5,100.0,1.0,24.9785086,121.3061612
08BEAC0A0340,2023-09-03,19:03:01,27.5,100.0,0.0,22.9193352,120.2170451
08BEAC0A085E,2023-09-03,19:03:36,27.5,100.0,0.0,23.1427276,120.2731514
08BEAC0A089E,2023-09-03,19:03:46,26.1,100.0,0.0,23.12107103,120.4585091
08BEAC0A04EC,2023-09-03,19:03:49,28.7,100.0,6.0,24.936085,121.223586
08BEAC0A0774,2023-09-03,19:04:15,27.2,100.0,0.0,22.992411,120.294135
08BEAC0A0826,2023-09-03,19:04:30,26.8,100.0,0.0,23.0865158,120.3191882
08BEAC0A05AC,2023-09-03,19:04:38,26.6,100.0,0.0,22.912748,120.261227
08BEAC0A0830,2023-09-03,19:04:41,27.8,100.0,0.0,22.956295,120.248057
08BEAC0A0156,2023-09-03,19:04:50,28.8,100.0,0.0,24.0838267,120.752756
08BEAC0A0742,2023-09-03,19:05:14,27.5,100.0,0.0,23.003578,120.240161
08BEAC0A0218,2023-09-03,19:05:23,27.7,100.0,2.0,23.6869687,120.5865383
08BEAC0A06A6,2023-09-03,19:05:57,27.2,100.0,1.0,22.977305,120.186438
08BEAC0A0050,2023-09-03,19:06:04,19.2,100.0,0.0,24.255411,121.259081
08BEAC0A07A2,2023-09-03,19:06:12,30.7,100.0,5.0,25.10392038,121.2447143
08BEAC0A0678,2023-09-03,19:06:13,28.0,100.0,2.0,23.139376,120.138374
08BEAC0A019A,2023-09-03,19:06:16,29.1,100.0,3.0,23.3199,120.34515
08BEAC0A0464,2023-09-03,19:06:32,27.2,100.0,1.0,22.989813,120.203024
08BEAC0A0344,2023-09-03,19:06:34,29.5,100.0,4.0,24.960122,121.178153
08BEAC0A0226,2023-09-03,19:06:47,26.7,100.0,0.0,23.2174825,120.365091
08BEAC0A080E,2023-09-03,19:06:59,31.8,100.0,0.0,23.158097,120.170618
08BEAC0A0040,2023-09-03,19:07:26,27.2,100.0,0.0,22.99133,120.230478
08BEAC0A0480,2023-09-03,19:07:33,30.7,100.0,2.0,23.190069,120.192365
08BEAC0A01AA,2023-09-03,19:07:49,30.2,93.0,5.0,24.9751,121.269826
08BEAC0A0398,2023-09-03,19:08:13,29.8,100.0,2.0,24.1494507,120.6816876
08BEAC0A0340,2023-09-03,19:08:16,27.2,100.0,0.0,22.9193352,120.2170451
08BEAC0A084E,2023-09-03,19:08:19,30.5,100.0,1.0,24.9785086,121.3061612
08BEAC0A085E,2023-09-03,19:08:52,27.6,100.0,0.0,23.1427276,120.2731514
08BEAC0A089E,2023-09-03,19:09:01,26.1,100.0,0.0,23.12107103,120.4585091
08BEAC0A04EC,2023-09-03,19:09:06,28.7,100.0,6.0,24.936085,121.223586
08BEAC0A0774,2023-09-03,19:09:36,27.3,100.0,0.0,22.992411,120.294135
08BEAC0A0826,2023-09-03,19:09:46,27.1,100.0,0.0,23.0865158,120.3191882
08BEAC0A05AC,2023-09-03,19:09:55,26.6,100.0,0.0,22.912748,120.261227
08BEAC0A0830,2023-09-03,19:10:00,27.8,100.0,0.0,22.956295,120.248057
08BEAC0A0156,2023-09-03,19:10:08,28.8,100.0,0.0,24.0838267,120.752756
08BEAC0A0742,2023-09-03,19:10:31,27.5,100.0,0.0,23.003578,120.240161
08BEAC0A0218,2023-09-03,19:10:39,27.6,100.0,1.0,23.6869687,120.5865383
08BEAC0A06A6,2023-09-03,19:11:13,27.1,100.0,0.0,22.977305,120.186438
08BEAC0A0050,2023-09-03,19:11:21,19.6,100.0,0.0,24.255411,121.259081
08BEAC0A07A2,2023-09-03,19:11:27,30.6,100.0,5.0,25.10392038,121.2447143
08BEAC0A0678,2023-09-03,19:11:29,28.1,100.0,1.0,23.139376,120.138374
08BEAC0A019A,2023-09-03,19:11:34,29.1,100.0,3.0,23.3199,120.34515
08BEAC0A0344,2023-09-03,19:11:51,29.6,100.0,4.0,24.960122,121.178153
08BEAC0A0464,2023-09-03,19:11:54,27.2,100.0,0.0,22.989813,120.203024
08BEAC0A0226,2023-09-03,19:12:05,26.7,100.0,0.0,23.2174825,120.365091
08BEAC0A080E,2023-09-03,19:12:15,31.7,100.0,0.0,23.158097,120.170618
08BEAC0A0040,2023-09-03,19:12:41,27.1,100.0,0.0,22.99133,120.230478
08BEAC0A0480,2023-09-03,19:12:52,30.6,100.0,1.0,23.190069,120.192365
08BEAC0A01AA,2023-09-03,19:13:06,30.2,92.0,6.0,24.9751,121.269826
08BEAC0A0398,2023-09-03,19:13:31,30.0,100.0,1.0,24.1494507,120.6816876
08BEAC0A0340,2023-09-03,19:13:33,27.2,100.0,0.0,22.9193352,120.2170451
08BEAC0A084E,2023-09-03,19:13:37,30.5,100.0,1.0,24.9785086,121.3061612
08BEAC0A085E,2023-09-03,19:14:09,27.6,100.0,1.0,23.1427276,120.2731514
08BEAC0A089E,2023-09-03,19:14:17,26.1,100.0,0.0,23.12107103,120.4585091
08BEAC0A04EC,2023-09-03,19:14:21,28.7,100.0,6.0,24.936085,121.223586
08BEAC0A0774,2023-09-03,19:14:55,27.2,100.0,0.0,22.992411,120.294135
08BEAC0A0826,2023-09-03,19:15:03,27.0,100.0,1.0,23.0865158,120.3191882
08BEAC0A05AC,2023-09-03,19:15:13,26.6,100.0,0.0,22.912748,120.261227
08BEAC0A0830,2023-09-03,19:15:20,27.8,100.0,0.0,22.956295,120.248057
08BEAC0A0156,2023-09-03,19:15:25,28.7,100.0,0.0,24.0838267,120.752756
08BEAC0A0742,2023-09-03,19:15:47,27.5,100.0,0.0,23.003578,120.240161
08BEAC0A0218,2023-09-03,19:15:55,27.5,100.0,1.0,23.6869687,120.5865383
08BEAC0A06A6,2023-09-03,19:16:30,27.0,100.0,0.0,22.977305,120.186438
08BEAC0A0050,2023-09-03,19:16:37,19.8,100.0,0.0,24.255411,121.259081
08BEAC0A07A2,2023-09-03,19:16:43,30.7,100.0,5.0,25.10392038,121.2447143
08BEAC0A0678,2023-09-03,19:16:45,28.1,100.0,1.0,23.139376,120.138374
08BEAC0A019A,2023-09-03,19:16:50,29.2,100.0,3.0,23.3199,120.34515
08BEAC0A0344,2023-09-03,19:17:08,29.6,100.0,5.0,24.960122,121.178153
08BEAC0A0464,2023-09-03,19:17:13,27.2,100.0,0.0,22.989813,120.203024
08BEAC0A0226,2023-09-03,19:17:22,26.8,100.0,0.0,23.2174825,120.365091
08BEAC0A080E,2023-09-03,19:17:31,31.7,100.0,0.0,23.158097,120.170618
08BEAC0A0040,2023-09-03,19:18:00,27.2,100.0,0.0,22.99133,120.230478
08BEAC0A0480,2023-09-03,19:18:08,30.6,100.0,1.0,23.190069,120.192365
08BEAC0A01AA,2023-09-03,19:18:23,30.2,93.0,6.0,24.9751,121.269826
08BEAC0A0398,2023-09-03,19:18:47,30.0,100.0,2.0,24.1494507,120.6816876
08BEAC0A0340,2023-09-03,19:18:49,27.1,100.0,0.0,22.9193352,120.2170451
08BEAC0A084E,2023-09-03,19:18:54,30.5,100.0,2.0,24.9785086,121.3061612
08BEAC0A085E,2023-09-03,19:19:25,27.7,100.0,2.0,23.1427276,120.2731514
08BEAC0A089E,2023-09-03,19:19:33,25.7,100.0,0.0,23.12107103,120.4585091
08BEAC0A04EC,2023-09-03,19:19:40,28.7,100.0,6.0,24.936085,121.223586
08BEAC0A0774,2023-09-03,19:20:13,27.2,100.0,0.0,22.992411,120.294135
08BEAC0A0826,2023-09-03,19:20:19,27.2,100.0,2.0,23.0865158,120.3191882
08BEAC0A05AC,2023-09-03,19:20:32,26.7,100.0,0.0,22.912748,120.261227
08BEAC0A0830,2023-09-03,19:20:40,27.7,100.0,0.0,22.956295,120.248057
08BEAC0A0156,2023-09-03,19:20:43,28.8,100.0,0.0,24.0838267,120.752756
08BEAC0A0742,2023-09-03,19:21:04,27.5,100.0,0.0,23.003578,120.240161
08BEAC0A0218,2023-09-03,19:21:11,27.5,100.0,1.0,23.6869687,120.5865383
08BEAC0A06A6,2023-09-03,19:21:47,27.1,100.0,0.0,22.977305,120.186438
08BEAC0A0050,2023-09-03,19:21:55,20.1,100.0,0.0,24.255411,121.259081
08BEAC0A07A2,2023-09-03,19:21:59,30.8,100.0,6.0,25.10392038,121.2447143
08BEAC0A0678,2023-09-03,19:22:03,28.1,100.0,1.0,23.139376,120.138374
08BEAC0A019A,2023-09-03,19:22:10,29.2,100.0,3.0,23.3199,120.34515
08BEAC0A0344,2023-09-03,19:22:24,29.5,100.0,5.0,24.960122,121.178153
08BEAC0A0464,2023-09-03,19:22:36,27.1,100.0,0.0,22.989813,120.203024
08BEAC0A0226,2023-09-03,19:22:40,26.5,100.0,0.0,23.2174825,120.365091
08BEAC0A080E,2023-09-03,19:22:47,31.7,100.0,0.0,23.158097,120.170618
08BEAC0A0040,2023-09-03,19:23:17,27.2,100.0,0.0,22.99133,120.230478
08BEAC0A0480,2023-09-03,19:23:25,30.6,100.0,2.0,23.190069,120.192365
08BEAC0A01AA,2023-09-03,19:23:41,30.3,92.0,8.0,24.9751,121.269826
08BEAC0A0398,2023-09-03,19:24:02,30.1,100.0,3.0,24.1494507,120.6816876
08BEAC0A0340,2023-09-03,19:24:06,27.2,100.0,0.0,22.9193352,120.2170451
08BEAC0A084E,2023-09-03,19:24:10,30.5,100.0,1.0,24.9785086,121.3061612
08BEAC0A085E,2023-09-03,19:24:42,27.6,100.0,1.0,23.1427276,120.2731514
08BEAC0A089E,2023-09-03,19:24:50,26.0,100.0,0.0,23.12107103,120.4585091
08BEAC0A04EC,2023-09-03,19:24:57,28.7,100.0,6.0,24.936085,121.223586
08BEAC0A0774,2023-09-03,19:25:30,27.2,100.0,0.0,22.992411,120.294135
08BEAC0A0826,2023-09-03,19:25:37,27.3,100.0,3.0,23.0865158,120.3191882
08BEAC0A05AC,2023-09-03,19:25:50,26.8,100.0,0.0,22.912748,120.261227
08BEAC0A0830,2023-09-03,19:25:59,27.8,100.0,0.0,22.956295,120.248057
08BEAC0A0156,2023-09-03,19:26:01,28.8,100.0,0.0,24.0838267,120.752756
08BEAC0A0742,2023-09-03,19:26:21,27.5,100.0,0.0,23.003578,120.240161
08BEAC0A0218,2023-09-03,19:26:29,27.5,100.0,1.0,23.6869687,120.5865383
08BEAC0A06A6,2023-09-03,19:27:05,27.1,100.0,0.0,22.977305,120.186438
08BEAC0A0050,2023-09-03,19:27:12,20.2,100.0,0.0,24.255411,121.259081
08BEAC0A07A2,2023-09-03,19:27:16,30.8,100.0,7.0,25.10392038,121.2447143
08BEAC0A0678,2023-09-03,19:27:21,28.1,100.0,0.0,23.139376,120.138374
08BEAC0A019A,2023-09-03,19:27:28,29.3,100.0,3.0,23.3199,120.34515
08BEAC0A0344,2023-09-03,19:27:42,29.5,100.0,5.0,24.960122,121.178153
08BEAC0A0226,2023-09-03,19:27:59,26.6,100.0,0.0,23.2174825,120.365091
08BEAC0A0464,2023-09-03,19:27:59,27.2,100.0,0.0,22.989813,120.203024
08BEAC0A080E,2023-09-03,19:28:08,31.7,100.0,0.0,23.158097,120.170618
08BEAC0A0040,2023-09-03,19:28:35,27.3,100.0,0.0,22.99133,120.230478
08BEAC0A0480,2023-09-03,19:28:41,30.6,100.0,2.0,23.190069,120.192365
08BEAC0A01AA,2023-09-03,19:28:58,30.5,92.0,6.0,24.9751,121.269826
08BEAC0A0398,2023-09-03,19:29:20,30.2,100.0,3.0,24.1494507,120.6816876
08BEAC0A0340,2023-09-03,19:29:23,27.1,100.0,0.0,22.9193352,120.2170451
08BEAC0A084E,2023-09-03,19:29:28,30.5,100.0,2.0,24.9785086,121.3061612
08BEAC0A085E,2023-09-03,19:29:58,27.8,100.0,0.0,23.1427276,120.2731514
08BEAC0A089E,2023-09-03,19:30:07,26.3,100.0,0.0,23.12107103,120.4585091
08BEAC0A04EC,2023-09-03,19:30:14,28.7,100.0,6.0,24.936085,121.223586
08BEAC0A0774,2023-09-03,19:30:46,27.1,100.0,0.0,22.992411,120.294135
08BEAC0A0826,2023-09-03,19:30:52,27.2,100.0,0.0,23.0865158,120.3191882
08BEAC0A05AC,2023-09-03,19:31:07,26.8,100.0,0.0,22.912748,120.261227
08BEAC0A0156,2023-09-03,19:31:18,28.8,100.0,0.0,24.0838267,120.752756
08BEAC0A0830,2023-09-03,19:31:18,27.7,100.0,0.0,22.956295,120.248057
08BEAC0A0742,2023-09-03,19:31:37,27.5,100.0,0.0,23.003578,120.240161
08BEAC0A0218,2023-09-03,19:31:45,27.5,100.0,1.0,23.6869687,120.5865383
08BEAC0A06A6,2023-09-03,19:32:23,27.1,100.0,0.0,22.977305,120.186438
08BEAC0A0050,2023-09-03,19:32:30,19.6,100.0,0.0,24.255411,121.259081
08BEAC0A07A2,2023-09-03,19:32:32,30.7,100.0,6.0,25.10392038,121.2447143
08BEAC0A0678,2023-09-03,19:32:38,28.1,100.0,0.0,23.139376,120.138374
08BEAC0A019A,2023-09-03,19:32:45,29.3,100.0,3.0,23.3199,120.34515
08BEAC0A0344,2023-09-03,19:33:01,29.6,100.0,6.0,24.960122,121.178153
08BEAC0A0226,2023-09-03,19:33:18,26.6,100.0,0.0,23.2174825,120.365091
08BEAC0A0464,2023-09-03,19:33:20,27.2,100.0,0.0,22.989813,120.203024
08BEAC0A080E,2023-09-03,19:33:26,31.7,100.0,0.0,23.158097,120.170618
08BEAC0A0040,2023-09-03,19:33:53,27.5,100.0,0.0,22.99133,120.230478
08BEAC0A0480,2023-09-03,19:33:57,30.6,100.0,1.0,23.190069,120.192365
08BEAC0A01AA,2023-09-03,19:34:14,30.3,92.0,7.0,24.9751,121.269826
08BEAC0A0340,2023-09-03,19:34:39,27.1,100.0,0.0,22.9193352,120.2170451
08BEAC0A0398,2023-09-03,19:34:39,30.3,100.0,2.0,24.1494507,120.6816876
08BEAC0A084E,2023-09-03,19:34:46,30.3,100.0,2.0,24.9785086,121.3061612
08BEAC0A085E,2023-09-03,19:35:15,28.1,100.0,1.0,23.1427276,120.2731514
08BEAC0A089E,2023-09-03,19:35:23,26.6,100.0,0.0,23.12107103,120.4585091
08BEAC0A04EC,2023-09-03,19:35:30,28.7,100.0,7.0,24.936085,121.223586
08BEAC0A0774,2023-09-03,19:36:03,27.1,100.0,0.0,22.992411,120.294135
08BEAC0A0826,2023-09-03,19:36:10,27.2,100.0,0.0,23.0865158,120.3191882
08BEAC0A05AC,2023-09-03,19:36:24,26.8,100.0,0.0,22.912748,120.261227
08BEAC0A0156,2023-09-03,19:36:35,28.7,100.0,0.0,24.0838267,120.752756
08BEAC0A0830,2023-09-03,19:36:37,27.7,100.0,0.0,22.956295,120.248057
08BEAC0A0742,2023-09-03,19:36:54,27.3,100.0,0.0,23.003578,120.240161
08BEAC0A0218,2023-09-03,19:37:00,27.6,100.0,1.0,23.6869687,120.5865383
08BEAC0A06A6,2023-09-03,19:37:41,27.2,100.0,0.0,22.977305,120.186438
08BEAC0A0050,2023-09-03,19:37:45,19.8,100.0,0.0,24.255411,121.259081
08BEAC0A07A2,2023-09-03,19:37:47,30.8,100.0,7.0,25.10392038,121.2447143
08BEAC0A0678,2023-09-03,19:37:54,28.1,100.0,1.0,23.139376,120.138374
08BEAC0A019A,2023-09-03,19:38:01,29.3,100.0,3.0,23.3199,120.34515
08BEAC0A0344,2023-09-03,19:38:18,29.6,100.0,6.0,24.960122,121.178153
08BEAC0A0226,2023-09-03,19:38:34,26.7,100.0,0.0,23.2174825,120.365091
08BEAC0A0464,2023-09-03,19:38:40,27.1,100.0,0.0,22.989813,120.203024
08BEAC0A080E,2023-09-03,19:38:42,31.7,100.0,0.0,23.158097,120.170618
08BEAC0A0040,2023-09-03,19:39:12,27.5,100.0,0.0,22.99133,120.230478
08BEAC0A0480,2023-09-03,19:39:13,30.6,100.0,2.0,23.190069,120.192365
08BEAC0A01AA,2023-09-03,19:39:30,30.3,92.0,8.0,24.9751,121.269826
08BEAC0A0340,2023-09-03,19:39:55,27.1,100.0,0.0,22.9193352,120.2170451
08BEAC0A0398,2023-09-03,19:39:57,30.2,100.0,2.0,24.1494507,120.6816876
08BEAC0A084E,2023-09-03,19:40:05,30.3,100.0,2.0,24.9785086,121.3061612
08BEAC0A085E,2023-09-03,19:40:31,28.3,100.0,1.0,23.1427276,120.2731514
08BEAC0A089E,2023-09-03,19:40:42,26.8,100.0,0.0,23.12107103,120.4585091
08BEAC0A04EC,2023-09-03,19:40:46,28.7,100.0,7.0,24.936085,121.223586
08BEAC0A0774,2023-09-03,19:41:20,27.2,100.0,0.0,22.992411,120.294135
08BEAC0A0826,2023-09-03,19:41:27,27.2,100.0,0.0,23.0865158,120.3191882
08BEAC0A05AC,2023-09-03,19:41:42,26.8,100.0,0.0,22.912748,120.261227
08BEAC0A0156,2023-09-03,19:41:50,28.7,100.0,0.0,24.0838267,120.752756
08BEAC0A0830,2023-09-03,19:41:54,27.7,100.0,0.0,22.956295,120.248057
08BEAC0A0742,2023-09-03,19:42:09,27.2,100.0,0.0,23.003578,120.240161
08BEAC0A0218,2023-09-03,19:42:16,27.7,100.0,1.0,23.6869687,120.5865383
08BEAC0A06A6,2023-09-03,19:42:59,27.1,100.0,0.0,22.977305,120.186438
08BEAC0A0050,2023-09-03,19:43:03,20.1,100.0,0.0,24.255411,121.259081
08BEAC0A07A2,2023-09-03,19:43:06,30.8,100.0,7.0,25.10392038,121.2447143
08BEAC0A0678,2023-09-03,19:43:11,28.1,100.0,0.0,23.139376,120.138374
08BEAC0A019A,2023-09-03,19:43:18,29.3,100.0,3.0,23.3199,120.34515
08BEAC0A0344,2023-09-03,19:43:34,29.6,100.0,7.0,24.960122,121.178153
08BEAC0A0226,2023-09-03,19:43:50,26.8,100.0,0.0,23.2174825,120.365091
08BEAC0A0464,2023-09-03,19:43:59,27.1,100.0,0.0,22.989813,120.203024
08BEAC0A080E,2023-09-03,19:44:02,31.6,100.0,0.0,23.158097,120.170618
08BEAC0A0040,2023-09-03,19:44:28,27.3,100.0,0.0,22.99133,120.230478
08BEAC0A0480,2023-09-03,19:44:29,30.6,100.0,1.0,23.190069,120.192365
08BEAC0A01AA,2023-09-03,19:44:48,30.5,92.0,10.0,24.9751,121.269826
08BEAC0A0340,2023-09-03,19:45:12,27.1,100.0,0.0,22.9193352,120.2170451
08BEAC0A0398,2023-09-03,19:45:14,30.2,100.0,2.0,24.1494507,120.6816876
08BEAC0A084E,2023-09-03,19:45:23,30.3,100.0,2.0,24.9785086,121.3061612
08BEAC0A085E,2023-09-03,19:45:48,28.5,100.0,2.0,23.1427276,120.2731514
08BEAC0A089E,2023-09-03,19:46:00,27.0,100.0,0.0,23.12107103,120.4585091
08BEAC0A04EC,2023-09-03,19:46:04,28.7,100.0,8.0,24.936085,121.223586
08BEAC0A0774,2023-09-03,19:46:38,27.2,100.0,0.0,22.992411,120.294135
08BEAC0A0826,2023-09-03,19:46:44,27.0,100.0,0.0,23.0865158,120.3191882
08BEAC0A05AC,2023-09-03,19:47:00,26.8,100.0,0.0,22.912748,120.261227
08BEAC0A0156,2023-09-03,19:47:07,28.7,100.0,0.0,24.0838267,120.752756
08BEAC0A0830,2023-09-03,19:47:22,28.0,100.0,0.0,22.956295,120.248057
08BEAC0A0742,2023-09-03,19:47:25,27.2,100.0,0.0,23.003578,120.240161
08BEAC0A0218,2023-09-03,19:47:34,27.7,100.0,1.0,23.6869687,120.5865383
08BEAC0A06A6,2023-09-03,19:48:16,26.8,100.0,0.0,22.977305,120.186438
08BEAC0A0050,2023-09-03,19:48:20,19.8,100.0,0.0,24.255411,121.259081
08BEAC0A07A2,2023-09-03,19:48:24,30.7,100.0,7.0,25.10392038,121.2447143
08BEAC0A0678,2023-09-03,19:48:28,28.0,100.0,0.0,23.139376,120.138374
08BEAC0A019A,2023-09-03,19:48:33,29.2,100.0,3.0,23.3199,120.34515
08BEAC0A0344,2023-09-03,19:48:50,29.6,100.0,7.0,24.960122,121.178153
08BEAC0A0226,2023-09-03,19:49:07,27.1,100.0,0.0,23.2174825,120.365091
08BEAC0A0464,2023-09-03,19:49:19,27.1,100.0,0.0,22.989813,120.203024
08BEAC0A080E,2023-09-03,19:49:24,31.6,100.0,0.0,23.158097,120.170618
08BEAC0A0040,2023-09-03,19:49:44,27.5,100.0,0.0,22.99133,120.230478
08BEAC0A0480,2023-09-03,19:49:46,30.6,100.0,1.0,23.190069,120.192365
08BEAC0A01AA,2023-09-03,19:50:04,30.5,92.0,9.0,24.9751,121.269826
08BEAC0A0340,2023-09-03,19:50:28,27.2,100.0,0.0,22.9193352,120.2170451
08BEAC0A0398,2023-09-03,19:50:33,30.0,100.0,2.0,24.1494507,120.6816876
08BEAC0A084E,2023-09-03,19:50:38,30.3,100.0,2.0,24.9785086,121.3061612
08BEAC0A085E,2023-09-03,19:51:04,28.3,100.0,2.0,23.1427276,120.2731514
08BEAC0A089E,2023-09-03,19:51:16,27.1,100.0,0.0,23.12107103,120.4585091
08BEAC0A04EC,2023-09-03,19:51:23,28.8,100.0,9.0,24.936085,121.223586
08BEAC0A0774,2023-09-03,19:51:56,27.3,100.0,0.0,22.992411,120.294135
08BEAC0A0826,2023-09-03,19:52:01,27.2,100.0,0.0,23.0865158,120.3191882
08BEAC0A05AC,2023-09-03,19:52:17,26.8,100.0,0.0,22.912748,120.261227
08BEAC0A0156,2023-09-03,19:52:22,28.7,100.0,0.0,24.0838267,120.752756
08BEAC0A0830,2023-09-03,19:52:42,27.8,100.0,0.0,22.956295,120.248057
08BEAC0A0742,2023-09-03,19:52:43,27.3,100.0,0.0,23.003578,120.240161
08BEAC0A0218,2023-09-03,19:52:52,27.7,100.0,0.0,23.6869687,120.5865383
08BEAC0A06A6,2023-09-03,19:53:34,26.8,100.0,0.0,22.977305,120.186438
08BEAC0A0050,2023-09-03,19:53:36,19.6,100.0,0.0,24.255411,121.259081
08BEAC0A07A2,2023-09-03,19:53:43,30.8,100.0,7.0,25.10392038,121.2447143
08BEAC0A0678,2023-09-03,19:53:45,27.8,100.0,0.0,23.139376,120.138374
08BEAC0A019A,2023-09-03,19:53:49,29.2,100.0,3.0,23.3199,120.34515
08BEAC0A0344,2023-09-03,19:54:05,29.6,100.0,7.0,24.960122,121.178153
08BEAC0A0226,2023-09-03,19:54:24,27.1,100.0,0.0,23.2174825,120.365091
08BEAC0A0464,2023-09-03,19:54:39,27.1,100.0,0.0,22.989813,120.203024
08BEAC0A080E,2023-09-03,19:54:40,31.6,100.0,0.0,23.158097,120.170618
08BEAC0A0040,2023-09-03,19:55:03,27.6,100.0,0.0,22.99133,120.230478
08BEAC0A0480,2023-09-03,19:55:03,30.6,100.0,1.0,23.190069,120.192365
08BEAC0A01AA,2023-09-03,19:55:20,30.6,91.0,8.0,24.9751,121.269826
08BEAC0A0340,2023-09-03,19:55:45,27.2,100.0,0.0,22.9193352,120.2170451
08BEAC0A0398,2023-09-03,19:55:50,30.0,100.0,1.0,24.1494507,120.6816876
08BEAC0A084E,2023-09-03,19:55:55,30.5,100.0,2.0,24.9785086,121.3061612
08BEAC0A085E,2023-09-03,19:56:19,28.5,100.0,13.0,23.1427276,120.2731514
08BEAC0A089E,2023-09-03,19:56:32,27.0,100.0,0.0,23.12107103,120.4585091
08BEAC0A04EC,2023-09-03,19:56:41,28.7,100.0,9.0,24.936085,121.223586
08BEAC0A0774,2023-09-03,19:57:15,27.5,100.0,0.0,22.992411,120.294135
08BEAC0A0826,2023-09-03,19:57:17,27.0,100.0,0.0,23.0865158,120.3191882
08BEAC0A05AC,2023-09-03,19:57:34,26.8,100.0,0.0,22.912748,120.261227
08BEAC0A0156,2023-09-03,19:57:39,28.7,100.0,0.0,24.0838267,120.752756
08BEAC0A0830,2023-09-03,19:58:01,27.8,100.0,0.0,22.956295,120.248057
08BEAC0A0742,2023-09-03,19:58:03,27.6,100.0,0.0,23.003578,120.240161
08BEAC0A0218,2023-09-03,19:58:08,27.6,100.0,0.0,23.6869687,120.5865383
08BEAC0A0050,2023-09-03,19:58:54,19.6,100.0,0.0,24.255411,121.259081
08BEAC0A0678,2023-09-03,19:59:00,28.1,100.0,1.0,23.139376,120.138374
08BEAC0A07A2,2023-09-03,19:59:02,30.8,100.0,7.0,25.10392038,121.2447143
08BEAC0A019A,2023-09-03,19:59:04,29.2,100.0,2.0,23.3199,120.34515
08BEAC0A0344,2023-09-03,19:59:23,29.6,100.0,7.0,24.960122,121.178153
08BEAC0A0226,2023-09-03,19:59:41,27.2,100.0,0.0,23.2174825,120.365091
08BEAC0A080E,2023-09-03,19:59:56,31.6,100.0,0.0,23.158097,120.170618
08BEAC0A0464,2023-09-03,20:00:00,27.2,100.0,0.0,22.989813,120.203024
08BEAC0A0040,2023-09-03,20:00:20,27.7,100.0,0.0,22.99133,120.230478
08BEAC0A0480,2023-09-03,20:00:21,30.6,100.0,1.0,23.190069,120.192365
08BEAC0A01AA,2023-09-03,20:00:37,30.5,91.0,9.0,24.9751,121.269826
08BEAC0A0340,2023-09-03,20:01:02,27.2,100.0,0.0,22.9193352,120.2170451
08BEAC0A0398,2023-09-03,20:01:07,30.1,100.0,1.0,24.1494507,120.6816876
08BEAC0A084E,2023-09-03,20:01:12,30.3,100.0,3.0,24.9785086,121.3061612
08BEAC0A085E,2023-09-03,20:01:33,28.5,100.0,2.0,23.1427276,120.2731514
08BEAC0A089E,2023-09-03,20:01:48,26.6,100.0,0.0,23.12107103,120.4585091
08BEAC0A04EC,2023-09-03,20:01:59,28.8,100.0,9.0,24.936085,121.223586
08BEAC0A0774,2023-09-03,20:02:32,27.5,100.0,0.0,22.992411,120.294135
08BEAC0A0826,2023-09-03,20:02:34,26.8,100.0,0.0,23.0865158,120.3191882
08BEAC0A05AC,2023-09-03,20:02:50,26.8,100.0,0.0,22.912748,120.261227
08BEAC0A0156,2023-09-03,20:02:56,28.8,100.0,0.0,24.0838267,120.752756
08BEAC0A0742,2023-09-03,20:03:19,27.7,100.0,0.0,23.003578,120.240161
08BEAC0A0830,2023-09-03,20:03:19,28.0,100.0,0.0,22.956295,120.248057
08BEAC0A0218,2023-09-03,20:03:26,27.7,100.0,1.0,23.6869687,120.5865383
08BEAC0A06A6,2023-09-03,20:04:03,27.1,100.0,0.0,22.977305,120.186438
08BEAC0A0050,2023-09-03,20:04:15,19.7,100.0,0.0,24.255411,121.259081
08BEAC0A0678,2023-09-03,20:04:15,28.0,100.0,1.0,23.139376,120.138374
08BEAC0A019A,2023-09-03,20:04:20,29.2,100.0,3.0,23.3199,120.34515
08BEAC0A07A2,2023-09-03,20:04:23,30.8,100.0,7.0,25.10392038,121.2447143
08BEAC0A0344,2023-09-03,20:04:39,29.6,100.0,8.0,24.960122,121.178153
08BEAC0A0226,2023-09-03,20:04:58,27.2,100.0,0.0,23.2174825,120.365091
08BEAC0A080E,2023-09-03,20:05:14,31.6,100.0,0.0,23.158097,120.170618
08BEAC0A0464,2023-09-03,20:05:22,27.3,100.0,0.0,22.989813,120.203024
08BEAC0A0040,2023-09-03,20:05:38,27.7,100.0,0.0,22.99133,120.230478
08BEAC0A0480,2023-09-03,20:05:39,30.6,100.0,1.0,23.190069,120.192365
08BEAC0A01AA,2023-09-03,20:05:53,30.5,92.0,9.0,24.9751,121.269826
08BEAC0A0340,2023-09-03,20:06:18,27.3,100.0,0.0,22.9193352,120.2170451
08BEAC0A0398,2023-09-03,20:06:30,30.2,100.0,1.0,24.1494507,120.6816876
08BEAC0A084E,2023-09-03,20:06:31,30.5,100.0,3.0,24.9785086,121.3061612
08BEAC0A085E,2023-09-03,20:06:48,28.6,100.0,1.0,23.1427276,120.2731514
08BEAC0A089E,2023-09-03,20:07:04,26.2,100.0,0.0,23.12107103,120.4585091
08BEAC0A04EC,2023-09-03,20:07:16,29.0,100.0,10.0,24.936085,121.223586
08BEAC0A0774,2023-09-03,20:07:50,27.6,100.0,0.0,22.992411,120.294135
08BEAC0A0826,2023-09-03,20:07:53,26.6,100.0,0.0,23.0865158,120.3191882
08BEAC0A05AC,2023-09-03,20:08:07,26.8,100.0,0.0,22.912748,120.261227
08BEAC0A0156,2023-09-03,20:08:13,28.7,100.0,0.0,24.0838267,120.752756
08BEAC0A0830,2023-09-03,20:08:35,28.1,100.0,0.0,22.956295,120.248057
08BEAC0A0742,2023-09-03,20:08:36,27.8,100.0,0.0,23.003578,120.240161
08BEAC0A0218,2023-09-03,20:08:42,27.7,100.0,1.0,23.6869687,120.5865383
08BEAC0A06A6,2023-09-03,20:09:18,27.3,100.0,0.0,22.977305,120.186438
08BEAC0A0050,2023-09-03,20:09:30,20.0,100.0,0.0,24.255411,121.259081
08BEAC0A0678,2023-09-03,20:09:33,27.7,100.0,2.0,23.139376,120.138374
08BEAC0A019A,2023-09-03,20:09:36,29.2,100.0,3.0,23.3199,120.34515
08BEAC0A07A2,2023-09-03,20:09:41,30.7,100.0,7.0,25.10392038,121.2447143
08BEAC0A0344,2023-09-03,20:09:54,29.6,100.0,7.0,24.960122,121.178153
08BEAC0A0226,2023-09-03,20:10:15,27.2,100.0,0.0,23.2174825,120.365091
08BEAC0A080E,2023-09-03,20:10:29,31.6,100.0,0.0,23.158097,120.170618
08BEAC0A0464,2023-09-03,20:10:43,27.3,100.0,0.0,22.989813,120.203024
08BEAC0A0040,2023-09-03,20:10:56,27.6,100.0,0.0,22.99133,120.230478
08BEAC0A0480,2023-09-03,20:10:57,30.6,100.0,2.0,23.190069,120.192365
08BEAC0A01AA,2023-09-03,20:11:08,30.3,92.0,9.0,24.9751,121.269826
08BEAC0A0340,2023-09-03,20:11:33,27.3,100.0,0.0,22.9193352,120.2170451
08BEAC0A0398,2023-09-03,20:11:49,29.8,100.0,1.0,24.1494507,120.6816876
08BEAC0A084E,2023-09-03,20:11:50,30.5,100.0,3.0,24.9785086,121.3061612
08BEAC0A089E,2023-09-03,20:12:19,26.3,100.0,0.0,23.12107103,120.4585091
08BEAC0A04EC,2023-09-03,20:12:33,29.0,100.0,9.0,24.936085,121.223586
08BEAC0A0774,2023-09-03,20:13:08,27.6,100.0,0.0,22.992411,120.294135
08BEAC0A0826,2023-09-03,20:13:10,26.6,100.0,0.0,23.0865158,120.3191882
08BEAC0A05AC,2023-09-03,20:13:23,26.8,100.0,0.0,22.912748,120.261227
08BEAC0A0156,2023-09-03,20:13:30,28.7,100.0,0.0,24.0838267,120.752756
08BEAC0A0742,2023-09-03,20:13:52,27.8,100.0,0.0,23.003578,120.240161
08BEAC0A0218,2023-09-03,20:13:59,27.8,100.0,2.0,23.6869687,120.5865383
08BEAC0A0830,2023-09-03,20:13:59,28.2,100.0,0.0,22.956295,120.248057
08BEAC0A06A6,2023-09-03,20:14:36,27.2,100.0,0.0,22.977305,120.186438
08BEAC0A0050,2023-09-03,20:14:48,19.6,100.0,0.0,24.255411,121.259081
08BEAC0A0678,2023-09-03,20:14:50,27.6,100.0,2.0,23.139376,120.138374
08BEAC0A019A,2023-09-03,20:14:54,29.0,100.0,4.0,23.3199,120.34515
08BEAC0A07A2,2023-09-03,20:14:59,30.8,100.0,8.0,25.10392038,121.2447143
08BEAC0A0344,2023-09-03,20:15:12,29.7,100.0,9.0,24.960122,121.178153
08BEAC0A0226,2023-09-03,20:15:33,27.2,100.0,0.0,23.2174825,120.365091
08BEAC0A080E,2023-09-03,20:15:47,31.7,100.0,0.0,23.158097,120.170618
08BEAC0A0464,2023-09-03,20:16:05,27.3,100.0,0.0,22.989813,120.203024
08BEAC0A0040,2023-09-03,20:16:12,27.8,100.0,0.0,22.99133,120.230478
08BEAC0A0480,2023-09-03,20:16:12,30.6,100.0,1.0,23.190069,120.192365
08BEAC0A01AA,2023-09-03,20:16:23,30.3,93.0,10.0,24.9751,121.269826
08BEAC0A0340,2023-09-03,20:16:49,27.5,100.0,0.0,22.9193352,120.2170451
08BEAC0A0398,2023-09-03,20:17:05,29.7,100.0,1.0,24.1494507,120.6816876
08BEAC0A084E,2023-09-03,20:17:10,30.5,100.0,3.0,24.9785086,121.3061612
08BEAC0A085E,2023-09-03,20:17:15,28.0,100.0,0.0,23.1427276,120.2731514
08BEAC0A089E,2023-09-03,20:17:36,26.2,100.0,0.0,23.12107103,120.4585091
08BEAC0A04EC,2023-09-03,20:17:49,29.0,100.0,10.0,24.936085,121.223586
08BEAC0A0774,2023-09-03,20:18:26,27.7,100.0,0.0,22.992411,120.294135
08BEAC0A0826,2023-09-03,20:18:27,26.5,100.0,0.0,23.0865158,120.3191882
08BEAC0A05AC,2023-09-03,20:18:40,27.0,100.0,0.0,22.912748,120.261227
08BEAC0A0156,2023-09-03,20:18:46,28.7,100.0,0.0,24.0838267,120.752756
08BEAC0A0742,2023-09-03,20:19:07,28.0,100.0,0.0,23.003578,120.240161
08BEAC0A0218,2023-09-03,20:19:15,27.8,100.0,1.0,23.6869687,120.5865383
08BEAC0A0830,2023-09-03,20:19:19,28.5,100.0,0.0,22.956295,120.248057
08BEAC0A06A6,2023-09-03,20:19:53,27.6,100.0,0.0,22.977305,120.186438
08BEAC0A0050,2023-09-03,20:20:07,19.5,100.0,0.0,24.255411,121.259081
08BEAC0A0678,2023-09-03,20:20:07,27.5,100.0,5.0,23.139376,120.138374
08BEAC0A019A,2023-09-03,20:20:10,28.8,100.0,3.0,23.3199,120.34515
08BEAC0A07A2,2023-09-03,20:20:17,30.8,100.0,8.0,25.10392038,121.2447143
08BEAC0A0344,2023-09-03,20:20:27,29.6,100.0,8.0,24.960122,121.178153
08BEAC0A0226,2023-09-03,20:20:50,27.1,100.0,0.0,23.2174825,120.365091
08BEAC0A080E,2023-09-03,20:21:02,31.7,100.0,0.0,23.158097,120.170618
08BEAC0A0464,2023-09-03,20:21:23,27.6,100.0,0.0,22.989813,120.203024
08BEAC0A0040,2023-09-03,20:21:28,27.8,100.0,0.0,22.99133,120.230478
08BEAC0A0480,2023-09-03,20:21:28,30.6,100.0,2.0,23.190069,120.192365
08BEAC0A01AA,2023-09-03,20:21:40,30.3,92.0,10.0,24.9751,121.269826
08BEAC0A0340,2023-09-03,20:22:05,27.5,100.0,0.0,22.9193352,120.2170451
08BEAC0A0398,2023-09-03,20:22:21,29.8,100.0,2.0,24.1494507,120.6816876
08BEAC0A084E,2023-09-03,20:22:27,30.5,100.0,3.0,24.9785086,121.3061612
08BEAC0A085E,2023-09-03,20:22:31,27.6,100.0,0.0,23.1427276,120.2731514
08BEAC0A089E,2023-09-03,20:22:53,26.5,100.0,0.0,23.12107103,120.4585091
08BEAC0A04EC,2023-09-03,20:23:06,29.1,100.0,9.0,24.936085,121.223586
08BEAC0A0774,2023-09-03,20:23:41,27.7,100.0,0.0,22.992411,120.294135
08BEAC0A0826,2023-09-03,20:23:45,27.1,100.0,0.0,23.0865158,120.3191882
08BEAC0A05AC,2023-09-03,20:23:57,27.1,100.0,0.0,22.912748,120.261227
08BEAC0A0156,2023-09-03,20:24:02,28.7,100.0,0.0,24.0838267,120.752756
08BEAC0A0742,2023-09-03,20:24:23,28.1,100.0,0.0,23.003578,120.240161
08BEAC0A0218,2023-09-03,20:24:34,27.8,100.0,1.0,23.6869687,120.5865383
08BEAC0A0830,2023-09-03,20:24:36,28.5,100.0,0.0,22.956295,120.248057
08BEAC0A06A6,2023-09-03,20:25:11,27.7,100.0,0.0,22.977305,120.186438
08BEAC0A0050,2023-09-03,20:25:24,19.1,100.0,0.0,24.255411,121.259081
08BEAC0A0678,2023-09-03,20:25:25,27.5,100.0,3.0,23.139376,120.138374
08BEAC0A019A,2023-09-03,20:25:26,28.6,100.0,3.0,23.3199,120.34515
08BEAC0A07A2,2023-09-03,20:25:36,30.7,100.0,8.0,25.10392038,121.2447143
08BEAC0A0344,2023-09-03,20:25:42,29.6,100.0,8.0,24.960122,121.178153
08BEAC0A0226,2023-09-03,20:26:07,27.0,100.0,0.0,23.2174825,120.365091
08BEAC0A080E,2023-09-03,20:26:22,31.7,100.0,0.0,23.158097,120.170618
08BEAC0A0464,2023-09-03,20:26:42,27.7,100.0,0.0,22.989813,120.203024
08BEAC0A0480,2023-09-03,20:26:44,30.6,100.0,1.0,23.190069,120.192365
08BEAC0A0040,2023-09-03,20:26:45,28.0,100.0,0.0,22.99133,120.230478
08BEAC0A01AA,2023-09-03,20:27:20,30.3,92.0,9.0,24.9751,121.269826
08BEAC0A0340,2023-09-03,20:27:22,27.6,100.0,1.0,22.9193352,120.2170451
08BEAC0A0398,2023-09-03,20:27:39,30.0,100.0,3.0,24.1494507,120.6816876
08BEAC0A084E,2023-09-03,20:27:43,30.5,100.0,3.0,24.9785086,121.3061612
08BEAC0A085E,2023-09-03,20:27:50,27.6,100.0,0.0,23.1427276,120.2731514
08BEAC0A089E,2023-09-03,20:28:09,26.6,100.0,0.0,23.12107103,120.4585091
08BEAC0A04EC,2023-09-03,20:28:24,29.1,100.0,10.0,24.936085,121.223586
08BEAC0A0774,2023-09-03,20:28:58,27.7,100.0,0.0,22.992411,120.294135
08BEAC0A0826,2023-09-03,20:29:02,27.1,100.0,0.0,23.0865158,120.3191882
08BEAC0A05AC,2023-09-03,20:29:15,27.2,100.0,0.0,22.912748,120.261227
08BEAC0A0156,2023-09-03,20:29:18,28.6,100.0,0.0,24.0838267,120.752756
08BEAC0A0742,2023-09-03,20:29:38,28.2,100.0,0.0,23.003578,120.240161
08BEAC0A0218,2023-09-03,20:29:50,27.8,100.0,1.0,23.6869687,120.5865383
08BEAC0A0830,2023-09-03,20:29:57,28.5,100.0,0.0,22.956295,120.248057
08BEAC0A06A6,2023-09-03,20:30:28,27.7,100.0,0.0,22.977305,120.186438
08BEAC0A0050,2023-09-03,20:30:41,19.3,100.0,0.0,24.255411,121.259081
08BEAC0A0678,2023-09-03,20:30:43,27.3,100.0,2.0,23.139376,120.138374
08BEAC0A019A,2023-09-03,20:30:45,28.6,100.0,3.0,23.3199,120.34515
08BEAC0A07A2,2023-09-03,20:30:53,30.7,100.0,9.0,25.10392038,121.2447143
08BEAC0A0344,2023-09-03,20:30:58,29.7,100.0,8.0,24.960122,121.178153
08BEAC0A0226,2023-09-03,20:31:23,27.0,100.0,0.0,23.2174825,120.365091
08BEAC0A080E,2023-09-03,20:31:39,31.7,100.0,0.0,23.158097,120.170618
08BEAC0A0480,2023-09-03,20:32:00,30.5,100.0,1.0,23.190069,120.192365
08BEAC0A0464,2023-09-03,20:32:02,27.7,100.0,0.0,22.989813,120.203024
08BEAC0A0040,2023-09-03,20:32:03,27.8,100.0,0.0,22.99133,120.230478
08BEAC0A01AA,2023-09-03,20:32:37,30.5,92.0,10.0,24.9751,121.269826
08BEAC0A0340,2023-09-03,20:32:38,27.8,100.0,3.0,22.9193352,120.2170451
08BEAC0A0398,2023-09-03,20:32:56,30.0,100.0,3.0,24.1494507,120.6816876
08BEAC0A084E,2023-09-03,20:32:59,30.5,100.0,3.0,24.9785086,121.3061612
08BEAC0A085E,2023-09-03,20:33:06,27.8,100.0,0.0,23.1427276,120.2731514
08BEAC0A089E,2023-09-03,20:33:24,26.5,100.0,0.0,23.12107103,120.4585091
08BEAC0A04EC,2023-09-03,20:33:42,29.1,100.0,10.0,24.936085,121.223586
08BEAC0A0774,2023-09-03,20:34:15,27.6,100.0,0.0,22.992411,120.294135
08BEAC0A0826,2023-09-03,20:34:20,27.1,100.0,0.0,23.0865158,120.3191882
08BEAC0A05AC,2023-09-03,20:34:31,27.5,100.0,0.0,22.912748,120.261227
08BEAC0A0156,2023-09-03,20:34:35,28.6,100.0,0.0,24.0838267,120.752756
08BEAC0A0742,2023-09-03,20:34:54,28.0,100.0,0.0,23.003578,120.240161
08BEAC0A0218,2023-09-03,20:35:08,27.8,100.0,2.0,23.6869687,120.5865383
08BEAC0A0830,2023-09-03,20:35:15,28.7,100.0,0.0,22.956295,120.248057
08BEAC0A06A6,2023-09-03,20:35:47,27.7,100.0,0.0,22.977305,120.186438
08BEAC0A0050,2023-09-03,20:36:00,19.3,100.0,0.0,24.255411,121.259081
08BEAC0A0678,2023-09-03,20:36:00,27.1,100.0,1.0,23.139376,120.138374
08BEAC0A019A,2023-09-03,20:36:01,28.7,100.0,2.0,23.3199,120.34515
08BEAC0A07A2,2023-09-03,20:36:12,31.0,100.0,8.0,25.10392038,121.2447143
08BEAC0A0344,2023-09-03,20:36:15,29.7,100.0,9.0,24.960122,121.178153
08BEAC0A0226,2023-09-03,20:36:39,26.8,100.0,0.0,23.2174825,120.365091
08BEAC0A080E,2023-09-03,20:36:58,31.7,100.0,0.0,23.158097,120.170618
08BEAC0A0040,2023-09-03,20:37:20,27.8,100.0,0.0,22.99133,120.230478
08BEAC0A0480,2023-09-03,20:37:20,30.6,100.0,2.0,23.190069,120.192365
08BEAC0A0464,2023-09-03,20:37:24,27.6,100.0,0.0,22.989813,120.203024
08BEAC0A01AA,2023-09-03,20:37:54,30.3,92.0,10.0,24.9751,121.269826
08BEAC0A0340,2023-09-03,20:37:56,27.7,100.0,6.0,22.9193352,120.2170451
08BEAC0A0398,2023-09-03,20:38:13,30.1,100.0,6.0,24.1494507,120.6816876
08BEAC0A084E,2023-09-03,20:38:16,30.5,100.0,3.0,24.9785086,121.3061612
08BEAC0A085E,2023-09-03,20:38:22,27.7,100.0,0.0,23.1427276,120.2731514
08BEAC0A089E,2023-09-03,20:38:39,26.1,100.0,0.0,23.12107103,120.4585091
08BEAC0A04EC,2023-09-03,20:39:01,29.0,100.0,11.0,24.936085,121.223586
08BEAC0A0774,2023-09-03,20:39:33,27.6,100.0,0.0,22.992411,120.294135
08BEAC0A0826,2023-09-03,20:39:37,26.8,100.0,0.0,23.0865158,120.3191882
08BEAC0A05AC,2023-09-03,20:39:47,27.5,100.0,1.0,22.912748,120.261227
08BEAC0A0156,2023-09-03,20:39:54,28.6,100.0,0.0,24.0838267,120.752756
08BEAC0A0742,2023-09-03,20:40:11,27.8,100.0,1.0,23.003578,120.240161
08BEAC0A0218,2023-09-03,20:40:27,28.0,100.0,7.0,23.6869687,120.5865383
08BEAC0A0830,2023-09-03,20:40:38,28.5,100.0,0.0,22.956295,120.248057
08BEAC0A06A6,2023-09-03,20:41:03,27.6,100.0,0.0,22.977305,120.186438
08BEAC0A0678,2023-09-03,20:41:16,27.2,100.0,1.0,23.139376,120.138374
08BEAC0A0050,2023-09-03,20:41:18,19.7,100.0,0.0,24.255411,121.259081
08BEAC0A019A,2023-09-03,20:41:21,28.7,100.0,2.0,23.3199,120.34515
08BEAC0A07A2,2023-09-03,20:41:29,31.0,100.0,9.0,25.10392038,121.2447143
08BEAC0A0344,2023-09-03,20:41:34,29.7,100.0,8.0,24.960122,121.178153
08BEAC0A0226,2023-09-03,20:41:55,26.8,100.0,0.0,23.2174825,120.365091
08BEAC0A080E,2023-09-03,20:42:14,31.7,100.0,0.0,23.158097,120.170618
08BEAC0A0480,2023-09-03,20:42:34,30.6,100.0,1.0,23.190069,120.192365
08BEAC0A0040,2023-09-03,20:42:40,28.1,100.0,0.0,22.99133,120.230478
08BEAC0A0464,2023-09-03,20:42:44,27.5,100.0,1.0,22.989813,120.203024
08BEAC0A01AA,2023-09-03,20:43:11,30.3,93.0,12.0,24.9751,121.269826
08BEAC0A0340,2023-09-03,20:43:11,27.8,100.0,9.0,22.9193352,120.2170451
08BEAC0A0398,2023-09-03,20:43:30,29.7,100.0,9.0,24.1494507,120.6816876
08BEAC0A084E,2023-09-03,20:43:34,30.5,100.0,3.0,24.9785086,121.3061612
08BEAC0A085E,2023-09-03,20:43:38,27.8,100.0,0.0,23.1427276,120.2731514
08BEAC0A089E,2023-09-03,20:43:56,26.0,100.0,0.0,23.12107103,120.4585091
08BEAC0A04EC,2023-09-03,20:44:16,29.0,100.0,14.0,24.936085,121.223586
08BEAC0A0774,2023-09-03,20:44:51,27.6,100.0,0.0,22.992411,120.294135
08BEAC0A0826,2023-09-03,20:44:54,26.8,100.0,0.0,23.0865158,120.3191882
08BEAC0A05AC,2023-09-03,20:45:04,27.3,100.0,0.0,22.912748,120.261227
08BEAC0A0156,2023-09-03,20:45:10,28.6,100.0,0.0,24.0838267,120.752756
08BEAC0A0742,2023-09-03,20:45:29,27.8,100.0,1.0,23.003578,120.240161
08BEAC0A0218,2023-09-03,20:45:45,28.0,100.0,11.0,23.6869687,120.5865383
08BEAC0A0830,2023-09-03,20:45:59,28.6,100.0,0.0,22.956295,120.248057
08BEAC0A06A6,2023-09-03,20:46:20,27.5,100.0,2.0,22.977305,120.186438
08BEAC0A0050,2023-09-03,20:46:35,20.0,100.0,0.0,24.255411,121.259081
08BEAC0A019A,2023-09-03,20:46:39,28.6,100.0,2.0,23.3199,120.34515
08BEAC0A07A2,2023-09-03,20:46:46,31.0,100.0,9.0,25.10392038,121.2447143
08BEAC0A0344,2023-09-03,20:46:52,29.7,100.0,9.0,24.960122,121.178153
08BEAC0A080E,2023-09-03,20:47:32,31.7,100.0,0.0,23.158097,120.170618
08BEAC0A0226,2023-09-03,20:47:36,26.8,100.0,0.0,23.2174825,120.365091
08BEAC0A0480,2023-09-03,20:47:49,30.5,100.0,2.0,23.190069,120.192365
08BEAC0A0040,2023-09-03,20:47:56,28.3,100.0,0.0,22.99133,120.230478
08BEAC0A0464,2023-09-03,20:48:08,27.5,100.0,3.0,22.989813,120.203024
08BEAC0A01AA,2023-09-03,20:48:28,30.5,92.0,10.0,24.9751,121.269826
08BEAC0A0340,2023-09-03,20:48:28,27.3,100.0,8.0,22.9193352,120.2170451
08BEAC0A0398,2023-09-03,20:48:47,29.5,100.0,10.0,24.1494507,120.6816876
08BEAC0A084E,2023-09-03,20:48:53,30.5,100.0,3.0,24.9785086,121.3061612
08BEAC0A085E,2023-09-03,20:48:53,27.7,100.0,0.0,23.1427276,120.2731514
08BEAC0A089E,2023-09-03,20:49:13,26.1,100.0,0.0,23.12107103,120.4585091
08BEAC0A04EC,2023-09-03,20:49:32,29.0,100.0,12.0,24.936085,121.223586
08BEAC0A0774,2023-09-03,20:50:10,27.5,100.0,0.0,22.992411,120.294135
08BEAC0A0826,2023-09-03,20:50:10,26.8,100.0,0.0,23.0865158,120.3191882
08BEAC0A05AC,2023-09-03,20:50:21,27.3,100.0,0.0,22.912748,120.261227
08BEAC0A0156,2023-09-03,20:50:26,28.6,100.0,0.0,24.0838267,120.752756
08BEAC0A0742,2023-09-03,20:50:45,28.0,100.0,1.0,23.003578,120.240161
08BEAC0A0218,2023-09-03,20:51:01,28.0,100.0,8.0,23.6869687,120.5865383
08BEAC0A0830,2023-09-03,20:51:17,28.6,100.0,0.0,22.956295,120.248057
08BEAC0A06A6,2023-09-03,20:51:37,27.3,100.0,6.0,22.977305,120.186438
08BEAC0A0050,2023-09-03,20:51:51,20.0,100.0,0.0,24.255411,121.259081
08BEAC0A019A,2023-09-03,20:51:55,28.6,100.0,2.0,23.3199,120.34515
08BEAC0A07A2,2023-09-03,20:52:01,30.8,100.0,9.0,25.10392038,121.2447143
08BEAC0A0344,2023-09-03,20:52:09,29.6,100.0,11.0,24.960122,121.178153
08BEAC0A0678,2023-09-03,20:52:13,27.3,100.0,2.0,23.139376,120.138374
08BEAC0A080E,2023-09-03,20:52:49,31.7,100.0,0.0,23.158097,120.170618
08BEAC0A0226,2023-09-03,20:52:53,26.8,100.0,0.0,23.2174825,120.365091
08BEAC0A0480,2023-09-03,20:53:05,30.6,100.0,1.0,23.190069,120.192365
08BEAC0A0040,2023-09-03,20:53:12,28.6,100.0,0.0,22.99133,120.230478
08BEAC0A0464,2023-09-03,20:53:26,27.5,100.0,3.0,22.989813,120.203024
08BEAC0A0340,2023-09-03,20:53:46,27.3,100.0,7.0,22.9193352,120.2170451
08BEAC0A01AA,2023-09-03,20:53:47,30.5,92.0,10.0,24.9751,121.269826
08BEAC0A0398,2023-09-03,20:54:05,29.5,100.0,7.0,24.1494507,120.6816876
08BEAC0A085E,2023-09-03,20:54:09,27.5,100.0,0.0,23.1427276,120.2731514
08BEAC0A084E,2023-09-03,20:54:13,30.5,100.0,3.0,24.9785086,121.3061612
08BEAC0A089E,2023-09-03,20:54:30,26.5,100.0,0.0,23.12107103,120.4585091
08BEAC0A04EC,2023-09-03,20:54:48,29.0,100.0,10.0,24.936085,121.223586
08BEAC0A0774,2023-09-03,20:55:27,27.5,100.0,0.0,22.992411,120.294135
08BEAC0A0826,2023-09-03,20:55:27,26.7,100.0,1.0,23.0865158,120.3191882
08BEAC0A05AC,2023-09-03,20:55:37,27.3,100.0,0.0,22.912748,120.261227
08BEAC0A0156,2023-09-03,20:55:45,28.6,100.0,0.0,24.0838267,120.752756
08BEAC0A0742,2023-09-03,20:56:03,28.0,100.0,0.0,23.003578,120.240161
08BEAC0A0218,2023-09-03,20:56:18,27.8,100.0,8.0,23.6869687,120.5865383
08BEAC0A0830,2023-09-03,20:56:38,28.6,100.0,0.0,22.956295,120.248057
08BEAC0A06A6,2023-09-03,20:56:57,27.5,100.0,4.0,22.977305,120.186438
08BEAC0A0050,2023-09-03,20:57:07,20.1,100.0,0.0,24.255411,121.259081
08BEAC0A019A,2023-09-03,20:57:12,28.6,100.0,2.0,23.3199,120.34515
08BEAC0A07A2,2023-09-03,20:57:19,30.7,100.0,8.0,25.10392038,121.2447143
08BEAC0A0344,2023-09-03,20:57:25,29.7,100.0,8.0,24.960122,121.178153
08BEAC0A0678,2023-09-03,20:57:33,27.3,100.0,2.0,23.139376,120.138374
08BEAC0A080E,2023-09-03,20:58:06,31.7,100.0,0.0,23.158097,120.170618
08BEAC0A0226,2023-09-03,20:58:10,26.8,100.0,0.0,23.2174825,120.365091
08BEAC0A0480,2023-09-03,20:58:21,30.5,100.0,2.0,23.190069,120.192365
08BEAC0A0040,2023-09-03,20:58:29,28.5,100.0,0.0,22.99133,120.230478
08BEAC0A0880,2023-09-03,20:58:41,27.6,100.0,1.0,23.7224119,120.3083761
08BEAC0A0464,2023-09-03,20:58:46,27.6,100.0,1.0,22.989813,120.203024
08BEAC0A0340,2023-09-03,20:59:01,27.0,100.0,7.0,22.9193352,120.2170451
08BEAC0A01AA,2023-09-03,20:59:02,30.5,92.0,10.0,24.9751,121.269826
08BEAC0A0398,2023-09-03,20:59:22,29.7,100.0,6.0,24.1494507,120.6816876
08BEAC0A085E,2023-09-03,20:59:26,27.3,100.0,0.0,23.1427276,120.2731514
08BEAC0A084E,2023-09-03,20:59:30,30.5,100.0,4.0,24.9785086,121.3061612
08BEAC0A089E,2023-09-03,20:59:47,26.6,100.0,0.0,23.12107103,120.4585091
08BEAC0A04EC,2023-09-03,21:00:04,29.0,100.0,9.0,24.936085,121.223586
08BEAC0A0774,2023-09-03,21:00:45,27.5,100.0,0.0,22.992411,120.294135
08BEAC0A0826,2023-09-03,21:00:45,26.8,100.0,1.0,23.0865158,120.3191882
08BEAC0A05AC,2023-09-03,21:00:54,27.3,100.0,0.0,22.912748,120.261227
08BEAC0A0156,2023-09-03,21:01:03,28.6,100.0,0.0,24.0838267,120.752756
08BEAC0A0742,2023-09-03,21:01:21,28.0,100.0,0.0,23.003578,120.240161
08BEAC0A0218,2023-09-03,21:01:34,27.7,100.0,5.0,23.6869687,120.5865383
08BEAC0A0830,2023-09-03,21:01:56,28.5,100.0,0.0,22.956295,120.248057
08BEAC0A06A6,2023-09-03,21:02:14,27.6,100.0,4.0,22.977305,120.186438
08BEAC0A0050,2023-09-03,21:02:25,20.2,100.0,0.0,24.255411,121.259081
08BEAC0A019A,2023-09-03,21:02:28,28.6,100.0,2.0,23.3199,120.34515
08BEAC0A07A2,2023-09-03,21:02:36,30.7,100.0,8.0,25.10392038,121.2447143
08BEAC0A0344,2023-09-03,21:02:41,29.7,100.0,8.0,24.960122,121.178153
08BEAC0A0678,2023-09-03,21:02:50,27.2,100.0,0.0,23.139376,120.138374
08BEAC0A080E,2023-09-03,21:03:25,31.7,100.0,0.0,23.158097,120.170618
08BEAC0A0226,2023-09-03,21:03:28,27.0,100.0,0.0,23.2174825,120.365091
08BEAC0A0480,2023-09-03,21:03:37,30.6,100.0,2.0,23.190069,120.192365
08BEAC0A0040,2023-09-03,21:03:48,28.7,100.0,0.0,22.99133,120.230478
08BEAC0A0880,2023-09-03,21:04:00,27.7,100.0,1.0,23.7224119,120.3083761
08BEAC0A0464,2023-09-03,21:04:06,27.5,100.0,1.0,22.989813,120.203024
08BEAC0A0340,2023-09-03,21:04:17,27.1,100.0,2.0,22.9193352,120.2170451
08BEAC0A01AA,2023-09-03,21:04:20,30.5,93.0,10.0,24.9751,121.269826
08BEAC0A0398,2023-09-03,21:04:41,29.7,100.0,6.0,24.1494507,120.6816876
08BEAC0A085E,2023-09-03,21:04:42,27.6,100.0,0.0,23.1427276,120.2731514
08BEAC0A084E,2023-09-03,21:04:47,30.5,100.0,4.0,24.9785086,121.3061612
08BEAC0A089E,2023-09-03,21:05:05,26.7,100.0,0.0,23.12107103,120.4585091
08BEAC0A04EC,2023-09-03,21:05:20,29.1,100.0,9.0,24.936085,121.223586
08BEAC0A0826,2023-09-03,21:06:02,27.0,100.0,0.0,23.0865158,120.3191882
08BEAC0A0774,2023-09-03,21:06:04,27.5,100.0,0.0,22.992411,120.294135
08BEAC0A05AC,2023-09-03,21:06:12,27.3,100.0,0.0,22.912748,120.261227
08BEAC0A0156,2023-09-03,21:06:20,28.6,100.0,0.0,24.0838267,120.752756
08BEAC0A0742,2023-09-03,21:06:38,28.1,100.0,0.0,23.003578,120.240161
08BEAC0A0218,2023-09-03,21:06:52,27.8,100.0,4.0,23.6869687,120.5865383
08BEAC0A0830,2023-09-03,21:07:18,28.7,100.0,0.0,22.956295,120.248057
08BEAC0A06A6,2023-09-03,21:07:30,27.6,100.0,3.0,22.977305,120.186438
08BEAC0A0050,2023-09-03,21:07:41,20.2,100.0,0.0,24.255411,121.259081
08BEAC0A019A,2023-09-03,21:07:44,28.6,100.0,1.0,23.3199,120.34515
08BEAC0A07A2,2023-09-03,21:07:54,30.8,100.0,8.0,25.10392038,121.2447143
08BEAC0A0344,2023-09-03,21:07:58,29.6,100.0,8.0,24.960122,121.178153
08BEAC0A0678,2023-09-03,21:08:09,27.1,100.0,0.0,23.139376,120.138374
08BEAC0A0226,2023-09-03,21:08:45,27.0,100.0,0.0,23.2174825,120.365091
08BEAC0A080E,2023-09-03,21:08:49,31.7,100.0,0.0,23.158097,120.170618
08BEAC0A0480,2023-09-03,21:08:53,30.5,100.0,1.0,23.190069,120.192365
08BEAC0A0040,2023-09-03,21:09:05,28.7,100.0,0.0,22.99133,120.230478
08BEAC0A0880,2023-09-03,21:09:18,27.7,100.0,1.0,23.7224119,120.3083761
08BEAC0A0464,2023-09-03,21:09:27,27.6,100.0,1.0,22.989813,120.203024
08BEAC0A0340,2023-09-03,21:09:32,26.8,100.0,1.0,22.9193352,120.2170451
08BEAC0A01AA,2023-09-03,21:09:37,30.6,92.0,9.0,24.9751,121.269826
08BEAC0A0398,2023-09-03,21:09:59,29.7,100.0,5.0,24.1494507,120.6816876
08BEAC0A085E,2023-09-03,21:10:00,27.5,100.0,0.0,23.1427276,120.2731514
08BEAC0A084E,2023-09-03,21:10:04,30.5,100.0,4.0,24.9785086,121.3061612
08BEAC0A089E,2023-09-03,21:10:21,26.5,100.0,0.0,23.12107103,120.4585091
08BEAC0A04EC,2023-09-03,21:10:38,29.0,100.0,9.0,24.936085,121.223586
08BEAC0A0826,2023-09-03,21:11:21,27.0,100.0,0.0,23.0865158,120.3191882
08BEAC0A0774,2023-09-03,21:11:22,27.5,100.0,0.0,22.992411,120.294135
08BEAC0A05AC,2023-09-03,21:11:28,27.5,100.0,0.0,22.912748,120.261227
08BEAC0A0156,2023-09-03,21:11:36,28.6,100.0,0.0,24.0838267,120.752756
08BEAC0A0218,2023-09-03,21:12:09,27.6,100.0,3.0,23.6869687,120.5865383
08BEAC0A0830,2023-09-03,21:12:36,28.8,100.0,0.0,22.956295,120.248057
08BEAC0A06A6,2023-09-03,21:12:46,27.3,100.0,1.0,22.977305,120.186438
08BEAC0A0050,2023-09-03,21:13:00,20.2,100.0,0.0,24.255411,121.259081
08BEAC0A019A,2023-09-03,21:13:01,28.6,100.0,1.0,23.3199,120.34515
08BEAC0A0344,2023-09-03,21:13:13,29.6,100.0,8.0,24.960122,121.178153
08BEAC0A0678,2023-09-03,21:13:26,27.1,100.0,0.0,23.139376,120.138374
08BEAC0A0226,2023-09-03,21:14:01,27.1,100.0,0.0,23.2174825,120.365091
08BEAC0A080E,2023-09-03,21:14:05,31.7,100.0,0.0,23.158097,120.170618
08BEAC0A0480,2023-09-03,21:14:08,30.5,100.0,1.0,23.190069,120.192365
08BEAC0A0040,2023-09-03,21:14:22,28.7,100.0,0.0,22.99133,120.230478
08BEAC0A0880,2023-09-03,21:14:37,27.7,100.0,1.0,23.7224119,120.3083761
08BEAC0A0464,2023-09-03,21:14:45,27.6,100.0,1.0,22.989813,120.203024
08BEAC0A0340,2023-09-03,21:14:47,27.1,100.0,2.0,22.9193352,120.2170451
08BEAC0A01AA,2023-09-03,21:14:54,30.7,91.0,10.0,24.9751,121.269826
08BEAC0A0398,2023-09-03,21:15:14,29.5,100.0,5.0,24.1494507,120.6816876
08BEAC0A085E,2023-09-03,21:15:17,27.5,100.0,0.0,23.1427276,120.2731514
08BEAC0A084E,2023-09-03,21:15:21,30.5,100.0,4.0,24.9785086,121.3061612
08BEAC0A089E,2023-09-03,21:15:39,26.7,100.0,0.0,23.12107103,120.4585091
08BEAC0A04EC,2023-09-03,21:15:54,29.0,100.0,8.0,24.936085,121.223586
08BEAC0A0826,2023-09-03,21:16:39,26.8,100.0,0.0,23.0865158,120.3191882
08BEAC0A0774,2023-09-03,21:16:41,27.5,100.0,1.0,22.992411,120.294135
08BEAC0A05AC,2023-09-03,21:16:45,27.3,100.0,0.0,22.912748,120.261227
08BEAC0A0156,2023-09-03,21:16:55,28.6,100.0,0.0,24.0838267,120.752756
08BEAC0A0742,2023-09-03,21:17:07,28.0,100.0,0.0,23.003578,120.240161
08BEAC0A0218,2023-09-03,21:17:27,27.5,100.0,3.0,23.6869687,120.5865383
08BEAC0A06A6,2023-09-03,21:18:03,27.6,100.0,2.0,22.977305,120.186438
08BEAC0A0830,2023-09-03,21:18:08,28.7,100.0,0.0,22.956295,120.248057
08BEAC0A0050,2023-09-03,21:18:17,19.8,100.0,0.0,24.255411,121.259081
08BEAC0A019A,2023-09-03,21:18:21,28.7,100.0,0.0,23.3199,120.34515
08BEAC0A07A2,2023-09-03,21:18:25,30.8,100.0,7.0,25.10392038,121.2447143
08BEAC0A0344,2023-09-03,21:18:31,29.6,100.0,8.0,24.960122,121.178153
08BEAC0A0678,2023-09-03,21:18:41,27.2,100.0,0.0,23.139376,120.138374
08BEAC0A0226,2023-09-03,21:19:20,27.1,100.0,0.0,23.2174825,120.365091
08BEAC0A080E,2023-09-03,21:19:21,31.7,100.0,0.0,23.158097,120.170618
08BEAC0A0480,2023-09-03,21:19:25,30.5,100.0,1.0,23.190069,120.192365
08BEAC0A0040,2023-09-03,21:19:40,28.6,100.0,0.0,22.99133,120.230478
08BEAC0A0880,2023-09-03,21:19:54,27.6,100.0,1.0,23.7224119,120.3083761
08BEAC0A0464,2023-09-03,21:20:01,27.7,100.0,0.0,22.989813,120.203024
08BEAC0A0340,2023-09-03,21:20:04,27.1,100.0,1.0,22.9193352,120.2170451
08BEAC0A01AA,2023-09-03,21:20:08,30.7,91.0,9.0,24.9751,121.269826
08BEAC0A0398,2023-09-03,21:20:31,29.3,100.0,4.0,24.1494507,120.6816876
08BEAC0A085E,2023-09-03,21:20:33,27.6,100.0,0.0,23.1427276,120.2731514
08BEAC0A084E,2023-09-03,21:20:39,30.5,100.0,4.0,24.9785086,121.3061612
08BEAC0A089E,2023-09-03,21:20:56,26.7,100.0,0.0,23.12107103,120.4585091
08BEAC0A04EC,2023-09-03,21:21:09,28.8,100.0,8.0,24.936085,121.223586
08BEAC0A0826,2023-09-03,21:21:56,27.1,100.0,1.0,23.0865158,120.3191882
08BEAC0A0774,2023-09-03,21:21:59,27.3,100.0,1.0,22.992411,120.294135
08BEAC0A05AC,2023-09-03,21:22:02,27.3,100.0,0.0,22.912748,120.261227
08BEAC0A0156,2023-09-03,21:22:10,28.6,100.0,0.0,24.0838267,120.752756
08BEAC0A0742,2023-09-03,21:22:33,27.8,100.0,1.0,23.003578,120.240161
08BEAC0A0218,2023-09-03,21:22:42,27.3,100.0,4.0,23.6869687,120.5865383
08BEAC0A06A6,2023-09-03,21:23:21,27.5,100.0,1.0,22.977305,120.186438
08BEAC0A0830,2023-09-03,21:23:27,28.6,100.0,0.0,22.956295,120.248057
08BEAC0A0050,2023-09-03,21:23:37,19.3,100.0,0.0,24.255411,121.259081
08BEAC0A019A,2023-09-03,21:23:38,28.7,100.0,0.0,23.3199,120.34515
08BEAC0A07A2,2023-09-03,21:23:41,30.7,100.0,7.0,25.10392038,121.2447143
08BEAC0A0344,2023-09-03,21:23:47,29.6,100.0,7.0,24.960122,121.178153
08BEAC0A0678,2023-09-03,21:23:58,27.1,100.0,0.0,23.139376,120.138374
08BEAC0A0226,2023-09-03,21:24:37,27.2,100.0,0.0,23.2174825,120.365091
08BEAC0A080E,2023-09-03,21:24:40,31.7,100.0,0.0,23.158097,120.170618
08BEAC0A0480,2023-09-03,21:24:41,30.5,100.0,1.0,23.190069,120.192365
08BEAC0A0040,2023-09-03,21:24:57,28.6,100.0,0.0,22.99133,120.230478
08BEAC0A0880,2023-09-03,21:25:12,27.6,100.0,1.0,23.7224119,120.3083761
08BEAC0A0340,2023-09-03,21:25:21,27.0,100.0,1.0,22.9193352,120.2170451
08BEAC0A0464,2023-09-03,21:25:21,27.6,100.0,0.0,22.989813,120.203024
08BEAC0A01AA,2023-09-03,21:25:25,30.8,91.0,8.0,24.9751,121.269826
08BEAC0A0398,2023-09-03,21:25:51,29.7,100.0,4.0,24.1494507,120.6816876
08BEAC0A085E,2023-09-03,21:25:52,27.7,100.0,0.0,23.1427276,120.2731514
08BEAC0A084E,2023-09-03,21:25:54,30.5,100.0,4.0,24.9785086,121.3061612
08BEAC0A089E,2023-09-03,21:26:12,26.8,100.0,0.0,23.12107103,120.4585091
08BEAC0A04EC,2023-09-03,21:26:25,29.0,100.0,8.0,24.936085,121.223586
08BEAC0A0826,2023-09-03,21:27:13,27.1,100.0,0.0,23.0865158,120.3191882
08BEAC0A0774,2023-09-03,21:27:19,27.5,100.0,2.0,22.992411,120.294135
08BEAC0A05AC,2023-09-03,21:27:21,27.3,100.0,0.0,22.912748,120.261227
08BEAC0A0156,2023-09-03,21:27:28,28.6,100.0,0.0,24.0838267,120.752756
08BEAC0A0742,2023-09-03,21:27:57,27.7,100.0,2.0,23.003578,120.240161
08BEAC0A0218,2023-09-03,21:27:59,27.1,100.0,4.0,23.6869687,120.5865383
08BEAC0A06A6,2023-09-03,21:28:39,27.6,100.0,0.0,22.977305,120.186438
08BEAC0A0830,2023-09-03,21:28:47,28.6,100.0,0.0,22.956295,120.248057
08BEAC0A0050,2023-09-03,21:28:53,19.2,100.0,0.0,24.255411,121.259081
08BEAC0A019A,2023-09-03,21:28:55,28.8,100.0,0.0,23.3199,120.34515
08BEAC0A07A2,2023-09-03,21:29:00,30.7,100.0,8.0,25.10392038,121.2447143
08BEAC0A0344,2023-09-03,21:29:04,29.6,100.0,7.0,24.960122,121.178153
08BEAC0A0678,2023-09-03,21:29:14,27.3,100.0,0.0,23.139376,120.138374
08BEAC0A0226,2023-09-03,21:29:54,27.3,100.0,0.0,23.2174825,120.365091
08BEAC0A0480,2023-09-03,21:29:56,30.5,100.0,1.0,23.190069,120.192365
08BEAC0A080E,2023-09-03,21:29:59,31.7,100.0,0.0,23.158097,120.170618
08BEAC0A0040,2023-09-03,21:30:13,28.6,100.0,0.0,22.99133,120.230478
08BEAC0A0880,2023-09-03,21:30:30,27.7,100.0,1.0,23.7224119,120.3083761
08BEAC0A0340,2023-09-03,21:30:37,27.2,100.0,1.0,22.9193352,120.2170451
08BEAC0A0464,2023-09-03,21:30:42,27.6,100.0,0.0,22.989813,120.203024
08BEAC0A01AA,2023-09-03,21:30:44,30.7,91.0,9.0,24.9751,121.269826
08BEAC0A0398,2023-09-03,21:31:07,29.7,100.0,4.0,24.1494507,120.6816876
08BEAC0A084E,2023-09-03,21:31:11,30.5,100.0,4.0,24.9785086,121.3061612
08BEAC0A089E,2023-09-03,21:31:28,26.7,100.0,0.0,23.12107103,120.4585091
08BEAC0A04EC,2023-09-03,21:31:42,29.1,100.0,7.0,24.936085,121.223586
08BEAC0A0826,2023-09-03,21:32:30,27.1,100.0,0.0,23.0865158,120.3191882
08BEAC0A0774,2023-09-03,21:32:38,27.5,100.0,1.0,22.992411,120.294135
08BEAC0A05AC,2023-09-03,21:32:39,27.3,100.0,0.0,22.912748,120.261227
08BEAC0A0156,2023-09-03,21:32:46,28.6,100.0,0.0,24.0838267,120.752756
08BEAC0A0218,2023-09-03,21:33:16,27.0,100.0,2.0,23.6869687,120.5865383
08BEAC0A0742,2023-09-03,21:33:21,27.6,100.0,3.0,23.003578,120.240161
08BEAC0A06A6,2023-09-03,21:33:57,27.6,100.0,1.0,22.977305,120.186438
08BEAC0A0830,2023-09-03,21:34:04,28.6,100.0,0.0,22.956295,120.248057
08BEAC0A0050,2023-09-03,21:34:10,19.7,100.0,0.0,24.255411,121.259081
08BEAC0A019A,2023-09-03,21:34:11,29.0,100.0,0.0,23.3199,120.34515
08BEAC0A07A2,2023-09-03,21:34:16,30.8,100.0,8.0,25.10392038,121.2447143
08BEAC0A0344,2023-09-03,21:34:21,29.7,100.0,8.0,24.960122,121.178153
08BEAC0A0678,2023-09-03,21:34:32,27.2,100.0,0.0,23.139376,120.138374
08BEAC0A0226,2023-09-03,21:35:12,27.2,100.0,0.0,23.2174825,120.365091
08BEAC0A0480,2023-09-03,21:35:12,30.3,100.0,0.0,23.190069,120.192365
08BEAC0A080E,2023-09-03,21:35:16,31.7,100.0,0.0,23.158097,120.170618
08BEAC0A0040,2023-09-03,21:35:28,28.6,100.0,0.0,22.99133,120.230478
08BEAC0A0880,2023-09-03,21:35:49,27.7,100.0,2.0,23.7224119,120.3083761
08BEAC0A0340,2023-09-03,21:35:54,27.6,100.0,3.0,22.9193352,120.2170451
08BEAC0A01AA,2023-09-03,21:36:01,30.6,91.0,8.0,24.9751,121.269826
08BEAC0A0464,2023-09-03,21:36:01,27.5,100.0,1.0,22.989813,120.203024
08BEAC0A0398,2023-09-03,21:36:22,29.8,100.0,3.0,24.1494507,120.6816876
08BEAC0A084E,2023-09-03,21:36:30,30.6,100.0,4.0,24.9785086,121.3061612
08BEAC0A089E,2023-09-03,21:36:45,26.8,100.0,0.0,23.12107103,120.4585091
08BEAC0A085E,2023-09-03,21:36:51,27.7,100.0,0.0,23.1427276,120.2731514
08BEAC0A04EC,2023-09-03,21:37:00,29.1,100.0,6.0,24.936085,121.223586
08BEAC0A0826,2023-09-03,21:37:49,27.0,100.0,0.0,23.0865158,120.3191882
08BEAC0A0774,2023-09-03,21:37:54,27.5,100.0,0.0,22.992411,120.294135
08BEAC0A05AC,2023-09-03,21:37:56,27.1,100.0,0.0,22.912748,120.261227
08BEAC0A0156,2023-09-03,21:38:07,28.5,100.0,0.0,24.0838267,120.752756
08BEAC0A0218,2023-09-03,21:38:34,27.0,100.0,1.0,23.6869687,120.5865383
08BEAC0A0742,2023-09-03,21:38:47,27.6,100.0,3.0,23.003578,120.240161
08BEAC0A06A6,2023-09-03,21:39:15,27.6,100.0,1.0,22.977305,120.186438
08BEAC0A0830,2023-09-03,21:39:22,28.3,100.0,0.0,22.956295,120.248057
08BEAC0A0050,2023-09-03,21:39:27,19.6,100.0,0.0,24.255411,121.259081
08BEAC0A019A,2023-09-03,21:39:29,29.0,100.0,0.0,23.3199,120.34515
08BEAC0A07A2,2023-09-03,21:39:34,30.8,100.0,8.0,25.10392038,121.2447143
08BEAC0A0344,2023-09-03,21:39:37,29.6,100.0,6.0,24.960122,121.178153
08BEAC0A0678,2023-09-03,21:39:51,27.2,100.0,0.0,23.139376,120.138374
08BEAC0A0226,2023-09-03,21:40:27,27.2,100.0,0.0,23.2174825,120.365091
08BEAC0A0480,2023-09-03,21:40:29,30.3,100.0,0.0,23.190069,120.192365
08BEAC0A080E,2023-09-03,21:40:32,31.7,100.0,0.0,23.158097,120.170618
08BEAC0A0040,2023-09-03,21:40:46,28.5,100.0,0.0,22.99133,120.230478
08BEAC0A0880,2023-09-03,21:41:05,27.7,100.0,2.0,23.7224119,120.3083761
08BEAC0A0340,2023-09-03,21:41:12,27.7,100.0,4.0,22.9193352,120.2170451
08BEAC0A01AA,2023-09-03,21:41:17,30.7,91.0,7.0,24.9751,121.269826
08BEAC0A0464,2023-09-03,21:41:22,27.6,100.0,1.0,22.989813,120.203024
08BEAC0A0398,2023-09-03,21:41:41,30.0,100.0,2.0,24.1494507,120.6816876
08BEAC0A084E,2023-09-03,21:41:49,30.6,100.0,4.0,24.9785086,121.3061612
08BEAC0A089E,2023-09-03,21:42:01,27.0,100.0,0.0,23.12107103,120.4585091
08BEAC0A085E,2023-09-03,21:42:08,27.7,100.0,0.0,23.1427276,120.2731514
08BEAC0A04EC,2023-09-03,21:42:18,29.1,100.0,6.0,24.936085,121.223586
08BEAC0A05AC,2023-09-03,21:43:11,27.0,100.0,1.0,22.912748,120.261227
08BEAC0A0774,2023-09-03,21:43:12,27.3,100.0,0.0,22.992411,120.294135
08BEAC0A0156,2023-09-03,21:43:24,28.5,100.0,0.0,24.0838267,120.752756
08BEAC0A0218,2023-09-03,21:43:52,27.1,100.0,1.0,23.6869687,120.5865383
08BEAC0A0742,2023-09-03,21:44:04,27.6,100.0,2.0,23.003578,120.240161
08BEAC0A06A6,2023-09-03,21:44:31,27.7,100.0,2.0,22.977305,120.186438
08BEAC0A0830,2023-09-03,21:44:40,26.8,100.0,0.0,22.956295,120.248057
08BEAC0A0050,2023-09-03,21:44:43,19.8,100.0,0.0,24.255411,121.259081
08BEAC0A019A,2023-09-03,21:44:49,29.1,100.0,0.0,23.3199,120.34515
08BEAC0A0344,2023-09-03,21:44:53,29.6,100.0,6.0,24.960122,121.178153
08BEAC0A07A2,2023-09-03,21:44:53,30.7,100.0,7.0,25.10392038,121.2447143
08BEAC0A0678,2023-09-03,21:45:10,27.5,100.0,2.0,23.139376,120.138374
08BEAC0A0226,2023-09-03,21:45:42,27.3,100.0,0.0,23.2174825,120.365091
08BEAC0A0480,2023-09-03,21:45:46,30.5,100.0,0.0,23.190069,120.192365
08BEAC0A080E,2023-09-03,21:45:48,31.7,100.0,0.0,23.158097,120.170618
08BEAC0A0040,2023-09-03,21:46:04,28.5,100.0,0.0,22.99133,120.230478
08BEAC0A0880,2023-09-03,21:46:24,27.8,100.0,3.0,23.7224119,120.3083761
08BEAC0A0340,2023-09-03,21:46:28,27.6,100.0,4.0,22.9193352,120.2170451
08BEAC0A01AA,2023-09-03,21:46:34,30.7,91.0,8.0,24.9751,121.269826
08BEAC0A0464,2023-09-03,21:46:43,27.5,100.0,1.0,22.989813,120.203024
08BEAC0A0398,2023-09-03,21:46:57,30.0,100.0,2.0,24.1494507,120.6816876
08BEAC0A084E,2023-09-03,21:47:08,30.6,100.0,4.0,24.9785086,121.3061612
08BEAC0A089E,2023-09-03,21:47:16,27.0,100.0,0.0,23.12107103,120.4585091
08BEAC0A085E,2023-09-03,21:47:26,27.7,100.0,0.0,23.1427276,120.2731514
08BEAC0A04EC,2023-09-03,21:47:35,29.1,100.0,5.0,24.936085,121.223586
08BEAC0A0826,2023-09-03,21:48:20,27.1,100.0,0.0,23.0865158,120.3191882
08BEAC0A05AC,2023-09-03,21:48:29,26.7,100.0,0.0,22.912748,120.261227
08BEAC0A0774,2023-09-03,21:48:31,27.2,100.0,0.0,22.992411,120.294135
08BEAC0A0156,2023-09-03,21:48:43,28.5,100.0,0.0,24.0838267,120.752756
08BEAC0A0218,2023-09-03,21:49:10,27.1,100.0,1.0,23.6869687,120.5865383
08BEAC0A0742,2023-09-03,21:49:29,27.2,100.0,3.0,23.003578,120.240161
08BEAC0A06A6,2023-09-03,21:49:47,27.3,100.0,2.0,22.977305,120.186438
08BEAC0A0050,2023-09-03,21:49:58,19.7,100.0,0.0,24.255411,121.259081
08BEAC0A019A,2023-09-03,21:50:06,29.1,100.0,0.0,23.3199,120.34515
08BEAC0A07A2,2023-09-03,21:50:09,30.7,100.0,7.0,25.10392038,121.2447143
08BEAC0A0344,2023-09-03,21:50:10,29.7,100.0,6.0,24.960122,121.178153
08BEAC0A0830,2023-09-03,21:50:11,26.8,100.0,0.0,22.956295,120.248057
08BEAC0A0678,2023-09-03,21:50:27,27.7,100.0,1.0,23.139376,120.138374
08BEAC0A0226,2023-09-03,21:50:59,27.3,100.0,0.0,23.2174825,120.365091
08BEAC0A0480,2023-09-03,21:51:04,30.5,100.0,1.0,23.190069,120.192365
08BEAC0A080E,2023-09-03,21:51:10,31.7,100.0,0.0,23.158097,120.170618
08BEAC0A0040,2023-09-03,21:51:22,28.2,100.0,0.0,22.99133,120.230478
08BEAC0A0880,2023-09-03,21:51:43,28.0,100.0,2.0,23.7224119,120.3083761
08BEAC0A0340,2023-09-03,21:51:47,27.5,100.0,3.0,22.9193352,120.2170451
08BEAC0A01AA,2023-09-03,21:51:50,30.7,91.0,8.0,24.9751,121.269826
08BEAC0A0464,2023-09-03,21:52:04,27.2,100.0,2.0,22.989813,120.203024
08BEAC0A0398,2023-09-03,21:52:13,29.8,100.0,2.0,24.1494507,120.6816876
08BEAC0A084E,2023-09-03,21:52:26,30.6,100.0,3.0,24.9785086,121.3061612
08BEAC0A089E,2023-09-03,21:52:33,27.1,100.0,0.0,23.12107103,120.4585091
08BEAC0A085E,2023-09-03,21:52:41,27.5,100.0,0.0,23.1427276,120.2731514
08BEAC0A04EC,2023-09-03,21:52:52,29.0,100.0,6.0,24.936085,121.223586
08BEAC0A0826,2023-09-03,21:53:38,27.1,100.0,0.0,23.0865158,120.3191882
08BEAC0A05AC,2023-09-03,21:53:46,26.7,100.0,0.0,22.912748,120.261227
08BEAC0A0774,2023-09-03,21:53:50,27.0,100.0,1.0,22.992411,120.294135
08BEAC0A0156,2023-09-03,21:54:01,28.5,100.0,0.0,24.0838267,120.752756
08BEAC0A0218,2023-09-03,21:54:25,27.1,100.0,1.0,23.6869687,120.5865383
08BEAC0A0742,2023-09-03,21:54:51,27.0,100.0,2.0,23.003578,120.240161
08BEAC0A06A6,2023-09-03,21:55:06,27.3,100.0,1.0,22.977305,120.186438
08BEAC0A0050,2023-09-03,21:55:15,20.0,100.0,0.0,24.255411,121.259081
08BEAC0A019A,2023-09-03,21:55:23,29.1,100.0,0.0,23.3199,120.34515
08BEAC0A07A2,2023-09-03,21:55:25,30.6,100.0,6.0,25.10392038,121.2447143
08BEAC0A0830,2023-09-03,21:55:28,26.8,100.0,0.0,22.956295,120.248057
08BEAC0A0344,2023-09-03,21:55:29,29.6,100.0,6.0,24.960122,121.178153
08BEAC0A0678,2023-09-03,21:55:45,27.7,100.0,0.0,23.139376,120.138374
08BEAC0A0226,2023-09-03,21:56:16,27.5,100.0,0.0,23.2174825,120.365091
08BEAC0A0480,2023-09-03,21:56:20,30.3,100.0,0.0,23.190069,120.192365
08BEAC0A080E,2023-09-03,21:56:29,31.8,100.0,0.0,23.158097,120.170618
08BEAC0A0040,2023-09-03,21:56:40,28.1,100.0,0.0,22.99133,120.230478
08BEAC0A0880,2023-09-03,21:57:00,28.0,100.0,3.0,23.7224119,120.3083761
08BEAC0A0340,2023-09-03,21:57:03,27.3,100.0,1.0,22.9193352,120.2170451
08BEAC0A01AA,2023-09-03,21:57:06,30.8,91.0,6.0,24.9751,121.269826
08BEAC0A0464,2023-09-03,21:57:24,27.1,100.0,1.0,22.989813,120.203024
08BEAC0A0398,2023-09-03,21:57:32,29.8,100.0,2.0,24.1494507,120.6816876
08BEAC0A084E,2023-09-03,21:57:45,30.6,100.0,3.0,24.9785086,121.3061612
08BEAC0A089E,2023-09-03,21:57:50,27.2,100.0,0.0,23.12107103,120.4585091
08BEAC0A085E,2023-09-03,21:57:58,27.6,100.0,0.0,23.1427276,120.2731514
08BEAC0A04EC,2023-09-03,21:58:09,28.8,100.0,4.0,24.936085,121.223586
08BEAC0A0826,2023-09-03,21:58:55,27.5,100.0,0.0,23.0865158,120.3191882
08BEAC0A05AC,2023-09-03,21:59:07,26.7,100.0,0.0,22.912748,120.261227
08BEAC0A0774,2023-09-03,21:59:08,26.7,100.0,0.0,22.992411,120.294135
08BEAC0A0156,2023-09-03,21:59:18,28.5,100.0,0.0,24.0838267,120.752756
08BEAC0A0218,2023-09-03,21:59:40,27.2,100.0,1.0,23.6869687,120.5865383
08BEAC0A0742,2023-09-03,22:00:10,26.7,100.0,1.0,23.003578,120.240161
08BEAC0A06A6,2023-09-03,22:00:22,27.3,100.0,3.0,22.977305,120.186438
08BEAC0A0050,2023-09-03,22:00:34,20.1,100.0,0.0,24.255411,121.259081
08BEAC0A019A,2023-09-03,22:00:39,29.2,100.0,1.0,23.3199,120.34515
08BEAC0A07A2,2023-09-03,22:00:43,30.6,100.0,6.0,25.10392038,121.2447143
08BEAC0A0344,2023-09-03,22:00:46,29.5,100.0,6.0,24.960122,121.178153
08BEAC0A0830,2023-09-03,22:00:46,26.7,100.0,0.0,22.956295,120.248057
08BEAC0A0678,2023-09-03,22:01:01,27.7,100.0,0.0,23.139376,120.138374
08BEAC0A0226,2023-09-03,22:01:33,27.5,100.0,0.0,23.2174825,120.365091
08BEAC0A0480,2023-09-03,22:01:39,30.5,100.0,0.0,23.190069,120.192365
08BEAC0A080E,2023-09-03,22:01:46,31.8,100.0,0.0,23.158097,120.170618
08BEAC0A0040,2023-09-03,22:01:57,28.0,100.0,0.0,22.99133,120.230478
08BEAC0A0880,2023-09-03,22:02:17,28.0,100.0,3.0,23.7224119,120.3083761
08BEAC0A0340,2023-09-03,22:02:19,26.8,100.0,1.0,22.9193352,120.2170451
08BEAC0A01AA,2023-09-03,22:02:22,30.8,91.0,5.0,24.9751,121.269826
08BEAC0A0464,2023-09-03,22:02:41,26.8,100.0,3.0,22.989813,120.203024
08BEAC0A0398,2023-09-03,22:02:51,29.8,100.0,8.0,24.1494507,120.6816876
08BEAC0A084E,2023-09-03,22:03:02,30.6,100.0,4.0,24.9785086,121.3061612
08BEAC0A089E,2023-09-03,22:03:06,27.2,100.0,0.0,23.12107103,120.4585091
08BEAC0A085E,2023-09-03,22:03:14,27.8,100.0,0.0,23.1427276,120.2731514
08BEAC0A04EC,2023-09-03,22:03:28,28.8,100.0,3.0,24.936085,121.223586
08BEAC0A0826,2023-09-03,22:04:12,27.5,100.0,0.0,23.0865158,120.3191882
08BEAC0A05AC,2023-09-03,22:04:24,26.7,100.0,0.0,22.912748,120.261227
08BEAC0A0774,2023-09-03,22:04:25,26.7,100.0,0.0,22.992411,120.294135
08BEAC0A0156,2023-09-03,22:04:35,28.6,100.0,0.0,24.0838267,120.752756
08BEAC0A0218,2023-09-03,22:04:59,27.2,100.0,1.0,23.6869687,120.5865383
08BEAC0A0742,2023-09-03,22:05:27,26.6,100.0,1.0,23.003578,120.240161
08BEAC0A06A6,2023-09-03,22:05:38,27.3,100.0,7.0,22.977305,120.186438
08BEAC0A0050,2023-09-03,22:05:50,19.8,100.0,0.0,24.255411,121.259081
08BEAC0A019A,2023-09-03,22:05:54,29.1,100.0,1.0,23.3199,120.34515
08BEAC0A07A2,2023-09-03,22:05:58,30.7,100.0,6.0,25.10392038,121.2447143
08BEAC0A0344,2023-09-03,22:06:02,29.3,100.0,5.0,24.960122,121.178153
08BEAC0A0830,2023-09-03,22:06:02,27.0,100.0,0.0,22.956295,120.248057
08BEAC0A0678,2023-09-03,22:06:16,27.6,100.0,1.0,23.139376,120.138374
08BEAC0A0480,2023-09-03,22:06:56,30.3,100.0,0.0,23.190069,120.192365
08BEAC0A080E,2023-09-03,22:07:04,31.8,100.0,0.0,23.158097,120.170618
08BEAC0A0040,2023-09-03,22:07:13,28.0,100.0,0.0,22.99133,120.230478
08BEAC0A0880,2023-09-03,22:07:35,28.1,100.0,4.0,23.7224119,120.3083761
08BEAC0A0340,2023-09-03,22:07:36,26.8,100.0,0.0,22.9193352,120.2170451
08BEAC0A01AA,2023-09-03,22:07:37,30.8,91.0,5.0,24.9751,121.269826
08BEAC0A0464,2023-09-03,22:08:00,27.0,100.0,3.0,22.989813,120.203024
08BEAC0A0398,2023-09-03,22:08:07,30.0,100.0,18.0,24.1494507,120.6816876
08BEAC0A084E,2023-09-03,22:08:18,30.5,100.0,3.0,24.9785086,121.3061612
08BEAC0A089E,2023-09-03,22:08:22,27.2,100.0,0.0,23.12107103,120.4585091
08BEAC0A085E,2023-09-03,22:08:31,27.8,100.0,0.0,23.1427276,120.2731514
08BEAC0A04EC,2023-09-03,22:08:44,28.8,100.0,3.0,24.936085,121.223586
08BEAC0A0826,2023-09-03,22:09:30,27.5,100.0,0.0,23.0865158,120.3191882
08BEAC0A0774,2023-09-03,22:09:43,26.8,100.0,1.0,22.992411,120.294135
08BEAC0A0156,2023-09-03,22:09:52,28.5,100.0,0.0,24.0838267,120.752756
08BEAC0A0218,2023-09-03,22:10:17,27.5,100.0,1.0,23.6869687,120.5865383
08BEAC0A06A6,2023-09-03,22:10:56,27.5,100.0,6.0,22.977305,120.186438
08BEAC0A0742,2023-09-03,22:10:59,26.6,100.0,0.0,23.003578,120.240161
08BEAC0A0050,2023-09-03,22:11:06,20.3,100.0,0.0,24.255411,121.259081
08BEAC0A019A,2023-09-03,22:11:11,29.1,100.0,0.0,23.3199,120.34515
08BEAC0A07A2,2023-09-03,22:11:17,30.5,100.0,6.0,25.10392038,121.2447143
08BEAC0A0344,2023-09-03,22:11:18,29.3,100.0,5.0,24.960122,121.178153
08BEAC0A0830,2023-09-03,22:11:19,27.2,100.0,0.0,22.956295,120.248057
08BEAC0A0678,2023-09-03,22:11:32,27.5,100.0,2.0,23.139376,120.138374
08BEAC0A0480,2023-09-03,22:12:14,30.5,100.0,1.0,23.190069,120.192365
08BEAC0A080E,2023-09-03,22:12:22,31.8,100.0,0.0,23.158097,120.170618
08BEAC0A0040,2023-09-03,22:12:30,27.8,100.0,0.0,22.99133,120.230478
08BEAC0A0340,2023-09-03,22:12:52,27.0,100.0,1.0,22.9193352,120.2170451
08BEAC0A0880,2023-09-03,22:12:52,28.2,100.0,4.0,23.7224119,120.3083761
08BEAC0A01AA,2023-09-03,22:12:54,30.8,92.0,5.0,24.9751,121.269826
08BEAC0A0464,2023-09-03,22:13:22,26.6,100.0,1.0,22.989813,120.203024
08BEAC0A0398,2023-09-03,22:13:28,30.0,100.0,12.0,24.1494507,120.6816876
08BEAC0A084E,2023-09-03,22:13:34,30.6,100.0,3.0,24.9785086,121.3061612
08BEAC0A089E,2023-09-03,22:13:40,27.0,100.0,0.0,23.12107103,120.4585091
08BEAC0A085E,2023-09-03,22:13:48,27.8,100.0,0.0,23.1427276,120.2731514
08BEAC0A04EC,2023-09-03,22:14:00,28.7,100.0,6.0,24.936085,121.223586
08BEAC0A0826,2023-09-03,22:14:47,27.5,100.0,0.0,23.0865158,120.3191882
08BEAC0A0774,2023-09-03,22:15:00,26.8,100.0,0.0,22.992411,120.294135
08BEAC0A0156,2023-09-03,22:15:09,28.5,100.0,0.0,24.0838267,120.752756
08BEAC0A05AC,2023-09-03,22:15:31,27.0,100.0,0.0,22.912748,120.261227
08BEAC0A0218,2023-09-03,22:15:33,27.6,100.0,1.0,23.6869687,120.5865383
08BEAC0A06A6,2023-09-03,22:16:14,27.5,100.0,3.0,22.977305,120.186438
08BEAC0A0742,2023-09-03,22:16:16,26.8,100.0,0.0,23.003578,120.240161
08BEAC0A0050,2023-09-03,22:16:23,20.3,100.0,0.0,24.255411,121.259081
08BEAC0A019A,2023-09-03,22:16:27,29.1,100.0,0.0,23.3199,120.34515
08BEAC0A0344,2023-09-03,22:16:34,29.5,100.0,4.0,24.960122,121.178153
08BEAC0A0830,2023-09-03,22:16:37,27.5,100.0,0.0,22.956295,120.248057
08BEAC0A07A2,2023-09-03,22:16:46,30.5,100.0,5.0,25.10392038,121.2447143
08BEAC0A0678,2023-09-03,22:16:49,27.5,100.0,3.0,23.139376,120.138374
08BEAC0A0480,2023-09-03,22:17:31,30.5,100.0,2.0,23.190069,120.192365
08BEAC0A080E,2023-09-03,22:17:39,31.8,100.0,0.0,23.158097,120.170618
08BEAC0A0040,2023-09-03,22:17:47,27.8,100.0,0.0,22.99133,120.230478
08BEAC0A0340,2023-09-03,22:18:07,27.2,100.0,0.0,22.9193352,120.2170451
08BEAC0A01AA,2023-09-03,22:18:11,30.7,92.0,4.0,24.9751,121.269826
08BEAC0A0880,2023-09-03,22:18:11,28.3,100.0,4.0,23.7224119,120.3083761
08BEAC0A0464,2023-09-03,22:18:42,26.6,100.0,0.0,22.989813,120.203024
08BEAC0A0398,2023-09-03,22:18:45,30.0,100.0,6.0,24.1494507,120.6816876
08BEAC0A084E,2023-09-03,22:18:52,30.6,100.0,3.0,24.9785086,121.3061612
08BEAC0A089E,2023-09-03,22:18:57,26.8,100.0,0.0,23.12107103,120.4585091
08BEAC0A085E,2023-09-03,22:19:04,28.0,100.0,0.0,23.1427276,120.2731514
08BEAC0A04EC,2023-09-03,22:19:16,28.8,100.0,4.0,24.936085,121.223586
08BEAC0A0826,2023-09-03,22:20:02,27.5,100.0,0.0,23.0865158,120.3191882
08BEAC0A0774,2023-09-03,22:20:19,27.0,100.0,0.0,22.992411,120.294135
08BEAC0A0156,2023-09-03,22:20:27,28.6,100.0,0.0,24.0838267,120.752756
08BEAC0A0218,2023-09-03,22:20:50,27.6,100.0,1.0,23.6869687,120.5865383
08BEAC0A05AC,2023-09-03,22:20:50,26.8,100.0,0.0,22.912748,120.261227
08BEAC0A06A6,2023-09-03,22:21:33,27.5,100.0,2.0,22.977305,120.186438
08BEAC0A0050,2023-09-03,22:21:38,20.7,100.0,0.0,24.255411,121.259081
08BEAC0A0742,2023-09-03,22:21:39,27.0,100.0,0.0,23.003578,120.240161
08BEAC0A019A,2023-09-03,22:21:45,29.1,100.0,0.0,23.3199,120.34515
08BEAC0A0344,2023-09-03,22:21:50,29.3,100.0,4.0,24.960122,121.178153
08BEAC0A0830,2023-09-03,22:21:53,27.7,100.0,0.0,22.956295,120.248057
08BEAC0A07A2,2023-09-03,22:22:03,30.1,100.0,5.0,25.10392038,121.2447143
08BEAC0A0678,2023-09-03,22:22:04,27.5,100.0,4.0,23.139376,120.138374
08BEAC0A0480,2023-09-03,22:22:46,30.3,100.0,0.0,23.190069,120.192365
08BEAC0A080E,2023-09-03,22:22:54,31.8,100.0,0.0,23.158097,120.170618
08BEAC0A0340,2023-09-03,22:23:25,27.3,100.0,0.0,22.9193352,120.2170451
08BEAC0A01AA,2023-09-03,22:23:29,30.5,93.0,3.0,24.9751,121.269826
08BEAC0A0880,2023-09-03,22:23:29,28.2,100.0,4.0,23.7224119,120.3083761
08BEAC0A0398,2023-09-03,22:24:03,30.1,100.0,4.0,24.1494507,120.6816876
08BEAC0A0464,2023-09-03,22:24:04,26.6,100.0,0.0,22.989813,120.203024
08BEAC0A084E,2023-09-03,22:24:09,30.5,100.0,3.0,24.9785086,121.3061612
08BEAC0A089E,2023-09-03,22:24:13,27.1,100.0,0.0,23.12107103,120.4585091
08BEAC0A085E,2023-09-03,22:24:21,28.0,100.0,0.0,23.1427276,120.2731514
08BEAC0A04EC,2023-09-03,22:24:35,28.7,100.0,3.0,24.936085,121.223586
08BEAC0A0826,2023-09-03,22:25:19,27.5,100.0,0.0,23.0865158,120.3191882
08BEAC0A0774,2023-09-03,22:25:35,26.8,100.0,0.0,22.992411,120.294135
08BEAC0A0156,2023-09-03,22:25:44,28.6,100.0,0.0,24.0838267,120.752756
08BEAC0A0218,2023-09-03,22:26:05,27.6,100.0,1.0,23.6869687,120.5865383
08BEAC0A05AC,2023-09-03,22:26:10,27.0,100.0,0.0,22.912748,120.261227
08BEAC0A06A6,2023-09-03,22:26:50,27.6,100.0,2.0,22.977305,120.186438
08BEAC0A0050,2023-09-03,22:26:54,20.8,100.0,0.0,24.255411,121.259081
08BEAC0A0742,2023-09-03,22:26:57,27.0,100.0,0.0,23.003578,120.240161
08BEAC0A019A,2023-09-03,22:27:04,29.2,100.0,0.0,23.3199,120.34515
08BEAC0A0344,2023-09-03,22:27:07,29.3,100.0,4.0,24.960122,121.178153
08BEAC0A0830,2023-09-03,22:27:10,27.7,100.0,0.0,22.956295,120.248057
08BEAC0A0678,2023-09-03,22:27:21,27.5,100.0,2.0,23.139376,120.138374
08BEAC0A07A2,2023-09-03,22:27:21,30.2,100.0,4.0,25.10392038,121.2447143
08BEAC0A0480,2023-09-03,22:28:03,30.3,100.0,0.0,23.190069,120.192365
08BEAC0A080E,2023-09-03,22:28:10,31.8,100.0,0.0,23.158097,120.170618
08BEAC0A0040,2023-09-03,22:28:14,27.8,100.0,0.0,22.99133,120.230478
08BEAC0A0340,2023-09-03,22:28:42,27.2,100.0,1.0,22.9193352,120.2170451
08BEAC0A01AA,2023-09-03,22:28:46,30.5,94.0,3.0,24.9751,121.269826
08BEAC0A0880,2023-09-03,22:28:47,28.1,100.0,4.0,23.7224119,120.3083761
08BEAC0A0398,2023-09-03,22:29:22,30.2,100.0,3.0,24.1494507,120.6816876
08BEAC0A0464,2023-09-03,22:29:23,27.0,100.0,0.0,22.989813,120.203024
08BEAC0A084E,2023-09-03,22:29:29,30.5,100.0,3.0,24.9785086,121.3061612
08BEAC0A089E,2023-09-03,22:29:30,27.1,100.0,0.0,23.12107103,120.4585091
08BEAC0A085E,2023-09-03,22:29:36,28.0,100.0,0.0,23.1427276,120.2731514
08BEAC0A04EC,2023-09-03,22:29:52,28.7,100.0,2.0,24.936085,121.223586
08BEAC0A0826,2023-09-03,22:30:36,27.6,100.0,0.0,23.0865158,120.3191882
08BEAC0A0774,2023-09-03,22:30:51,26.8,100.0,0.0,22.992411,120.294135
08BEAC0A0156,2023-09-03,22:31:00,28.6,100.0,0.0,24.0838267,120.752756
08BEAC0A0218,2023-09-03,22:31:23,27.5,100.0,1.0,23.6869687,120.5865383
08BEAC0A05AC,2023-09-03,22:31:29,27.0,100.0,0.0,22.912748,120.261227
08BEAC0A06A6,2023-09-03,22:32:07,27.6,100.0,1.0,22.977305,120.186438
08BEAC0A0050,2023-09-03,22:32:14,20.5,100.0,0.0,24.255411,121.259081
08BEAC0A019A,2023-09-03,22:32:21,29.2,100.0,0.0,23.3199,120.34515
08BEAC0A0742,2023-09-03,22:32:24,27.1,100.0,0.0,23.003578,120.240161
08BEAC0A0344,2023-09-03,22:32:25,29.3,100.0,4.0,24.960122,121.178153
08BEAC0A0830,2023-09-03,22:32:28,27.7,100.0,0.0,22.956295,120.248057
08BEAC0A0678,2023-09-03,22:32:36,27.5,100.0,2.0,23.139376,120.138374
08BEAC0A07A2,2023-09-03,22:32:41,30.0,100.0,4.0,25.10392038,121.2447143
08BEAC0A0480,2023-09-03,22:33:19,30.2,100.0,1.0,23.190069,120.192365
08BEAC0A080E,2023-09-03,22:33:26,31.7,100.0,0.0,23.158097,120.170618
08BEAC0A0040,2023-09-03,22:33:32,28.0,100.0,0.0,22.99133,120.230478
08BEAC0A0340,2023-09-03,22:33:58,27.3,100.0,0.0,22.9193352,120.2170451
08BEAC0A01AA,2023-09-03,22:34:02,30.5,94.0,3.0,24.9751,121.269826
08BEAC0A0880,2023-09-03,22:34:07,28.1,100.0,5.0,23.7224119,120.3083761
08BEAC0A0398,2023-09-03,22:34:39,30.2,100.0,3.0,24.1494507,120.6816876
08BEAC0A0464,2023-09-03,22:34:43,27.0,100.0,0.0,22.989813,120.203024
08BEAC0A084E,2023-09-03,22:34:45,30.5,100.0,3.0,24.9785086,121.3061612
08BEAC0A089E,2023-09-03,22:34:45,26.7,100.0,0.0,23.12107103,120.4585091
08BEAC0A085E,2023-09-03,22:34:52,28.1,100.0,0.0,23.1427276,120.2731514
08BEAC0A04EC,2023-09-03,22:35:07,28.6,100.0,2.0,24.936085,121.223586
08BEAC0A0826,2023-09-03,22:35:51,27.6,100.0,0.0,23.0865158,120.3191882
08BEAC0A0774,2023-09-03,22:36:07,26.8,100.0,0.0,22.992411,120.294135
08BEAC0A0156,2023-09-03,22:36:18,28.6,100.0,0.0,24.0838267,120.752756
08BEAC0A0218,2023-09-03,22:36:42,27.6,100.0,1.0,23.6869687,120.5865383
08BEAC0A05AC,2023-09-03,22:36:46,27.0,100.0,0.0,22.912748,120.261227
08BEAC0A06A6,2023-09-03,22:37:25,27.6,100.0,2.0,22.977305,120.186438
08BEAC0A0050,2023-09-03,22:37:29,19.6,100.0,0.0,24.255411,121.259081
08BEAC0A019A,2023-09-03,22:37:38,29.2,100.0,0.0,23.3199,120.34515
08BEAC0A0344,2023-09-03,22:37:42,29.3,100.0,3.0,24.960122,121.178153
08BEAC0A0742,2023-09-03,22:37:46,26.7,100.0,0.0,23.003578,120.240161
08BEAC0A0830,2023-09-03,22:37:47,28.0,100.0,0.0,22.956295,120.248057
08BEAC0A0678,2023-09-03,22:37:52,27.5,100.0,2.0,23.139376,120.138374
08BEAC0A07A2,2023-09-03,22:37:56,30.2,100.0,3.0,25.10392038,121.2447143
08BEAC0A0480,2023-09-03,22:38:35,30.1,100.0,0.0,23.190069,120.192365
08BEAC0A080E,2023-09-03,22:38:43,31.7,100.0,0.0,23.158097,120.170618
08BEAC0A0040,2023-09-03,22:38:52,28.0,100.0,0.0,22.99133,120.230478
08BEAC0A0340,2023-09-03,22:39:14,27.3,100.0,0.0,22.9193352,120.2170451
08BEAC0A01AA,2023-09-03,22:39:19,30.5,94.0,2.0,24.9751,121.269826
08BEAC0A0880,2023-09-03,22:39:25,28.2,100.0,6.0,23.7224119,120.3083761
08BEAC0A0226,2023-09-03,22:39:45,27.3,100.0,0.0,23.2174825,120.365091
08BEAC0A0398,2023-09-03,22:39:56,30.1,100.0,2.0,24.1494507,120.6816876
08BEAC0A084E,2023-09-03,22:40:02,30.5,100.0,3.0,24.9785086,121.3061612
08BEAC0A089E,2023-09-03,22:40:03,27.0,100.0,0.0,23.12107103,120.4585091
08BEAC0A0464,2023-09-03,22:40:05,27.0,100.0,0.0,22.989813,120.203024
08BEAC0A085E,2023-09-03,22:40:09,28.1,100.0,0.0,23.1427276,120.2731514
08BEAC0A04EC,2023-09-03,22:40:24,28.6,100.0,2.0,24.936085,121.223586
08BEAC0A0826,2023-09-03,22:41:07,27.6,100.0,0.0,23.0865158,120.3191882
08BEAC0A0774,2023-09-03,22:41:26,26.8,100.0,0.0,22.992411,120.294135
08BEAC0A0156,2023-09-03,22:41:35,28.7,100.0,0.0,24.0838267,120.752756
08BEAC0A0218,2023-09-03,22:41:59,27.6,100.0,1.0,23.6869687,120.5865383
08BEAC0A05AC,2023-09-03,22:42:03,27.0,100.0,0.0,22.912748,120.261227
08BEAC0A06A6,2023-09-03,22:42:43,27.6,100.0,1.0,22.977305,120.186438
08BEAC0A0050,2023-09-03,22:42:47,20.0,100.0,0.0,24.255411,121.259081
08BEAC0A019A,2023-09-03,22:42:53,29.1,100.0,0.0,23.3199,120.34515
08BEAC0A0344,2023-09-03,22:42:59,29.2,100.0,2.0,24.960122,121.178153
08BEAC0A0742,2023-09-03,22:43:04,26.8,100.0,0.0,23.003578,120.240161
08BEAC0A0830,2023-09-03,22:43:07,27.8,100.0,0.0,22.956295,120.248057
08BEAC0A0678,2023-09-03,22:43:08,27.6,100.0,3.0,23.139376,120.138374
08BEAC0A07A2,2023-09-03,22:43:12,30.2,100.0,3.0,25.10392038,121.2447143
08BEAC0A0480,2023-09-03,22:43:52,30.1,100.0,1.0,23.190069,120.192365
08BEAC0A080E,2023-09-03,22:44:00,31.6,100.0,0.0,23.158097,120.170618
08BEAC0A0040,2023-09-03,22:44:10,28.1,100.0,0.0,22.99133,120.230478
08BEAC0A0340,2023-09-03,22:44:31,27.5,100.0,0.0,22.9193352,120.2170451
08BEAC0A01AA,2023-09-03,22:44:36,30.3,95.0,2.0,24.9751,121.269826
08BEAC0A0880,2023-09-03,22:44:42,28.3,100.0,5.0,23.7224119,120.3083761
08BEAC0A0226,2023-09-03,22:45:04,27.2,100.0,0.0,23.2174825,120.365091
08BEAC0A0398,2023-09-03,22:45:14,30.2,100.0,2.0,24.1494507,120.6816876
08BEAC0A084E,2023-09-03,22:45:17,30.5,100.0,3.0,24.9785086,121.3061612
08BEAC0A089E,2023-09-03,22:45:20,26.8,100.0,0.0,23.12107103,120.4585091
08BEAC0A0464,2023-09-03,22:45:25,27.0,100.0,0.0,22.989813,120.203024
08BEAC0A085E,2023-09-03,22:45:26,28.2,100.0,0.0,23.1427276,120.2731514
08BEAC0A04EC,2023-09-03,22:45:43,28.6,100.0,2.0,24.936085,121.223586
08BEAC0A0826,2023-09-03,22:46:24,27.6,100.0,0.0,23.0865158,120.3191882
08BEAC0A0774,2023-09-03,22:46:41,27.0,100.0,0.0,22.992411,120.294135
08BEAC0A0156,2023-09-03,22:46:54,28.7,100.0,0.0,24.0838267,120.752756
08BEAC0A0218,2023-09-03,22:47:16,27.6,100.0,1.0,23.6869687,120.5865383
08BEAC0A05AC,2023-09-03,22:47:21,27.1,100.0,0.0,22.912748,120.261227
08BEAC0A06A6,2023-09-03,22:48:00,27.6,100.0,0.0,22.977305,120.186438
08BEAC0A0050,2023-09-03,22:48:04,20.1,100.0,0.0,24.255411,121.259081
08BEAC0A019A,2023-09-03,22:48:09,29.0,100.0,0.0,23.3199,120.34515
08BEAC0A0344,2023-09-03,22:48:15,29.2,100.0,2.0,24.960122,121.178153
08BEAC0A0742,2023-09-03,22:48:22,26.8,100.0,0.0,23.003578,120.240161
08BEAC0A0830,2023-09-03,22:48:23,27.8,100.0,0.0,22.956295,120.248057
08BEAC0A0678,2023-09-03,22:48:25,27.7,100.0,2.0,23.139376,120.138374
08BEAC0A07A2,2023-09-03,22:48:32,30.2,100.0,3.0,25.10392038,121.2447143
08BEAC0A0480,2023-09-03,22:49:09,30.1,100.0,0.0,23.190069,120.192365
08BEAC0A080E,2023-09-03,22:49:16,31.6,100.0,0.0,23.158097,120.170618
08BEAC0A0040,2023-09-03,22:49:26,28.2,100.0,0.0,22.99133,120.230478
08BEAC0A0340,2023-09-03,22:49:46,27.3,100.0,0.0,22.9193352,120.2170451
08BEAC0A01AA,2023-09-03,22:49:51,30.2,95.0,2.0,24.9751,121.269826
08BEAC0A0880,2023-09-03,22:49:58,28.3,100.0,5.0,23.7224119,120.3083761
08BEAC0A0226,2023-09-03,22:50:22,27.2,100.0,0.0,23.2174825,120.365091
08BEAC0A0398,2023-09-03,22:50:30,30.2,100.0,2.0,24.1494507,120.6816876
08BEAC0A084E,2023-09-03,22:50:35,30.3,100.0,3.0,24.9785086,121.3061612
08BEAC0A089E,2023-09-03,22:50:35,26.7,100.0,0.0,23.12107103,120.4585091
08BEAC0A085E,2023-09-03,22:50:41,28.2,100.0,0.0,23.1427276,120.2731514
08BEAC0A0464,2023-09-03,22:50:44,27.1,100.0,0.0,22.989813,120.203024
08BEAC0A04EC,2023-09-03,22:51:01,28.5,100.0,1.0,24.936085,121.223586
08BEAC0A0826,2023-09-03,22:51:41,27.7,100.0,0.0,23.0865158,120.3191882
08BEAC0A0774,2023-09-03,22:51:57,27.0,100.0,0.0,22.992411,120.294135
08BEAC0A0156,2023-09-03,22:52:12,28.7,100.0,0.0,24.0838267,120.752756
08BEAC0A0218,2023-09-03,22:52:34,27.7,100.0,2.0,23.6869687,120.5865383
08BEAC0A05AC,2023-09-03,22:52:40,27.1,100.0,0.0,22.912748,120.261227
08BEAC0A06A6,2023-09-03,22:53:19,27.7,100.0,0.0,22.977305,120.186438
08BEAC0A0050,2023-09-03,22:53:20,20.1,100.0,0.0,24.255411,121.259081
08BEAC0A019A,2023-09-03,22:53:26,28.8,100.0,0.0,23.3199,120.34515
08BEAC0A0344,2023-09-03,22:53:34,29.2,100.0,2.0,24.960122,121.178153
08BEAC0A0742,2023-09-03,22:53:41,26.8,100.0,0.0,23.003578,120.240161
08BEAC0A0830,2023-09-03,22:53:41,27.8,100.0,0.0,22.956295,120.248057
08BEAC0A0678,2023-09-03,22:53:42,27.7,100.0,2.0,23.139376,120.138374
08BEAC0A07A2,2023-09-03,22:53:53,30.2,100.0,3.0,25.10392038,121.2447143
08BEAC0A0480,2023-09-03,22:54:26,30.1,100.0,1.0,23.190069,120.192365
08BEAC0A080E,2023-09-03,22:54:38,31.5,100.0,0.0,23.158097,120.170618
08BEAC0A0040,2023-09-03,22:54:43,28.2,100.0,0.0,22.99133,120.230478
08BEAC0A0340,2023-09-03,22:55:02,27.6,100.0,0.0,22.9193352,120.2170451
08BEAC0A01AA,2023-09-03,22:55:07,30.3,95.0,2.0,24.9751,121.269826
08BEAC0A0880,2023-09-03,22:55:15,28.3,100.0,6.0,23.7224119,120.3083761
08BEAC0A0226,2023-09-03,22:55:40,27.2,100.0,0.0,23.2174825,120.365091
08BEAC0A0398,2023-09-03,22:55:47,30.2,100.0,2.0,24.1494507,120.6816876
08BEAC0A089E,2023-09-03,22:55:51,26.6,100.0,0.0,23.12107103,120.4585091
08BEAC0A084E,2023-09-03,22:55:54,30.3,100.0,3.0,24.9785086,121.3061612
08BEAC0A085E,2023-09-03,22:55:58,28.3,100.0,0.0,23.1427276,120.2731514
08BEAC0A0464,2023-09-03,22:56:02,27.0,100.0,0.0,22.989813,120.203024
08BEAC0A04EC,2023-09-03,22:56:16,28.5,100.0,1.0,24.936085,121.223586
08BEAC0A0826,2023-09-03,22:56:56,27.6,100.0,0.0,23.0865158,120.3191882
08BEAC0A0774,2023-09-03,22:57:15,27.0,100.0,0.0,22.992411,120.294135
08BEAC0A0156,2023-09-03,22:57:31,28.7,100.0,0.0,24.0838267,120.752756
08BEAC0A0218,2023-09-03,22:57:49,27.7,100.0,1.0,23.6869687,120.5865383
08BEAC0A05AC,2023-09-03,22:57:58,27.2,100.0,0.0,22.912748,120.261227
08BEAC0A0050,2023-09-03,22:58:36,20.1,100.0,0.0,24.255411,121.259081
08BEAC0A06A6,2023-09-03,22:58:37,27.7,100.0,0.0,22.977305,120.186438
08BEAC0A019A,2023-09-03,22:58:42,28.6,100.0,0.0,23.3199,120.34515
08BEAC0A0344,2023-09-03,22:58:50,29.2,100.0,1.0,24.960122,121.178153
08BEAC0A0830,2023-09-03,22:58:57,27.8,100.0,0.0,22.956295,120.248057
08BEAC0A0678,2023-09-03,22:59:00,27.8,100.0,1.0,23.139376,120.138374
08BEAC0A0742,2023-09-03,22:59:02,26.8,100.0,0.0,23.003578,120.240161
08BEAC0A07A2,2023-09-03,22:59:10,29.8,100.0,1.0,25.10392038,121.2447143
08BEAC0A0480,2023-09-03,22:59:42,30.1,100.0,0.0,23.190069,120.192365
08BEAC0A080E,2023-09-03,22:59:58,31.5,100.0,0.0,23.158097,120.170618
08BEAC0A0040,2023-09-03,23:00:00,28.2,100.0,0.0,22.99133,120.230478
08BEAC0A0340,2023-09-03,23:00:19,27.3,100.0,0.0,22.9193352,120.2170451
08BEAC0A01AA,2023-09-03,23:00:23,30.5,94.0,1.0,24.9751,121.269826
08BEAC0A0880,2023-09-03,23:00:31,28.5,100.0,5.0,23.7224119,120.3083761
08BEAC0A0226,2023-09-03,23:00:57,27.2,100.0,0.0,23.2174825,120.365091
08BEAC0A0398,2023-09-03,23:01:04,30.1,100.0,3.0,24.1494507,120.6816876
08BEAC0A084E,2023-09-03,23:01:09,30.5,100.0,2.0,24.9785086,121.3061612
08BEAC0A085E,2023-09-03,23:01:14,28.5,100.0,0.0,23.1427276,120.2731514
08BEAC0A0464,2023-09-03,23:01:21,27.1,100.0,0.0,22.989813,120.203024
08BEAC0A04EC,2023-09-03,23:01:32,28.6,100.0,1.0,24.936085,121.223586
08BEAC0A0826,2023-09-03,23:02:15,27.8,100.0,0.0,23.0865158,120.3191882
08BEAC0A0774,2023-09-03,23:02:32,27.1,100.0,0.0,22.992411,120.294135
08BEAC0A0156,2023-09-03,23:02:49,28.7,100.0,0.0,24.0838267,120.752756
08BEAC0A0218,2023-09-03,23:03:07,27.6,100.0,2.0,23.6869687,120.5865383
08BEAC0A05AC,2023-09-03,23:03:15,27.2,100.0,0.0,22.912748,120.261227
08BEAC0A0050,2023-09-03,23:03:52,20.3,100.0,0.0,24.255411,121.259081
08BEAC0A06A6,2023-09-03,23:03:54,27.7,100.0,0.0,22.977305,120.186438
08BEAC0A019A,2023-09-03,23:03:57,28.5,100.0,0.0,23.3199,120.34515
08BEAC0A0344,2023-09-03,23:04:06,29.3,100.0,1.0,24.960122,121.178153
08BEAC0A0678,2023-09-03,23:04:15,27.8,100.0,2.0,23.139376,120.138374
08BEAC0A0830,2023-09-03,23:04:18,28.1,100.0,0.0,22.956295,120.248057
08BEAC0A07A2,2023-09-03,23:04:27,29.8,100.0,1.0,25.10392038,121.2447143
08BEAC0A0742,2023-09-03,23:04:30,26.8,100.0,0.0,23.003578,120.240161
08BEAC0A0480,2023-09-03,23:04:58,30.0,100.0,1.0,23.190069,120.192365
08BEAC0A080E,2023-09-03,23:05:15,31.5,100.0,0.0,23.158097,120.170618
08BEAC0A0040,2023-09-03,23:05:16,28.2,100.0,0.0,22.99133,120.230478
08BEAC0A0340,2023-09-03,23:05:36,27.6,100.0,0.0,22.9193352,120.2170451
08BEAC0A01AA,2023-09-03,23:05:40,30.5,94.0,1.0,24.9751,121.269826
08BEAC0A0880,2023-09-03,23:05:49,28.5,100.0,5.0,23.7224119,120.3083761
08BEAC0A0226,2023-09-03,23:06:14,27.2,100.0,0.0,23.2174825,120.365091
08BEAC0A089E,2023-09-03,23:06:18,26.1,100.0,0.0,23.12107103,120.4585091
08BEAC0A0398,2023-09-03,23:06:22,30.0,100.0,4.0,24.1494507,120.6816876
08BEAC0A084E,2023-09-03,23:06:26,30.5,100.0,2.0,24.9785086,121.3061612
08BEAC0A085E,2023-09-03,23:06:29,28.5,100.0,0.0,23.1427276,120.2731514
08BEAC0A0464,2023-09-03,23:06:38,27.2,100.0,0.0,22.989813,120.203024
08BEAC0A04EC,2023-09-03,23:06:49,28.6,100.0,0.0,24.936085,121.223586
08BEAC0A0826,2023-09-03,23:07:31,28.0,100.0,0.0,23.0865158,120.3191882
08BEAC0A0774,2023-09-03,23:07:49,27.1,100.0,0.0,22.992411,120.294135
08BEAC0A0156,2023-09-03,23:08:05,28.7,100.0,0.0,24.0838267,120.752756
08BEAC0A0218,2023-09-03,23:08:25,27.7,100.0,2.0,23.6869687,120.5865383
08BEAC0A05AC,2023-09-03,23:08:32,27.3,100.0,0.0,22.912748,120.261227
08BEAC0A0050,2023-09-03,23:09:07,20.3,100.0,0.0,24.255411,121.259081
08BEAC0A06A6,2023-09-03,23:09:11,27.8,100.0,0.0,22.977305,120.186438
08BEAC0A019A,2023-09-03,23:09:15,28.3,100.0,0.0,23.3199,120.34515
08BEAC0A0344,2023-09-03,23:09:23,29.3,100.0,1.0,24.960122,121.178153
08BEAC0A0678,2023-09-03,23:09:32,28.0,100.0,3.0,23.139376,120.138374
08BEAC0A0830,2023-09-03,23:09:35,28.5,100.0,0.0,22.956295,120.248057
08BEAC0A07A2,2023-09-03,23:09:44,30.0,100.0,1.0,25.10392038,121.2447143
08BEAC0A0742,2023-09-03,23:09:49,27.0,100.0,0.0,23.003578,120.240161
08BEAC0A0480,2023-09-03,23:10:16,30.0,100.0,1.0,23.190069,120.192365
08BEAC0A080E,2023-09-03,23:10:32,31.5,100.0,0.0,23.158097,120.170618
08BEAC0A0040,2023-09-03,23:10:33,28.2,100.0,0.0,22.99133,120.230478
08BEAC0A0340,2023-09-03,23:10:53,27.5,100.0,0.0,22.9193352,120.2170451
08BEAC0A01AA,2023-09-03,23:10:57,30.3,95.0,1.0,24.9751,121.269826
08BEAC0A0880,2023-09-03,23:11:06,28.3,100.0,4.0,23.7224119,120.3083761
08BEAC0A0226,2023-09-03,23:11:31,27.2,100.0,0.0,23.2174825,120.365091
08BEAC0A089E,2023-09-03,23:11:34,25.8,100.0,0.0,23.12107103,120.4585091
08BEAC0A0398,2023-09-03,23:11:37,30.1,100.0,3.0,24.1494507,120.6816876
08BEAC0A084E,2023-09-03,23:11:42,30.5,100.0,2.0,24.9785086,121.3061612
08BEAC0A085E,2023-09-03,23:11:44,28.5,100.0,0.0,23.1427276,120.2731514
08BEAC0A0464,2023-09-03,23:11:57,27.2,100.0,0.0,22.989813,120.203024
08BEAC0A04EC,2023-09-03,23:12:04,28.7,100.0,0.0,24.936085,121.223586
08BEAC0A0826,2023-09-03,23:12:48,27.8,100.0,0.0,23.0865158,120.3191882
08BEAC0A0774,2023-09-03,23:13:07,27.1,100.0,0.0,22.992411,120.294135
08BEAC0A0156,2023-09-03,23:13:21,28.7,100.0,0.0,24.0838267,120.752756
08BEAC0A0218,2023-09-03,23:13:42,27.8,100.0,2.0,23.6869687,120.5865383
08BEAC0A05AC,2023-09-03,23:13:49,27.3,100.0,0.0,22.912748,120.261227
08BEAC0A0050,2023-09-03,23:14:24,20.1,100.0,0.0,24.255411,121.259081
08BEAC0A06A6,2023-09-03,23:14:28,27.6,100.0,0.0,22.977305,120.186438
08BEAC0A019A,2023-09-03,23:14:31,28.2,100.0,0.0,23.3199,120.34515
08BEAC0A0344,2023-09-03,23:14:39,29.3,100.0,1.0,24.960122,121.178153
08BEAC0A0830,2023-09-03,23:14:58,28.6,100.0,0.0,22.956295,120.248057
08BEAC0A07A2,2023-09-03,23:15:02,30.0,100.0,1.0,25.10392038,121.2447143
08BEAC0A0742,2023-09-03,23:15:09,27.2,100.0,0.0,23.003578,120.240161
08BEAC0A0480,2023-09-03,23:15:35,30.0,100.0,0.0,23.190069,120.192365
08BEAC0A080E,2023-09-03,23:15:49,31.5,100.0,0.0,23.158097,120.170618
08BEAC0A0040,2023-09-03,23:15:52,28.3,100.0,0.0,22.99133,120.230478
08BEAC0A0340,2023-09-03,23:16:09,27.6,100.0,0.0,22.9193352,120.2170451
08BEAC0A01AA,2023-09-03,23:16:20,30.5,95.0,1.0,24.9751,121.269826
08BEAC0A0880,2023-09-03,23:16:24,28.3,100.0,4.0,23.7224119,120.3083761
08BEAC0A0226,2023-09-03,23:16:46,27.1,100.0,0.0,23.2174825,120.365091
08BEAC0A089E,2023-09-03,23:16:50,26.0,100.0,0.0,23.12107103,120.4585091
08BEAC0A0398,2023-09-03,23:16:55,29.8,100.0,3.0,24.1494507,120.6816876
08BEAC0A084E,2023-09-03,23:16:59,30.5,100.0,2.0,24.9785086,121.3061612
08BEAC0A085E,2023-09-03,23:17:02,28.5,100.0,0.0,23.1427276,120.2731514
08BEAC0A0464,2023-09-03,23:17:17,27.3,100.0,0.0,22.989813,120.203024
08BEAC0A04EC,2023-09-03,23:17:22,28.8,100.0,0.0,24.936085,121.223586
08BEAC0A0826,2023-09-03,23:18:05,27.8,100.0,0.0,23.0865158,120.3191882
08BEAC0A0774,2023-09-03,23:18:22,27.1,100.0,0.0,22.992411,120.294135
08BEAC0A0156,2023-09-03,23:18:38,28.7,100.0,0.0,24.0838267,120.752756
08BEAC0A0218,2023-09-03,23:18:59,28.0,100.0,2.0,23.6869687,120.5865383
08BEAC0A05AC,2023-09-03,23:19:05,27.3,100.0,0.0,22.912748,120.261227
08BEAC0A0050,2023-09-03,23:19:40,20.3,100.0,0.0,24.255411,121.259081
08BEAC0A06A6,2023-09-03,23:19:44,27.8,100.0,0.0,22.977305,120.186438
08BEAC0A019A,2023-09-03,23:19:48,28.1,100.0,0.0,23.3199,120.34515
08BEAC0A0678,2023-09-03,23:19:59,28.2,100.0,3.0,23.139376,120.138374
08BEAC0A0344,2023-09-03,23:20:00,29.3,100.0,1.0,24.960122,121.178153
08BEAC0A0742,2023-09-03,23:20:25,27.1,100.0,0.0,23.003578,120.240161
08BEAC0A0830,2023-09-03,23:20:25,28.6,100.0,0.0,22.956295,120.248057
08BEAC0A07A2,2023-09-03,23:20:28,30.0,100.0,1.0,25.10392038,121.2447143
08BEAC0A0480,2023-09-03,23:20:51,29.8,100.0,0.0,23.190069,120.192365
08BEAC0A0040,2023-09-03,23:21:09,28.5,100.0,0.0,22.99133,120.230478
08BEAC0A080E,2023-09-03,23:21:17,31.5,100.0,0.0,23.158097,120.170618
08BEAC0A0340,2023-09-03,23:21:25,27.6,100.0,0.0,22.9193352,120.2170451
08BEAC0A01AA,2023-09-03,23:21:35,30.5,94.0,2.0,24.9751,121.269826
08BEAC0A0880,2023-09-03,23:21:41,28.5,100.0,4.0,23.7224119,120.3083761
08BEAC0A0226,2023-09-03,23:22:03,27.0,100.0,0.0,23.2174825,120.365091
08BEAC0A089E,2023-09-03,23:22:10,26.1,100.0,0.0,23.12107103,120.4585091
08BEAC0A0398,2023-09-03,23:22:12,29.5,100.0,1.0,24.1494507,120.6816876
08BEAC0A084E,2023-09-03,23:22:18,30.5,100.0,2.0,24.9785086,121.3061612
08BEAC0A085E,2023-09-03,23:22:19,28.5,100.0,0.0,23.1427276,120.2731514
08BEAC0A0464,2023-09-03,23:22:36,27.6,100.0,0.0,22.989813,120.203024
08BEAC0A04EC,2023-09-03,23:22:38,29.0,100.0,0.0,24.936085,121.223586
08BEAC0A0826,2023-09-03,23:23:20,27.8,100.0,0.0,23.0865158,120.3191882
08BEAC0A0774,2023-09-03,23:23:38,27.2,100.0,0.0,22.992411,120.294135
08BEAC0A0156,2023-09-03,23:23:55,28.7,100.0,0.0,24.0838267,120.752756
08BEAC0A0218,2023-09-03,23:24:16,28.1,100.0,4.0,23.6869687,120.5865383
08BEAC0A05AC,2023-09-03,23:24:21,27.5,100.0,0.0,22.912748,120.261227
08BEAC0A0050,2023-09-03,23:24:59,20.8,100.0,0.0,24.255411,121.259081
08BEAC0A06A6,2023-09-03,23:25:02,28.0,100.0,0.0,22.977305,120.186438
08BEAC0A019A,2023-09-03,23:25:08,28.1,100.0,0.0,23.3199,120.34515
08BEAC0A0344,2023-09-03,23:25:17,29.5,100.0,1.0,24.960122,121.178153
08BEAC0A0678,2023-09-03,23:25:18,28.2,100.0,2.0,23.139376,120.138374
08BEAC0A0830,2023-09-03,23:25:43,28.7,100.0,0.0,22.956295,120.248057
08BEAC0A07A2,2023-09-03,23:25:53,30.0,100.0,1.0,25.10392038,121.2447143
08BEAC0A0742,2023-09-03,23:25:54,27.1,100.0,0.0,23.003578,120.240161
08BEAC0A0480,2023-09-03,23:26:09,29.8,100.0,0.0,23.190069,120.192365
08BEAC0A0040,2023-09-03,23:26:25,28.6,100.0,0.0,22.99133,120.230478
08BEAC0A080E,2023-09-03,23:26:35,31.3,100.0,0.0,23.158097,120.170618
08BEAC0A0340,2023-09-03,23:26:42,27.3,100.0,0.0,22.9193352,120.2170451
08BEAC0A01AA,2023-09-03,23:26:49,30.5,94.0,1.0,24.9751,121.269826
08BEAC0A0880,2023-09-03,23:26:59,28.5,100.0,4.0,23.7224119,120.3083761
08BEAC0A0226,2023-09-03,23:27:19,27.0,100.0,0.0,23.2174825,120.365091
08BEAC0A089E,2023-09-03,23:27:27,26.2,100.0,0.0,23.12107103,120.4585091
08BEAC0A0398,2023-09-03,23:27:29,29.6,100.0,1.0,24.1494507,120.6816876
08BEAC0A084E,2023-09-03,23:27:36,30.5,100.0,2.0,24.9785086,121.3061612
08BEAC0A085E,2023-09-03,23:27:39,28.6,100.0,0.0,23.1427276,120.2731514
08BEAC0A04EC,2023-09-03,23:27:54,29.1,100.0,0.0,24.936085,121.223586
08BEAC0A0464,2023-09-03,23:27:56,27.7,100.0,0.0,22.989813,120.203024
08BEAC0A0826,2023-09-03,23:28:39,27.8,100.0,0.0,23.0865158,120.3191882
08BEAC0A0156,2023-09-03,23:29:11,28.7,100.0,0.0,24.0838267,120.752756
08BEAC0A0218,2023-09-03,23:29:32,28.1,100.0,5.0,23.6869687,120.5865383
08BEAC0A05AC,2023-09-03,23:29:38,27.5,100.0,0.0,22.912748,120.261227
08BEAC0A0050,2023-09-03,23:30:18,21.1,100.0,0.0,24.255411,121.259081
08BEAC0A06A6,2023-09-03,23:30:22,27.7,100.0,0.0,22.977305,120.186438
08BEAC0A019A,2023-09-03,23:30:24,28.0,100.0,0.0,23.3199,120.34515
08BEAC0A0344,2023-09-03,23:30:33,29.5,100.0,1.0,24.960122,121.178153
08BEAC0A0678,2023-09-03,23:30:36,28.2,100.0,2.0,23.139376,120.138374
08BEAC0A0830,2023-09-03,23:31:05,28.7,100.0,0.0,22.956295,120.248057
08BEAC0A07A2,2023-09-03,23:31:09,30.0,100.0,1.0,25.10392038,121.2447143
08BEAC0A0742,2023-09-03,23:31:14,27.0,100.0,0.0,23.003578,120.240161
08BEAC0A0480,2023-09-03,23:31:26,29.8,100.0,1.0,23.190069,120.192365
08BEAC0A0040,2023-09-03,23:31:41,28.6,100.0,0.0,22.99133,120.230478
08BEAC0A080E,2023-09-03,23:31:53,31.5,100.0,0.0,23.158097,120.170618
08BEAC0A0340,2023-09-03,23:31:58,27.3,100.0,0.0,22.9193352,120.2170451
08BEAC0A01AA,2023-09-03,23:32:06,30.5,93.0,0.0,24.9751,121.269826
08BEAC0A0774,2023-09-03,23:32:11,27.3,100.0,1.0,22.992411,120.294135
08BEAC0A0880,2023-09-03,23:32:17,28.5,100.0,3.0,23.7224119,120.3083761
08BEAC0A0226,2023-09-03,23:32:36,27.0,100.0,0.0,23.2174825,120.365091
08BEAC0A089E,2023-09-03,23:32:44,26.3,100.0,0.0,23.12107103,120.4585091
08BEAC0A0398,2023-09-03,23:32:46,29.8,100.0,1.0,24.1494507,120.6816876
08BEAC0A084E,2023-09-03,23:32:55,30.5,100.0,1.0,24.9785086,121.3061612
08BEAC0A085E,2023-09-03,23:32:57,28.7,100.0,0.0,23.1427276,120.2731514
08BEAC0A04EC,2023-09-03,23:33:12,29.1,100.0,0.0,24.936085,121.223586
08BEAC0A0464,2023-09-03,23:33:16,27.8,100.0,0.0,22.989813,120.203024
08BEAC0A0826,2023-09-03,23:33:58,28.0,100.0,0.0,23.0865158,120.3191882
08BEAC0A0156,2023-09-03,23:34:29,28.7,100.0,0.0,24.0838267,120.752756
08BEAC0A0218,2023-09-03,23:34:49,28.1,100.0,5.0,23.6869687,120.5865383
08BEAC0A05AC,2023-09-03,23:34:56,27.6,100.0,0.0,22.912748,120.261227
08BEAC0A0050,2023-09-03,23:35:35,21.0,100.0,0.0,24.255411,121.259081
08BEAC0A06A6,2023-09-03,23:35:37,27.8,100.0,0.0,22.977305,120.186438
08BEAC0A019A,2023-09-03,23:35:42,28.0,100.0,0.0,23.3199,120.34515
08BEAC0A0344,2023-09-03,23:35:49,29.5,100.0,0.0,24.960122,121.178153
08BEAC0A0678,2023-09-03,23:35:55,28.1,100.0,2.0,23.139376,120.138374
08BEAC0A07A2,2023-09-03,23:36:27,29.8,100.0,1.0,25.10392038,121.2447143
08BEAC0A0742,2023-09-03,23:36:33,27.2,100.0,1.0,23.003578,120.240161
08BEAC0A0480,2023-09-03,23:36:43,29.8,100.0,0.0,23.190069,120.192365
08BEAC0A0040,2023-09-03,23:36:59,28.7,100.0,0.0,22.99133,120.230478
08BEAC0A080E,2023-09-03,23:37:09,31.3,100.0,0.0,23.158097,120.170618
08BEAC0A0340,2023-09-03,23:37:14,27.5,100.0,1.0,22.9193352,120.2170451
08BEAC0A01AA,2023-09-03,23:37:23,30.6,93.0,0.0,24.9751,121.269826
08BEAC0A0774,2023-09-03,23:37:26,27.3,100.0,0.0,22.992411,120.294135
08BEAC0A0880,2023-09-03,23:37:33,28.6,100.0,3.0,23.7224119,120.3083761
08BEAC0A0226,2023-09-03,23:37:53,27.0,100.0,0.0,23.2174825,120.365091
08BEAC0A089E,2023-09-03,23:38:01,26.6,100.0,0.0,23.12107103,120.4585091
08BEAC0A0398,2023-09-03,23:38:02,30.1,100.0,2.0,24.1494507,120.6816876
08BEAC0A084E,2023-09-03,23:38:11,30.5,100.0,2.0,24.9785086,121.3061612
08BEAC0A085E,2023-09-03,23:38:14,28.7,100.0,0.0,23.1427276,120.2731514
08BEAC0A04EC,2023-09-03,23:38:28,29.2,100.0,0.0,24.936085,121.223586
08BEAC0A0464,2023-09-03,23:38:35,27.6,100.0,0.0,22.989813,120.203024
08BEAC0A0826,2023-09-03,23:39:16,28.1,100.0,0.0,23.0865158,120.3191882
08BEAC0A0156,2023-09-03,23:39:46,28.8,100.0,0.0,24.0838267,120.752756
08BEAC0A0218,2023-09-03,23:40:05,28.2,100.0,4.0,23.6869687,120.5865383
08BEAC0A05AC,2023-09-03,23:40:14,27.6,100.0,2.0,22.912748,120.261227
08BEAC0A0050,2023-09-03,23:40:51,20.7,100.0,0.0,24.255411,121.259081
08BEAC0A06A6,2023-09-03,23:40:55,27.7,100.0,0.0,22.977305,120.186438
08BEAC0A019A,2023-09-03,23:41:00,28.0,100.0,0.0,23.3199,120.34515
08BEAC0A0344,2023-09-03,23:41:06,29.6,100.0,0.0,24.960122,121.178153
08BEAC0A0678,2023-09-03,23:41:14,28.1,100.0,0.0,23.139376,120.138374
08BEAC0A07A2,2023-09-03,23:41:49,30.0,100.0,2.0,25.10392038,121.2447143
08BEAC0A0742,2023-09-03,23:41:51,27.5,100.0,5.0,23.003578,120.240161
08BEAC0A0830,2023-09-03,23:41:52,28.7,100.0,0.0,22.956295,120.248057
08BEAC0A0480,2023-09-03,23:41:59,29.8,100.0,1.0,23.190069,120.192365
08BEAC0A0040,2023-09-03,23:42:14,28.7,100.0,0.0,22.99133,120.230478
08BEAC0A080E,2023-09-03,23:42:25,31.5,100.0,0.0,23.158097,120.170618
08BEAC0A0340,2023-09-03,23:42:31,27.5,100.0,1.0,22.9193352,120.2170451
08BEAC0A01AA,2023-09-03,23:42:38,30.6,94.0,1.0,24.9751,121.269826
08BEAC0A0774,2023-09-03,23:42:41,27.5,100.0,0.0,22.992411,120.294135
08BEAC0A0880,2023-09-03,23:42:50,28.6,100.0,4.0,23.7224119,120.3083761
08BEAC0A0226,2023-09-03,23:43:09,27.1,100.0,0.0,23.2174825,120.365091
08BEAC0A089E,2023-09-03,23:43:17,26.6,100.0,0.0,23.12107103,120.4585091
08BEAC0A0398,2023-09-03,23:43:19,30.1,100.0,2.0,24.1494507,120.6816876
08BEAC0A084E,2023-09-03,23:43:27,30.5,100.0,2.0,24.9785086,121.3061612
08BEAC0A085E,2023-09-03,23:43:31,28.8,100.0,1.0,23.1427276,120.2731514
08BEAC0A04EC,2023-09-03,23:43:44,29.3,100.0,0.0,24.936085,121.223586
08BEAC0A0464,2023-09-03,23:43:52,27.7,100.0,0.0,22.989813,120.203024
08BEAC0A0826,2023-09-03,23:44:35,28.2,100.0,2.0,23.0865158,120.3191882
08BEAC0A0156,2023-09-03,23:45:05,28.8,100.0,0.0,24.0838267,120.752756
08BEAC0A0218,2023-09-03,23:45:21,28.2,100.0,5.0,23.6869687,120.5865383
08BEAC0A05AC,2023-09-03,23:45:32,27.6,100.0,5.0,22.912748,120.261227
08BEAC0A0050,2023-09-03,23:46:08,20.3,100.0,0.0,24.255411,121.259081
08BEAC0A019A,2023-09-03,23:46:16,28.0,100.0,0.0,23.3199,120.34515
08BEAC0A0344,2023-09-03,23:46:21,29.7,100.0,0.0,24.960122,121.178153
08BEAC0A0678,2023-09-03,23:46:31,28.0,100.0,0.0,23.139376,120.138374
08BEAC0A07A2,2023-09-03,23:47:06,30.0,100.0,2.0,25.10392038,121.2447143
08BEAC0A0480,2023-09-03,23:47:18,29.8,100.0,0.0,23.190069,120.192365
08BEAC0A0742,2023-09-03,23:47:18,27.6,100.0,14.0,23.003578,120.240161
08BEAC0A0040,2023-09-03,23:47:32,28.8,100.0,0.0,22.99133,120.230478
08BEAC0A0830,2023-09-03,23:47:40,28.8,100.0,0.0,22.956295,120.248057
08BEAC0A080E,2023-09-03,23:47:44,31.5,100.0,0.0,23.158097,120.170618
08BEAC0A0340,2023-09-03,23:47:47,27.5,100.0,0.0,22.9193352,120.2170451
08BEAC0A01AA,2023-09-03,23:47:55,30.5,94.0,1.0,24.9751,121.269826
08BEAC0A0774,2023-09-03,23:47:57,27.5,100.0,0.0,22.992411,120.294135
08BEAC0A0880,2023-09-03,23:48:06,28.6,100.0,2.0,23.7224119,120.3083761
08BEAC0A0226,2023-09-03,23:48:27,27.1,100.0,0.0,23.2174825,120.365091
08BEAC0A089E,2023-09-03,23:48:35,26.7,100.0,0.0,23.12107103,120.4585091
08BEAC0A0398,2023-09-03,23:48:37,30.2,100.0,2.0,24.1494507,120.6816876
08BEAC0A084E,2023-09-03,23:48:45,30.5,100.0,2.0,24.9785086,121.3061612
08BEAC0A085E,2023-09-03,23:48:48,28.8,100.0,1.0,23.1427276,120.2731514
08BEAC0A04EC,2023-09-03,23:49:01,29.5,100.0,0.0,24.936085,121.223586
08BEAC0A0464,2023-09-03,23:49:15,28.0,100.0,0.0,22.989813,120.203024
08BEAC0A0826,2023-09-03,23:49:53,28.3,100.0,7.0,23.0865158,120.3191882
08BEAC0A0156,2023-09-03,23:50:20,28.8,100.0,0.0,24.0838267,120.752756
08BEAC0A0218,2023-09-03,23:50:37,28.2,100.0,4.0,23.6869687,120.5865383
08BEAC0A05AC,2023-09-03,23:50:50,27.6,100.0,9.0,22.912748,120.261227
08BEAC0A06A6,2023-09-03,23:51:24,27.8,100.0,0.0,22.977305,120.186438
08BEAC0A0050,2023-09-03,23:51:25,20.2,100.0,0.0,24.255411,121.259081
08BEAC0A019A,2023-09-03,23:51:33,28.0,100.0,0.0,23.3199,120.34515
08BEAC0A0344,2023-09-03,23:51:38,29.7,100.0,1.0,24.960122,121.178153
08BEAC0A0678,2023-09-03,23:51:46,28.0,100.0,0.0,23.139376,120.138374
08BEAC0A07A2,2023-09-03,23:52:23,29.8,100.0,2.0,25.10392038,121.2447143
08BEAC0A0480,2023-09-03,23:52:35,29.8,100.0,1.0,23.190069,120.192365
08BEAC0A0742,2023-09-03,23:52:35,27.3,100.0,23.0,23.003578,120.240161
08BEAC0A0040,2023-09-03,23:52:49,28.8,100.0,0.0,22.99133,120.230478
08BEAC0A0830,2023-09-03,23:52:58,29.0,100.0,0.0,22.956295,120.248057
08BEAC0A080E,2023-09-03,23:53:01,31.5,100.0,0.0,23.158097,120.170618
08BEAC0A0340,2023-09-03,23:53:04,27.7,100.0,0.0,22.9193352,120.2170451
08BEAC0A01AA,2023-09-03,23:53:12,30.6,94.0,1.0,24.9751,121.269826
08BEAC0A0774,2023-09-03,23:53:13,27.6,100.0,0.0,22.992411,120.294135
08BEAC0A0880,2023-09-03,23:53:22,28.7,100.0,0.0,23.7224119,120.3083761
08BEAC0A0226,2023-09-03,23:53:43,27.3,100.0,0.0,23.2174825,120.365091
08BEAC0A089E,2023-09-03,23:53:50,26.7,100.0,0.0,23.12107103,120.4585091
08BEAC0A0398,2023-09-03,23:53:55,30.3,100.0,2.0,24.1494507,120.6816876
08BEAC0A084E,2023-09-03,23:54:03,30.5,100.0,1.0,24.9785086,121.3061612
08BEAC0A085E,2023-09-03,23:54:08,28.8,100.0,3.0,23.1427276,120.2731514
08BEAC0A04EC,2023-09-03,23:54:19,29.5,100.0,0.0,24.936085,121.223586
08BEAC0A0464,2023-09-03,23:54:37,28.1,100.0,1.0,22.989813,120.203024
08BEAC0A0826,2023-09-03,23:55:10,28.3,100.0,3.0,23.0865158,120.3191882
08BEAC0A0156,2023-09-03,23:55:35,28.8,100.0,0.0,24.0838267,120.752756
08BEAC0A0218,2023-09-03,23:55:55,28.2,100.0,3.0,23.6869687,120.5865383
08BEAC0A05AC,2023-09-03,23:56:06,27.7,100.0,5.0,22.912748,120.261227
08BEAC0A06A6,2023-09-03,23:56:42,28.0,100.0,0.0,22.977305,120.186438
08BEAC0A0050,2023-09-03,23:56:43,19.6,100.0,0.0,24.255411,121.259081
08BEAC0A019A,2023-09-03,23:56:50,28.0,100.0,0.0,23.3199,120.34515
08BEAC0A0344,2023-09-03,23:56:56,29.7,100.0,1.0,24.960122,121.178153
08BEAC0A0678,2023-09-03,23:57:03,28.0,100.0,0.0,23.139376,120.138374
08BEAC0A07A2,2023-09-03,23:57:43,29.8,100.0,1.0,25.10392038,121.2447143
08BEAC0A0480,2023-09-03,23:57:55,30.0,100.0,4.0,23.190069,120.192365
08BEAC0A0742,2023-09-03,23:58:00,27.8,100.0,23.0,23.003578,120.240161
08BEAC0A0040,2023-09-03,23:58:05,28.8,100.0,0.0,22.99133,120.230478
08BEAC0A080E,2023-09-03,23:58:16,31.5,100.0,0.0,23.158097,120.170618
08BEAC0A0830,2023-09-03,23:58:19,29.0,100.0,0.0,22.956295,120.248057
08BEAC0A0340,2023-09-03,23:58:24,27.6,100.0,0.0,22.9193352,120.2170451
08BEAC0A01AA,2023-09-03,23:58:29,30.6,94.0,1.0,24.9751,121.269826
08BEAC0A0774,2023-09-03,23:58:29,27.7,100.0,0.0,22.992411,120.294135
08BEAC0A0880,2023-09-03,23:58:38,28.6,100.0,0.0,23.7224119,120.3083761
08BEAC0A0226,2023-09-03,23:59:00,27.5,100.0,0.0,23.2174825,120.365091
08BEAC0A089E,2023-09-03,23:59:08,26.8,100.0,0.0,23.12107103,120.4585091
08BEAC0A0398,2023-09-03,23:59:15,30.5,100.0,2.0,24.1494507,120.6816876
08BEAC0A084E,2023-09-03,23:59:21,30.6,100.0,1.0,24.9785086,121.3061612
08BEAC0A085E,2023-09-03,23:59:24,29.0,100.0,7.0,23.1427276,120.2731514
08BEAC0A04EC,2023-09-03,23:59:36,29.6,100.0,0.0,24.936085,121.223586
08BEAC0A0464,2023-09-03,23:59:58,28.0,100.0,6.0,22.989813,120.203024
