device_id,date,time,temperature,RH,PM2.5,lat,lon
08BEAC0A04EC,2023-08-05,00:00:21,27.2,100.0,7.0,24.936085,121.223586
08BEAC0A0296,2023-08-05,00:00:23,31.0,100.0,12.0,23.741269,120.401443
08BEAC0A0464,2023-08-05,00:00:41,31.7,100.0,11.0,22.989813,120.203024
08BEAC0A0156,2023-08-05,00:01:02,29.5,100.0,0.0,24.0838267,120.752756
08BEAC0A0398,2023-08-05,00:01:36,30.8,100.0,16.0,24.1494507,120.6816876
08BEAC0A019A,2023-08-05,00:01:57,30.7,100.0,18.0,23.3199,120.34515
08BEAC0A06A6,2023-08-05,00:02:08,31.5,100.0,12.0,22.977305,120.186438
08BEAC0A0830,2023-08-05,00:02:16,30.5,100.0,0.0,22.956295,120.248057
08BEAC0A0226,2023-08-05,00:02:18,30.1,100.0,0.0,23.2174825,120.365091
08BEAC0A0218,2023-08-05,00:02:22,29.7,100.0,15.0,23.6869687,120.5865383
08BEAC0A0742,2023-08-05,00:02:36,31.1,100.0,11.0,23.003578,120.240161
08BEAC0A0678,2023-08-05,00:02:40,30.7,100.0,12.0,23.139376,120.138374
08BEAC0A0480,2023-08-05,00:02:41,32.1,100.0,14.0,23.190069,120.192365
08BEAC0A0040,2023-08-05,00:02:44,30.8,100.0,0.0,22.99133,120.230478
08BEAC0A05AC,2023-08-05,00:02:55,31.1,100.0,1.0,22.912748,120.261227
08BEAC0A0826,2023-08-05,00:03:00,30.8,100.0,12.0,23.0865158,120.3191882
08BEAC0A084E,2023-08-05,00:03:11,31.5,100.0,3.0,24.9785086,121.3061612
08BEAC0A0640,2023-08-05,00:03:30,32.0,100.0,13.0,23.160034,120.18215
08BEAC0A07A2,2023-08-05,00:03:53,28.7,100.0,8.0,25.10392038,121.2447143
08BEAC0A01AA,2023-08-05,00:03:57,30.7,86.0,7.0,24.9751,121.269826
08BEAC0A089E,2023-08-05,00:04:14,29.2,100.0,0.0,23.12107103,120.4585091
08BEAC0A0508,2023-08-05,00:04:31,30.5,100.0,11.0,23.138713,120.324702
08BEAC0A0344,2023-08-05,00:04:59,28.2,100.0,6.0,24.960122,121.178153
08BEAC0A080E,2023-08-05,00:05:14,33.0,100.0,11.0,23.158097,120.170618
08BEAC0A04EC,2023-08-05,00:05:35,27.0,100.0,7.0,24.936085,121.223586
08BEAC0A0296,2023-08-05,00:05:39,31.0,100.0,13.0,23.741269,120.401443
08BEAC0A0464,2023-08-05,00:06:02,31.7,100.0,12.0,22.989813,120.203024
08BEAC0A0774,2023-08-05,00:06:12,31.1,100.0,7.0,22.992411,120.294135
08BEAC0A0156,2023-08-05,00:06:21,29.6,100.0,0.0,24.0838267,120.752756
08BEAC0A0398,2023-08-05,00:06:53,30.8,100.0,14.0,24.1494507,120.6816876
08BEAC0A019A,2023-08-05,00:07:13,30.6,100.0,15.0,23.3199,120.34515
08BEAC0A06A6,2023-08-05,00:07:24,31.5,100.0,12.0,22.977305,120.186438
08BEAC0A0830,2023-08-05,00:07:34,30.0,100.0,0.0,22.956295,120.248057
08BEAC0A0218,2023-08-05,00:07:36,29.7,100.0,15.0,23.6869687,120.5865383
08BEAC0A0226,2023-08-05,00:07:39,30.2,100.0,0.0,23.2174825,120.365091
08BEAC0A0742,2023-08-05,00:07:55,31.2,100.0,13.0,23.003578,120.240161
08BEAC0A0480,2023-08-05,00:07:56,32.1,100.0,15.0,23.190069,120.192365
08BEAC0A0678,2023-08-05,00:07:59,30.7,100.0,11.0,23.139376,120.138374
08BEAC0A0040,2023-08-05,00:08:03,30.7,100.0,0.0,22.99133,120.230478
08BEAC0A05AC,2023-08-05,00:08:12,31.0,100.0,1.0,22.912748,120.261227
08BEAC0A0826,2023-08-05,00:08:18,30.8,100.0,11.0,23.0865158,120.3191882
08BEAC0A084E,2023-08-05,00:08:37,31.5,100.0,4.0,24.9785086,121.3061612
08BEAC0A0640,2023-08-05,00:08:51,32.0,100.0,12.0,23.160034,120.18215
08BEAC0A07A2,2023-08-05,00:09:09,28.6,100.0,7.0,25.10392038,121.2447143
08BEAC0A01AA,2023-08-05,00:09:21,30.8,84.0,7.0,24.9751,121.269826
08BEAC0A089E,2023-08-05,00:09:32,29.2,100.0,0.0,23.12107103,120.4585091
08BEAC0A0508,2023-08-05,00:09:47,30.5,100.0,12.0,23.138713,120.324702
08BEAC0A0344,2023-08-05,00:10:16,28.2,100.0,6.0,24.960122,121.178153
08BEAC0A080E,2023-08-05,00:10:32,33.0,100.0,9.0,23.158097,120.170618
08BEAC0A04EC,2023-08-05,00:10:50,27.1,100.0,7.0,24.936085,121.223586
08BEAC0A0296,2023-08-05,00:10:56,31.0,100.0,11.0,23.741269,120.401443
08BEAC0A0464,2023-08-05,00:11:20,31.7,100.0,11.0,22.989813,120.203024
08BEAC0A0774,2023-08-05,00:11:30,31.1,100.0,7.0,22.992411,120.294135
08BEAC0A0156,2023-08-05,00:11:37,29.5,100.0,0.0,24.0838267,120.752756
08BEAC0A0398,2023-08-05,00:12:09,31.0,100.0,14.0,24.1494507,120.6816876
08BEAC0A019A,2023-08-05,00:12:29,30.6,100.0,16.0,23.3199,120.34515
08BEAC0A06A6,2023-08-05,00:12:40,31.6,100.0,13.0,22.977305,120.186438
08BEAC0A0218,2023-08-05,00:12:54,29.7,100.0,15.0,23.6869687,120.5865383
08BEAC0A0226,2023-08-05,00:12:56,30.1,100.0,0.0,23.2174825,120.365091
08BEAC0A0830,2023-08-05,00:13:01,30.3,100.0,0.0,22.956295,120.248057
08BEAC0A0678,2023-08-05,00:13:15,30.7,100.0,11.0,23.139376,120.138374
08BEAC0A0480,2023-08-05,00:13:16,32.0,100.0,15.0,23.190069,120.192365
08BEAC0A0040,2023-08-05,00:13:21,30.8,100.0,0.0,22.99133,120.230478
08BEAC0A05AC,2023-08-05,00:13:28,31.1,100.0,2.0,22.912748,120.261227
08BEAC0A0826,2023-08-05,00:13:36,31.0,100.0,11.0,23.0865158,120.3191882
08BEAC0A0742,2023-08-05,00:13:41,31.3,100.0,12.0,23.003578,120.240161
08BEAC0A084E,2023-08-05,00:14:06,31.5,100.0,3.0,24.9785086,121.3061612
08BEAC0A0640,2023-08-05,00:14:11,32.1,100.0,12.0,23.160034,120.18215
08BEAC0A0340,2023-08-05,00:14:14,32.2,100.0,14.0,22.9193352,120.2170451
08BEAC0A07A2,2023-08-05,00:14:26,29.0,100.0,6.0,25.10392038,121.2447143
08BEAC0A01AA,2023-08-05,00:14:38,30.8,82.0,7.0,24.9751,121.269826
08BEAC0A089E,2023-08-05,00:14:47,29.2,100.0,0.0,23.12107103,120.4585091
08BEAC0A0508,2023-08-05,00:15:04,30.6,100.0,10.0,23.138713,120.324702
08BEAC0A0344,2023-08-05,00:15:32,28.2,100.0,6.0,24.960122,121.178153
08BEAC0A080E,2023-08-05,00:15:50,33.0,100.0,10.0,23.158097,120.170618
08BEAC0A04EC,2023-08-05,00:16:05,27.2,100.0,6.0,24.936085,121.223586
08BEAC0A0296,2023-08-05,00:16:13,31.0,100.0,11.0,23.741269,120.401443
08BEAC0A0464,2023-08-05,00:16:36,31.7,100.0,11.0,22.989813,120.203024
08BEAC0A0774,2023-08-05,00:16:45,31.0,100.0,6.0,22.992411,120.294135
08BEAC0A0156,2023-08-05,00:16:53,29.5,100.0,0.0,24.0838267,120.752756
08BEAC0A0398,2023-08-05,00:17:24,31.0,100.0,14.0,24.1494507,120.6816876
08BEAC0A019A,2023-08-05,00:17:46,30.6,100.0,15.0,23.3199,120.34515
08BEAC0A06A6,2023-08-05,00:17:57,31.5,100.0,13.0,22.977305,120.186438
08BEAC0A0218,2023-08-05,00:18:10,29.8,100.0,15.0,23.6869687,120.5865383
08BEAC0A0226,2023-08-05,00:18:12,30.0,100.0,0.0,23.2174825,120.365091
08BEAC0A0830,2023-08-05,00:18:16,30.3,100.0,0.0,22.956295,120.248057
08BEAC0A0480,2023-08-05,00:18:32,32.0,100.0,14.0,23.190069,120.192365
08BEAC0A0040,2023-08-05,00:18:38,31.0,100.0,0.0,22.99133,120.230478
08BEAC0A0678,2023-08-05,00:18:38,30.7,100.0,11.0,23.139376,120.138374
08BEAC0A05AC,2023-08-05,00:18:45,31.1,100.0,1.0,22.912748,120.261227
08BEAC0A0826,2023-08-05,00:18:53,31.0,100.0,11.0,23.0865158,120.3191882
08BEAC0A0742,2023-08-05,00:19:06,31.0,100.0,13.0,23.003578,120.240161
08BEAC0A0640,2023-08-05,00:19:27,32.0,100.0,12.0,23.160034,120.18215
08BEAC0A0340,2023-08-05,00:19:32,32.1,100.0,12.0,22.9193352,120.2170451
08BEAC0A07A2,2023-08-05,00:19:42,29.0,100.0,7.0,25.10392038,121.2447143
08BEAC0A084E,2023-08-05,00:19:43,31.5,100.0,4.0,24.9785086,121.3061612
08BEAC0A01AA,2023-08-05,00:19:55,30.8,81.0,6.0,24.9751,121.269826
08BEAC0A089E,2023-08-05,00:20:06,29.2,100.0,0.0,23.12107103,120.4585091
08BEAC0A0508,2023-08-05,00:20:19,30.7,100.0,10.0,23.138713,120.324702
08BEAC0A0344,2023-08-05,00:20:49,28.3,100.0,6.0,24.960122,121.178153
08BEAC0A080E,2023-08-05,00:21:06,33.0,100.0,10.0,23.158097,120.170618
08BEAC0A04EC,2023-08-05,00:21:21,27.1,100.0,6.0,24.936085,121.223586
08BEAC0A0296,2023-08-05,00:21:29,31.0,100.0,11.0,23.741269,120.401443
08BEAC0A0774,2023-08-05,00:22:00,31.0,100.0,6.0,22.992411,120.294135
08BEAC0A0156,2023-08-05,00:22:10,29.5,100.0,0.0,24.0838267,120.752756
08BEAC0A0398,2023-08-05,00:22:40,31.0,100.0,15.0,24.1494507,120.6816876
08BEAC0A019A,2023-08-05,00:23:01,30.6,100.0,15.0,23.3199,120.34515
08BEAC0A06A6,2023-08-05,00:23:12,31.6,100.0,11.0,22.977305,120.186438
08BEAC0A0780,2023-08-05,00:23:20,30.3,100.0,0.0,23.048983,120.174614
08BEAC0A0218,2023-08-05,00:23:25,29.8,100.0,15.0,23.6869687,120.5865383
08BEAC0A0226,2023-08-05,00:23:29,30.0,100.0,0.0,23.2174825,120.365091
08BEAC0A0830,2023-08-05,00:23:32,30.6,100.0,0.0,22.956295,120.248057
08BEAC0A0480,2023-08-05,00:23:48,32.0,100.0,14.0,23.190069,120.192365
08BEAC0A0040,2023-08-05,00:23:54,31.0,100.0,0.0,22.99133,120.230478
08BEAC0A0678,2023-08-05,00:23:57,30.7,100.0,11.0,23.139376,120.138374
08BEAC0A05AC,2023-08-05,00:24:02,31.0,100.0,2.0,22.912748,120.261227
08BEAC0A0826,2023-08-05,00:24:08,31.0,100.0,11.0,23.0865158,120.3191882
08BEAC0A0742,2023-08-05,00:24:26,31.2,100.0,12.0,23.003578,120.240161
08BEAC0A0640,2023-08-05,00:24:44,32.0,100.0,12.0,23.160034,120.18215
08BEAC0A0340,2023-08-05,00:24:48,32.2,100.0,10.0,22.9193352,120.2170451
08BEAC0A07A2,2023-08-05,00:24:58,29.1,100.0,6.0,25.10392038,121.2447143
08BEAC0A01AA,2023-08-05,00:25:12,30.8,80.0,6.0,24.9751,121.269826
08BEAC0A084E,2023-08-05,00:25:16,31.5,100.0,4.0,24.9785086,121.3061612
08BEAC0A089E,2023-08-05,00:25:21,29.2,100.0,0.0,23.12107103,120.4585091
08BEAC0A0508,2023-08-05,00:25:34,30.5,100.0,11.0,23.138713,120.324702
08BEAC0A0344,2023-08-05,00:26:05,28.2,100.0,6.0,24.960122,121.178153
08BEAC0A080E,2023-08-05,00:26:23,33.0,100.0,10.0,23.158097,120.170618
08BEAC0A04EC,2023-08-05,00:26:37,27.3,100.0,6.0,24.936085,121.223586
08BEAC0A0296,2023-08-05,00:26:44,31.0,100.0,12.0,23.741269,120.401443
08BEAC0A0774,2023-08-05,00:27:15,31.0,100.0,5.0,22.992411,120.294135
08BEAC0A0156,2023-08-05,00:27:25,29.6,100.0,0.0,24.0838267,120.752756
08BEAC0A0464,2023-08-05,00:27:38,31.7,100.0,10.0,22.989813,120.203024
08BEAC0A0398,2023-08-05,00:27:56,31.1,100.0,14.0,24.1494507,120.6816876
08BEAC0A019A,2023-08-05,00:28:18,30.6,100.0,15.0,23.3199,120.34515
08BEAC0A06A6,2023-08-05,00:28:27,31.7,100.0,10.0,22.977305,120.186438
08BEAC0A0218,2023-08-05,00:28:43,29.8,100.0,16.0,23.6869687,120.5865383
08BEAC0A0226,2023-08-05,00:28:44,30.0,100.0,0.0,23.2174825,120.365091
08BEAC0A0830,2023-08-05,00:28:48,30.5,100.0,0.0,22.956295,120.248057
08BEAC0A0480,2023-08-05,00:29:04,32.1,100.0,13.0,23.190069,120.192365
08BEAC0A0040,2023-08-05,00:29:12,30.6,100.0,0.0,22.99133,120.230478
08BEAC0A0678,2023-08-05,00:29:14,30.5,100.0,12.0,23.139376,120.138374
08BEAC0A05AC,2023-08-05,00:29:19,31.1,100.0,1.0,22.912748,120.261227
08BEAC0A0826,2023-08-05,00:29:24,31.0,100.0,11.0,23.0865158,120.3191882
08BEAC0A0742,2023-08-05,00:29:44,31.2,100.0,11.0,23.003578,120.240161
08BEAC0A0640,2023-08-05,00:30:00,32.0,100.0,10.0,23.160034,120.18215
08BEAC0A0340,2023-08-05,00:30:05,32.1,100.0,11.0,22.9193352,120.2170451
08BEAC0A07A2,2023-08-05,00:30:14,28.6,100.0,6.0,25.10392038,121.2447143
08BEAC0A01AA,2023-08-05,00:30:28,30.8,79.0,6.0,24.9751,121.269826
08BEAC0A089E,2023-08-05,00:30:38,29.2,100.0,0.0,23.12107103,120.4585091
08BEAC0A0508,2023-08-05,00:30:52,30.6,100.0,9.0,23.138713,120.324702
08BEAC0A084E,2023-08-05,00:30:55,31.5,100.0,4.0,24.9785086,121.3061612
08BEAC0A0344,2023-08-05,00:31:21,28.3,100.0,6.0,24.960122,121.178153
08BEAC0A080E,2023-08-05,00:31:39,33.0,100.0,9.0,23.158097,120.170618
08BEAC0A04EC,2023-08-05,00:31:53,27.5,100.0,7.0,24.936085,121.223586
08BEAC0A0296,2023-08-05,00:31:59,31.0,100.0,11.0,23.741269,120.401443
08BEAC0A0774,2023-08-05,00:32:30,31.0,100.0,5.0,22.992411,120.294135
08BEAC0A0780,2023-08-05,00:32:34,30.5,100.0,0.0,23.048983,120.174614
08BEAC0A0156,2023-08-05,00:32:42,29.6,100.0,0.0,24.0838267,120.752756
08BEAC0A0464,2023-08-05,00:32:54,32.0,100.0,10.0,22.989813,120.203024
08BEAC0A0398,2023-08-05,00:33:13,31.0,100.0,13.0,24.1494507,120.6816876
08BEAC0A019A,2023-08-05,00:33:33,30.7,100.0,13.0,23.3199,120.34515
08BEAC0A06A6,2023-08-05,00:33:43,31.7,100.0,10.0,22.977305,120.186438
08BEAC0A0218,2023-08-05,00:33:58,29.8,100.0,16.0,23.6869687,120.5865383
08BEAC0A0226,2023-08-05,00:34:00,30.0,100.0,0.0,23.2174825,120.365091
08BEAC0A0830,2023-08-05,00:34:07,30.5,100.0,0.0,22.956295,120.248057
08BEAC0A0480,2023-08-05,00:34:21,32.1,100.0,13.0,23.190069,120.192365
08BEAC0A0040,2023-08-05,00:34:27,30.8,100.0,0.0,22.99133,120.230478
08BEAC0A0678,2023-08-05,00:34:33,30.6,100.0,11.0,23.139376,120.138374
08BEAC0A05AC,2023-08-05,00:34:37,31.0,100.0,1.0,22.912748,120.261227
08BEAC0A0826,2023-08-05,00:34:42,31.0,100.0,11.0,23.0865158,120.3191882
08BEAC0A0742,2023-08-05,00:35:01,31.1,100.0,10.0,23.003578,120.240161
08BEAC0A0640,2023-08-05,00:35:15,31.8,100.0,12.0,23.160034,120.18215
08BEAC0A0340,2023-08-05,00:35:21,32.2,100.0,12.0,22.9193352,120.2170451
08BEAC0A07A2,2023-08-05,00:35:30,29.1,100.0,6.0,25.10392038,121.2447143
08BEAC0A01AA,2023-08-05,00:35:45,30.8,79.0,6.0,24.9751,121.269826
08BEAC0A089E,2023-08-05,00:35:56,29.3,100.0,0.0,23.12107103,120.4585091
08BEAC0A0508,2023-08-05,00:36:08,30.7,100.0,10.0,23.138713,120.324702
08BEAC0A084E,2023-08-05,00:36:29,31.5,100.0,3.0,24.9785086,121.3061612
08BEAC0A0344,2023-08-05,00:36:36,28.3,100.0,6.0,24.960122,121.178153
08BEAC0A080E,2023-08-05,00:36:56,33.0,100.0,9.0,23.158097,120.170618
08BEAC0A04EC,2023-08-05,00:37:09,27.6,100.0,7.0,24.936085,121.223586
08BEAC0A0296,2023-08-05,00:37:16,31.1,100.0,11.0,23.741269,120.401443
08BEAC0A0774,2023-08-05,00:37:45,31.0,100.0,6.0,22.992411,120.294135
08BEAC0A0156,2023-08-05,00:37:58,29.6,100.0,0.0,24.0838267,120.752756
08BEAC0A0464,2023-08-05,00:38:11,31.8,100.0,9.0,22.989813,120.203024
08BEAC0A0398,2023-08-05,00:38:31,31.0,100.0,15.0,24.1494507,120.6816876
08BEAC0A019A,2023-08-05,00:38:49,30.7,100.0,14.0,23.3199,120.34515
08BEAC0A06A6,2023-08-05,00:39:01,31.6,100.0,9.0,22.977305,120.186438
08BEAC0A0218,2023-08-05,00:39:14,29.8,100.0,15.0,23.6869687,120.5865383
08BEAC0A0226,2023-08-05,00:39:16,30.0,100.0,0.0,23.2174825,120.365091
08BEAC0A0830,2023-08-05,00:39:23,30.5,100.0,0.0,22.956295,120.248057
08BEAC0A0480,2023-08-05,00:39:38,32.1,100.0,13.0,23.190069,120.192365
08BEAC0A0040,2023-08-05,00:39:43,30.7,100.0,0.0,22.99133,120.230478
08BEAC0A0678,2023-08-05,00:39:49,30.8,100.0,11.0,23.139376,120.138374
08BEAC0A05AC,2023-08-05,00:39:56,31.0,100.0,0.0,22.912748,120.261227
08BEAC0A0826,2023-08-05,00:39:57,31.0,100.0,10.0,23.0865158,120.3191882
08BEAC0A0742,2023-08-05,00:40:18,31.5,100.0,11.0,23.003578,120.240161
08BEAC0A0640,2023-08-05,00:40:32,32.0,100.0,12.0,23.160034,120.18215
08BEAC0A0340,2023-08-05,00:40:37,32.2,100.0,11.0,22.9193352,120.2170451
08BEAC0A07A2,2023-08-05,00:40:47,29.1,100.0,5.0,25.10392038,121.2447143
08BEAC0A01AA,2023-08-05,00:41:00,31.0,79.0,6.0,24.9751,121.269826
08BEAC0A089E,2023-08-05,00:41:11,29.3,100.0,0.0,23.12107103,120.4585091
08BEAC0A0508,2023-08-05,00:41:25,30.7,100.0,10.0,23.138713,120.324702
08BEAC0A0344,2023-08-05,00:41:53,28.3,100.0,6.0,24.960122,121.178153
08BEAC0A084E,2023-08-05,00:42:07,31.6,100.0,4.0,24.9785086,121.3061612
08BEAC0A080E,2023-08-05,00:42:13,33.0,100.0,9.0,23.158097,120.170618
08BEAC0A04EC,2023-08-05,00:42:26,27.5,100.0,6.0,24.936085,121.223586
08BEAC0A0296,2023-08-05,00:42:32,31.1,100.0,12.0,23.741269,120.401443
08BEAC0A0156,2023-08-05,00:43:14,29.6,100.0,0.0,24.0838267,120.752756
08BEAC0A0774,2023-08-05,00:43:19,31.0,100.0,6.0,22.992411,120.294135
08BEAC0A0464,2023-08-05,00:43:28,31.8,100.0,8.0,22.989813,120.203024
08BEAC0A0398,2023-08-05,00:43:45,30.5,100.0,14.0,24.1494507,120.6816876
08BEAC0A019A,2023-08-05,00:44:05,30.7,100.0,13.0,23.3199,120.34515
08BEAC0A06A6,2023-08-05,00:44:17,31.7,100.0,9.0,22.977305,120.186438
08BEAC0A0218,2023-08-05,00:44:30,29.8,100.0,16.0,23.6869687,120.5865383
08BEAC0A0830,2023-08-05,00:44:39,30.7,100.0,0.0,22.956295,120.248057
08BEAC0A0480,2023-08-05,00:44:54,32.1,100.0,14.0,23.190069,120.192365
08BEAC0A0040,2023-08-05,00:45:01,30.5,100.0,0.0,22.99133,120.230478
08BEAC0A0678,2023-08-05,00:45:08,30.3,100.0,10.0,23.139376,120.138374
08BEAC0A05AC,2023-08-05,00:45:12,31.2,100.0,1.0,22.912748,120.261227
08BEAC0A0826,2023-08-05,00:45:15,31.0,100.0,10.0,23.0865158,120.3191882
08BEAC0A0742,2023-08-05,00:45:35,31.3,100.0,11.0,23.003578,120.240161
08BEAC0A0640,2023-08-05,00:45:48,31.8,100.0,12.0,23.160034,120.18215
08BEAC0A0340,2023-08-05,00:45:55,32.2,100.0,11.0,22.9193352,120.2170451
08BEAC0A07A2,2023-08-05,00:46:04,29.2,100.0,5.0,25.10392038,121.2447143
08BEAC0A01AA,2023-08-05,00:46:15,30.8,79.0,7.0,24.9751,121.269826
08BEAC0A089E,2023-08-05,00:46:26,29.3,100.0,0.0,23.12107103,120.4585091
08BEAC0A0508,2023-08-05,00:46:44,30.8,100.0,9.0,23.138713,120.324702
08BEAC0A0344,2023-08-05,00:47:09,28.3,100.0,6.0,24.960122,121.178153
08BEAC0A080E,2023-08-05,00:47:31,33.1,100.0,9.0,23.158097,120.170618
08BEAC0A084E,2023-08-05,00:47:40,31.6,100.0,3.0,24.9785086,121.3061612
08BEAC0A04EC,2023-08-05,00:47:43,27.7,100.0,6.0,24.936085,121.223586
08BEAC0A0296,2023-08-05,00:47:47,31.1,100.0,13.0,23.741269,120.401443
08BEAC0A06FA,2023-08-05,00:47:48,29.1,100.0,0.0,23.04435,120.470196
08BEAC0A0156,2023-08-05,00:48:30,29.6,100.0,0.0,24.0838267,120.752756
08BEAC0A0774,2023-08-05,00:48:35,30.8,100.0,5.0,22.992411,120.294135
08BEAC0A0464,2023-08-05,00:48:45,31.7,100.0,10.0,22.989813,120.203024
08BEAC0A0398,2023-08-05,00:49:02,29.8,100.0,15.0,24.1494507,120.6816876
08BEAC0A019A,2023-08-05,00:49:21,30.7,100.0,13.0,23.3199,120.34515
08BEAC0A06A6,2023-08-05,00:49:32,31.6,100.0,9.0,22.977305,120.186438
08BEAC0A0218,2023-08-05,00:49:45,30.0,100.0,16.0,23.6869687,120.5865383
08BEAC0A0226,2023-08-05,00:49:45,30.0,100.0,0.0,23.2174825,120.365091
08BEAC0A0830,2023-08-05,00:49:55,30.6,100.0,0.0,22.956295,120.248057
08BEAC0A0480,2023-08-05,00:50:10,32.1,100.0,12.0,23.190069,120.192365
08BEAC0A0040,2023-08-05,00:50:18,30.6,100.0,0.0,22.99133,120.230478
08BEAC0A0678,2023-08-05,00:50:28,30.6,100.0,10.0,23.139376,120.138374
08BEAC0A05AC,2023-08-05,00:50:30,31.3,100.0,0.0,22.912748,120.261227
08BEAC0A0826,2023-08-05,00:50:35,30.8,100.0,10.0,23.0865158,120.3191882
08BEAC0A0742,2023-08-05,00:50:56,31.2,100.0,9.0,23.003578,120.240161
08BEAC0A0640,2023-08-05,00:51:05,31.7,100.0,12.0,23.160034,120.18215
08BEAC0A0340,2023-08-05,00:51:11,32.2,100.0,11.0,22.9193352,120.2170451
08BEAC0A07A2,2023-08-05,00:51:21,29.2,100.0,4.0,25.10392038,121.2447143
08BEAC0A01AA,2023-08-05,00:51:30,30.8,80.0,7.0,24.9751,121.269826
08BEAC0A089E,2023-08-05,00:51:42,29.5,100.0,0.0,23.12107103,120.4585091
08BEAC0A0508,2023-08-05,00:52:01,30.8,100.0,10.0,23.138713,120.324702
08BEAC0A0344,2023-08-05,00:52:27,28.5,100.0,5.0,24.960122,121.178153
08BEAC0A04EC,2023-08-05,00:52:58,27.5,100.0,6.0,24.936085,121.223586
08BEAC0A0296,2023-08-05,00:53:03,31.1,100.0,12.0,23.741269,120.401443
08BEAC0A06FA,2023-08-05,00:53:07,29.1,100.0,0.0,23.04435,120.470196
08BEAC0A084E,2023-08-05,00:53:19,31.6,100.0,3.0,24.9785086,121.3061612
08BEAC0A0156,2023-08-05,00:53:45,29.6,100.0,0.0,24.0838267,120.752756
08BEAC0A0774,2023-08-05,00:53:51,30.8,100.0,6.0,22.992411,120.294135
08BEAC0A0464,2023-08-05,00:54:00,31.8,100.0,10.0,22.989813,120.203024
08BEAC0A0398,2023-08-05,00:54:19,29.8,100.0,15.0,24.1494507,120.6816876
08BEAC0A019A,2023-08-05,00:54:37,30.7,100.0,13.0,23.3199,120.34515
08BEAC0A06A6,2023-08-05,00:54:47,31.6,100.0,10.0,22.977305,120.186438
08BEAC0A0226,2023-08-05,00:55:01,30.0,100.0,0.0,23.2174825,120.365091
08BEAC0A0218,2023-08-05,00:55:02,30.1,100.0,16.0,23.6869687,120.5865383
08BEAC0A0830,2023-08-05,00:55:11,30.5,100.0,0.0,22.956295,120.248057
08BEAC0A0480,2023-08-05,00:55:26,32.1,100.0,12.0,23.190069,120.192365
08BEAC0A0040,2023-08-05,00:55:32,30.6,100.0,0.0,22.99133,120.230478
08BEAC0A0678,2023-08-05,00:55:45,30.6,100.0,9.0,23.139376,120.138374
08BEAC0A05AC,2023-08-05,00:55:47,31.3,100.0,1.0,22.912748,120.261227
08BEAC0A0826,2023-08-05,00:55:52,30.8,100.0,10.0,23.0865158,120.3191882
08BEAC0A0742,2023-08-05,00:56:14,30.8,100.0,10.0,23.003578,120.240161
08BEAC0A0640,2023-08-05,00:56:22,31.7,100.0,11.0,23.160034,120.18215
08BEAC0A0340,2023-08-05,00:56:26,32.1,100.0,11.0,22.9193352,120.2170451
08BEAC0A07A2,2023-08-05,00:56:37,29.3,100.0,5.0,25.10392038,121.2447143
08BEAC0A01AA,2023-08-05,00:56:49,30.8,81.0,7.0,24.9751,121.269826
08BEAC0A089E,2023-08-05,00:57:00,29.3,100.0,0.0,23.12107103,120.4585091
08BEAC0A0508,2023-08-05,00:57:17,30.7,100.0,9.0,23.138713,120.324702
08BEAC0A0344,2023-08-05,00:57:45,28.6,100.0,5.0,24.960122,121.178153
08BEAC0A080E,2023-08-05,00:58:01,33.0,100.0,8.0,23.158097,120.170618
08BEAC0A04EC,2023-08-05,00:58:14,27.6,100.0,6.0,24.936085,121.223586
08BEAC0A0296,2023-08-05,00:58:17,31.2,100.0,11.0,23.741269,120.401443
08BEAC0A06FA,2023-08-05,00:58:24,29.1,100.0,0.0,23.04435,120.470196
08BEAC0A084E,2023-08-05,00:58:39,31.6,100.0,4.0,24.9785086,121.3061612
08BEAC0A0156,2023-08-05,00:59:02,29.6,100.0,0.0,24.0838267,120.752756
08BEAC0A0774,2023-08-05,00:59:12,31.0,100.0,6.0,22.992411,120.294135
08BEAC0A0464,2023-08-05,00:59:17,32.0,100.0,9.0,22.989813,120.203024
08BEAC0A0398,2023-08-05,00:59:37,30.0,100.0,15.0,24.1494507,120.6816876
08BEAC0A019A,2023-08-05,00:59:52,30.7,100.0,12.0,23.3199,120.34515
08BEAC0A06A6,2023-08-05,01:00:03,31.7,100.0,10.0,22.977305,120.186438
08BEAC0A0226,2023-08-05,01:00:18,30.0,100.0,0.0,23.2174825,120.365091
08BEAC0A0218,2023-08-05,01:00:19,30.1,100.0,17.0,23.6869687,120.5865383
08BEAC0A0830,2023-08-05,01:00:30,30.5,100.0,0.0,22.956295,120.248057
08BEAC0A0480,2023-08-05,01:00:43,32.1,100.0,12.0,23.190069,120.192365
08BEAC0A0040,2023-08-05,01:00:47,30.7,100.0,0.0,22.99133,120.230478
08BEAC0A05AC,2023-08-05,01:01:05,31.1,100.0,1.0,22.912748,120.261227
08BEAC0A0678,2023-08-05,01:01:06,30.5,100.0,9.0,23.139376,120.138374
08BEAC0A0826,2023-08-05,01:01:08,30.8,100.0,9.0,23.0865158,120.3191882
08BEAC0A0742,2023-08-05,01:01:30,30.8,100.0,10.0,23.003578,120.240161
08BEAC0A0640,2023-08-05,01:01:40,31.7,100.0,12.0,23.160034,120.18215
08BEAC0A0340,2023-08-05,01:01:42,32.1,100.0,12.0,22.9193352,120.2170451
08BEAC0A07A2,2023-08-05,01:01:52,29.3,100.0,5.0,25.10392038,121.2447143
08BEAC0A01AA,2023-08-05,01:02:03,30.8,81.0,6.0,24.9751,121.269826
08BEAC0A089E,2023-08-05,01:02:17,29.5,100.0,0.0,23.12107103,120.4585091
08BEAC0A0508,2023-08-05,01:02:35,30.6,100.0,10.0,23.138713,120.324702
08BEAC0A0344,2023-08-05,01:03:02,28.7,100.0,6.0,24.960122,121.178153
08BEAC0A080E,2023-08-05,01:03:20,33.0,100.0,9.0,23.158097,120.170618
08BEAC0A04EC,2023-08-05,01:03:30,27.7,100.0,6.0,24.936085,121.223586
08BEAC0A0296,2023-08-05,01:03:34,31.1,100.0,11.0,23.741269,120.401443
08BEAC0A06FA,2023-08-05,01:03:44,29.2,100.0,0.0,23.04435,120.470196
08BEAC0A084E,2023-08-05,01:04:09,31.6,100.0,3.0,24.9785086,121.3061612
08BEAC0A0156,2023-08-05,01:04:18,29.6,100.0,0.0,24.0838267,120.752756
08BEAC0A0774,2023-08-05,01:04:28,30.8,100.0,6.0,22.992411,120.294135
08BEAC0A0464,2023-08-05,01:04:32,32.0,100.0,8.0,22.989813,120.203024
08BEAC0A0398,2023-08-05,01:04:54,30.2,100.0,16.0,24.1494507,120.6816876
08BEAC0A019A,2023-08-05,01:05:08,30.7,100.0,13.0,23.3199,120.34515
08BEAC0A06A6,2023-08-05,01:05:18,31.7,100.0,9.0,22.977305,120.186438
08BEAC0A0226,2023-08-05,01:05:32,30.1,100.0,0.0,23.2174825,120.365091
08BEAC0A0218,2023-08-05,01:05:37,30.0,100.0,17.0,23.6869687,120.5865383
08BEAC0A0830,2023-08-05,01:05:48,30.6,100.0,0.0,22.956295,120.248057
08BEAC0A0040,2023-08-05,01:06:04,30.7,100.0,0.0,22.99133,120.230478
08BEAC0A05AC,2023-08-05,01:06:20,31.1,100.0,0.0,22.912748,120.261227
08BEAC0A0678,2023-08-05,01:06:23,30.6,100.0,9.0,23.139376,120.138374
08BEAC0A0826,2023-08-05,01:06:24,30.8,100.0,9.0,23.0865158,120.3191882
08BEAC0A0742,2023-08-05,01:06:46,30.8,100.0,9.0,23.003578,120.240161
08BEAC0A0640,2023-08-05,01:06:56,31.8,100.0,14.0,23.160034,120.18215
08BEAC0A0340,2023-08-05,01:07:05,32.2,100.0,10.0,22.9193352,120.2170451
08BEAC0A07A2,2023-08-05,01:07:08,29.3,100.0,4.0,25.10392038,121.2447143
08BEAC0A01AA,2023-08-05,01:07:18,30.8,81.0,6.0,24.9751,121.269826
08BEAC0A089E,2023-08-05,01:07:32,29.3,100.0,0.0,23.12107103,120.4585091
08BEAC0A0508,2023-08-05,01:08:03,30.5,100.0,10.0,23.138713,120.324702
08BEAC0A0344,2023-08-05,01:08:17,28.7,100.0,5.0,24.960122,121.178153
08BEAC0A080E,2023-08-05,01:08:40,33.0,100.0,8.0,23.158097,120.170618
08BEAC0A04EC,2023-08-05,01:08:47,27.6,100.0,5.0,24.936085,121.223586
08BEAC0A06FA,2023-08-05,01:09:03,29.2,100.0,0.0,23.04435,120.470196
08BEAC0A084E,2023-08-05,01:09:35,31.6,100.0,3.0,24.9785086,121.3061612
08BEAC0A0156,2023-08-05,01:09:37,29.6,100.0,0.0,24.0838267,120.752756
08BEAC0A0774,2023-08-05,01:09:44,31.1,100.0,5.0,22.992411,120.294135
08BEAC0A0464,2023-08-05,01:09:49,31.8,100.0,9.0,22.989813,120.203024
08BEAC0A0398,2023-08-05,01:10:13,30.5,100.0,15.0,24.1494507,120.6816876
08BEAC0A019A,2023-08-05,01:10:26,30.7,100.0,12.0,23.3199,120.34515
08BEAC0A06A6,2023-08-05,01:10:34,31.6,100.0,9.0,22.977305,120.186438
08BEAC0A0226,2023-08-05,01:10:49,30.1,100.0,0.0,23.2174825,120.365091
08BEAC0A0218,2023-08-05,01:10:53,29.8,100.0,17.0,23.6869687,120.5865383
08BEAC0A0830,2023-08-05,01:11:04,30.7,100.0,0.0,22.956295,120.248057
08BEAC0A0480,2023-08-05,01:11:09,32.0,100.0,11.0,23.190069,120.192365
08BEAC0A0040,2023-08-05,01:11:21,30.7,100.0,0.0,22.99133,120.230478
08BEAC0A05AC,2023-08-05,01:11:39,31.2,100.0,1.0,22.912748,120.261227
08BEAC0A0826,2023-08-05,01:11:41,30.8,100.0,9.0,23.0865158,120.3191882
08BEAC0A0678,2023-08-05,01:11:47,30.6,100.0,9.0,23.139376,120.138374
08BEAC0A0742,2023-08-05,01:12:01,30.8,100.0,10.0,23.003578,120.240161
08BEAC0A0640,2023-08-05,01:12:14,32.0,100.0,14.0,23.160034,120.18215
08BEAC0A0340,2023-08-05,01:12:23,32.2,100.0,10.0,22.9193352,120.2170451
08BEAC0A07A2,2023-08-05,01:12:25,29.3,100.0,4.0,25.10392038,121.2447143
08BEAC0A01AA,2023-08-05,01:12:34,31.0,81.0,6.0,24.9751,121.269826
08BEAC0A089E,2023-08-05,01:12:50,29.3,100.0,0.0,23.12107103,120.4585091
08BEAC0A0508,2023-08-05,01:13:18,30.5,100.0,9.0,23.138713,120.324702
08BEAC0A0344,2023-08-05,01:13:33,28.8,100.0,5.0,24.960122,121.178153
08BEAC0A080E,2023-08-05,01:13:56,33.1,100.0,8.0,23.158097,120.170618
08BEAC0A04EC,2023-08-05,01:14:02,27.7,100.0,7.0,24.936085,121.223586
08BEAC0A06FA,2023-08-05,01:14:21,29.1,100.0,0.0,23.04435,120.470196
08BEAC0A0156,2023-08-05,01:14:54,29.6,100.0,0.0,24.0838267,120.752756
08BEAC0A0774,2023-08-05,01:15:03,31.1,100.0,5.0,22.992411,120.294135
08BEAC0A0464,2023-08-05,01:15:08,32.0,100.0,8.0,22.989813,120.203024
08BEAC0A084E,2023-08-05,01:15:08,31.7,100.0,3.0,24.9785086,121.3061612
08BEAC0A0398,2023-08-05,01:15:31,30.7,100.0,15.0,24.1494507,120.6816876
08BEAC0A019A,2023-08-05,01:15:42,30.7,100.0,12.0,23.3199,120.34515
08BEAC0A06A6,2023-08-05,01:15:51,31.6,100.0,10.0,22.977305,120.186438
08BEAC0A0226,2023-08-05,01:16:06,30.1,100.0,0.0,23.2174825,120.365091
08BEAC0A0218,2023-08-05,01:16:10,29.8,100.0,17.0,23.6869687,120.5865383
08BEAC0A0830,2023-08-05,01:16:20,30.5,100.0,0.0,22.956295,120.248057
08BEAC0A0480,2023-08-05,01:16:27,32.1,100.0,10.0,23.190069,120.192365
08BEAC0A0040,2023-08-05,01:16:37,30.8,100.0,0.0,22.99133,120.230478
08BEAC0A05AC,2023-08-05,01:16:55,31.3,100.0,0.0,22.912748,120.261227
08BEAC0A0826,2023-08-05,01:16:56,31.0,100.0,9.0,23.0865158,120.3191882
08BEAC0A0742,2023-08-05,01:17:19,30.8,100.0,9.0,23.003578,120.240161
08BEAC0A0678,2023-08-05,01:17:24,30.5,100.0,9.0,23.139376,120.138374
08BEAC0A0640,2023-08-05,01:17:31,32.0,100.0,11.0,23.160034,120.18215
08BEAC0A07A2,2023-08-05,01:17:41,29.2,100.0,4.0,25.10392038,121.2447143
08BEAC0A0340,2023-08-05,01:17:43,32.3,100.0,11.0,22.9193352,120.2170451
08BEAC0A01AA,2023-08-05,01:17:50,31.0,81.0,6.0,24.9751,121.269826
08BEAC0A089E,2023-08-05,01:18:05,29.3,100.0,0.0,23.12107103,120.4585091
08BEAC0A0508,2023-08-05,01:18:35,30.6,100.0,9.0,23.138713,120.324702
08BEAC0A0344,2023-08-05,01:18:50,28.8,100.0,5.0,24.960122,121.178153
08BEAC0A080E,2023-08-05,01:19:16,33.1,100.0,8.0,23.158097,120.170618
08BEAC0A04EC,2023-08-05,01:19:19,28.0,100.0,6.0,24.936085,121.223586
08BEAC0A06FA,2023-08-05,01:19:38,29.1,100.0,0.0,23.04435,120.470196
08BEAC0A0156,2023-08-05,01:20:11,29.6,100.0,0.0,24.0838267,120.752756
08BEAC0A0774,2023-08-05,01:20:22,31.1,100.0,4.0,22.992411,120.294135
08BEAC0A0464,2023-08-05,01:20:27,31.8,100.0,8.0,22.989813,120.203024
08BEAC0A084E,2023-08-05,01:20:40,31.7,100.0,3.0,24.9785086,121.3061612
08BEAC0A0398,2023-08-05,01:20:47,30.7,100.0,16.0,24.1494507,120.6816876
08BEAC0A019A,2023-08-05,01:20:58,30.8,100.0,12.0,23.3199,120.34515
08BEAC0A06A6,2023-08-05,01:21:09,31.6,100.0,9.0,22.977305,120.186438
08BEAC0A0226,2023-08-05,01:21:21,30.0,100.0,0.0,23.2174825,120.365091
08BEAC0A0218,2023-08-05,01:21:26,29.8,100.0,16.0,23.6869687,120.5865383
08BEAC0A0830,2023-08-05,01:21:39,30.7,100.0,0.0,22.956295,120.248057
08BEAC0A0480,2023-08-05,01:21:43,32.1,100.0,11.0,23.190069,120.192365
08BEAC0A0040,2023-08-05,01:21:52,30.8,100.0,0.0,22.99133,120.230478
08BEAC0A05AC,2023-08-05,01:22:10,31.5,100.0,0.0,22.912748,120.261227
08BEAC0A0826,2023-08-05,01:22:15,31.1,100.0,8.0,23.0865158,120.3191882
08BEAC0A0742,2023-08-05,01:22:35,31.2,100.0,10.0,23.003578,120.240161
08BEAC0A0640,2023-08-05,01:22:48,32.2,100.0,10.0,23.160034,120.18215
08BEAC0A07A2,2023-08-05,01:22:57,29.5,100.0,4.0,25.10392038,121.2447143
08BEAC0A0340,2023-08-05,01:23:01,32.3,100.0,11.0,22.9193352,120.2170451
08BEAC0A01AA,2023-08-05,01:23:05,31.0,81.0,5.0,24.9751,121.269826
08BEAC0A089E,2023-08-05,01:23:22,29.3,100.0,0.0,23.12107103,120.4585091
08BEAC0A0508,2023-08-05,01:23:51,30.7,100.0,8.0,23.138713,120.324702
08BEAC0A0344,2023-08-05,01:24:07,29.0,100.0,5.0,24.960122,121.178153
08BEAC0A080E,2023-08-05,01:24:33,33.1,100.0,7.0,23.158097,120.170618
08BEAC0A04EC,2023-08-05,01:24:35,28.0,100.0,6.0,24.936085,121.223586
08BEAC0A06FA,2023-08-05,01:25:12,29.1,100.0,0.0,23.04435,120.470196
08BEAC0A0156,2023-08-05,01:25:28,29.7,100.0,0.0,24.0838267,120.752756
08BEAC0A0774,2023-08-05,01:25:39,31.1,100.0,5.0,22.992411,120.294135
08BEAC0A0464,2023-08-05,01:25:44,31.8,100.0,9.0,22.989813,120.203024
08BEAC0A0398,2023-08-05,01:26:02,30.8,100.0,16.0,24.1494507,120.6816876
08BEAC0A084E,2023-08-05,01:26:12,31.8,100.0,3.0,24.9785086,121.3061612
08BEAC0A019A,2023-08-05,01:26:15,31.0,100.0,12.0,23.3199,120.34515
08BEAC0A06A6,2023-08-05,01:26:26,31.7,100.0,9.0,22.977305,120.186438
08BEAC0A0226,2023-08-05,01:26:38,30.0,100.0,0.0,23.2174825,120.365091
08BEAC0A0218,2023-08-05,01:26:41,30.0,100.0,17.0,23.6869687,120.5865383
08BEAC0A0830,2023-08-05,01:26:53,30.6,100.0,0.0,22.956295,120.248057
08BEAC0A0480,2023-08-05,01:27:01,32.1,100.0,11.0,23.190069,120.192365
08BEAC0A0040,2023-08-05,01:27:08,31.0,100.0,0.0,22.99133,120.230478
08BEAC0A05AC,2023-08-05,01:27:27,31.6,100.0,0.0,22.912748,120.261227
08BEAC0A0826,2023-08-05,01:27:32,31.1,100.0,7.0,23.0865158,120.3191882
08BEAC0A0678,2023-08-05,01:27:52,30.7,100.0,8.0,23.139376,120.138374
08BEAC0A0742,2023-08-05,01:27:56,31.2,100.0,10.0,23.003578,120.240161
08BEAC0A0640,2023-08-05,01:28:06,32.3,100.0,10.0,23.160034,120.18215
08BEAC0A07A2,2023-08-05,01:28:11,29.8,100.0,5.0,25.10392038,121.2447143
08BEAC0A01AA,2023-08-05,01:28:20,31.1,80.0,6.0,24.9751,121.269826
08BEAC0A0340,2023-08-05,01:28:21,32.3,100.0,10.0,22.9193352,120.2170451
08BEAC0A089E,2023-08-05,01:28:40,29.5,100.0,0.0,23.12107103,120.4585091
08BEAC0A0508,2023-08-05,01:29:08,30.7,100.0,8.0,23.138713,120.324702
08BEAC0A0344,2023-08-05,01:29:22,29.1,100.0,5.0,24.960122,121.178153
08BEAC0A080E,2023-08-05,01:29:49,33.1,100.0,7.0,23.158097,120.170618
08BEAC0A04EC,2023-08-05,01:29:51,28.5,100.0,6.0,24.936085,121.223586
08BEAC0A06FA,2023-08-05,01:30:28,29.1,100.0,0.0,23.04435,120.470196
08BEAC0A0156,2023-08-05,01:30:45,29.7,100.0,0.0,24.0838267,120.752756
08BEAC0A0774,2023-08-05,01:30:55,31.1,100.0,4.0,22.992411,120.294135
08BEAC0A0464,2023-08-05,01:31:00,32.0,100.0,8.0,22.989813,120.203024
08BEAC0A0398,2023-08-05,01:31:19,31.0,100.0,16.0,24.1494507,120.6816876
08BEAC0A019A,2023-08-05,01:31:29,31.0,100.0,12.0,23.3199,120.34515
08BEAC0A084E,2023-08-05,01:31:36,31.8,100.0,3.0,24.9785086,121.3061612
08BEAC0A06A6,2023-08-05,01:31:42,31.7,100.0,9.0,22.977305,120.186438
08BEAC0A0226,2023-08-05,01:31:55,30.0,100.0,0.0,23.2174825,120.365091
08BEAC0A0218,2023-08-05,01:31:58,30.0,100.0,16.0,23.6869687,120.5865383
08BEAC0A0830,2023-08-05,01:32:12,30.8,100.0,0.0,22.956295,120.248057
08BEAC0A0480,2023-08-05,01:32:16,32.1,100.0,10.0,23.190069,120.192365
08BEAC0A0040,2023-08-05,01:32:24,31.0,100.0,0.0,22.99133,120.230478
08BEAC0A05AC,2023-08-05,01:32:47,31.6,100.0,0.0,22.912748,120.261227
08BEAC0A0826,2023-08-05,01:32:51,31.1,100.0,8.0,23.0865158,120.3191882
08BEAC0A0678,2023-08-05,01:33:10,30.7,100.0,8.0,23.139376,120.138374
08BEAC0A0742,2023-08-05,01:33:13,31.2,100.0,10.0,23.003578,120.240161
08BEAC0A0640,2023-08-05,01:33:23,32.3,100.0,11.0,23.160034,120.18215
08BEAC0A07A2,2023-08-05,01:33:28,30.0,100.0,5.0,25.10392038,121.2447143
08BEAC0A01AA,2023-08-05,01:33:36,31.2,80.0,5.0,24.9751,121.269826
08BEAC0A0340,2023-08-05,01:33:38,32.5,100.0,12.0,22.9193352,120.2170451
08BEAC0A089E,2023-08-05,01:33:58,29.5,100.0,0.0,23.12107103,120.4585091
08BEAC0A0508,2023-08-05,01:34:27,30.8,100.0,8.0,23.138713,120.324702
08BEAC0A0344,2023-08-05,01:34:38,29.2,100.0,4.0,24.960122,121.178153
08BEAC0A080E,2023-08-05,01:35:06,33.1,100.0,8.0,23.158097,120.170618
08BEAC0A04EC,2023-08-05,01:35:08,28.6,100.0,6.0,24.936085,121.223586
08BEAC0A06FA,2023-08-05,01:35:46,29.1,100.0,0.0,23.04435,120.470196
08BEAC0A0156,2023-08-05,01:36:02,29.7,100.0,0.0,24.0838267,120.752756
08BEAC0A0774,2023-08-05,01:36:12,31.2,100.0,5.0,22.992411,120.294135
08BEAC0A0464,2023-08-05,01:36:16,32.0,100.0,8.0,22.989813,120.203024
08BEAC0A0398,2023-08-05,01:36:35,31.1,100.0,16.0,24.1494507,120.6816876
08BEAC0A019A,2023-08-05,01:36:45,31.0,100.0,11.0,23.3199,120.34515
08BEAC0A06A6,2023-08-05,01:36:57,31.7,100.0,9.0,22.977305,120.186438
08BEAC0A084E,2023-08-05,01:37:03,31.8,100.0,3.0,24.9785086,121.3061612
08BEAC0A0226,2023-08-05,01:37:10,30.1,100.0,0.0,23.2174825,120.365091
08BEAC0A0218,2023-08-05,01:37:15,30.0,100.0,17.0,23.6869687,120.5865383
08BEAC0A0830,2023-08-05,01:37:29,30.6,100.0,0.0,22.956295,120.248057
08BEAC0A0480,2023-08-05,01:37:30,32.1,100.0,11.0,23.190069,120.192365
08BEAC0A0040,2023-08-05,01:37:39,31.0,100.0,0.0,22.99133,120.230478
08BEAC0A05AC,2023-08-05,01:38:03,31.5,100.0,1.0,22.912748,120.261227
08BEAC0A0826,2023-08-05,01:38:07,31.1,100.0,8.0,23.0865158,120.3191882
08BEAC0A0678,2023-08-05,01:38:26,30.7,100.0,8.0,23.139376,120.138374
08BEAC0A0742,2023-08-05,01:38:33,31.2,100.0,9.0,23.003578,120.240161
08BEAC0A0640,2023-08-05,01:38:38,32.3,100.0,9.0,23.160034,120.18215
08BEAC0A07A2,2023-08-05,01:38:43,29.8,100.0,4.0,25.10392038,121.2447143
08BEAC0A01AA,2023-08-05,01:38:53,31.3,78.0,5.0,24.9751,121.269826
08BEAC0A0340,2023-08-05,01:38:53,32.6,100.0,11.0,22.9193352,120.2170451
08BEAC0A089E,2023-08-05,01:39:17,29.5,100.0,0.0,23.12107103,120.4585091
08BEAC0A0780,2023-08-05,01:39:32,30.0,100.0,0.0,23.048983,120.174614
08BEAC0A0508,2023-08-05,01:39:42,30.8,100.0,8.0,23.138713,120.324702
08BEAC0A0344,2023-08-05,01:39:54,29.3,100.0,4.0,24.960122,121.178153
08BEAC0A04EC,2023-08-05,01:40:24,28.5,100.0,4.0,24.936085,121.223586
08BEAC0A080E,2023-08-05,01:40:26,33.1,100.0,6.0,23.158097,120.170618
08BEAC0A06FA,2023-08-05,01:41:04,29.2,100.0,0.0,23.04435,120.470196
08BEAC0A0156,2023-08-05,01:41:20,29.6,100.0,0.0,24.0838267,120.752756
08BEAC0A0774,2023-08-05,01:41:30,31.2,100.0,5.0,22.992411,120.294135
08BEAC0A0464,2023-08-05,01:41:35,32.1,100.0,9.0,22.989813,120.203024
08BEAC0A0398,2023-08-05,01:41:51,31.0,100.0,15.0,24.1494507,120.6816876
08BEAC0A019A,2023-08-05,01:42:01,31.0,100.0,11.0,23.3199,120.34515
08BEAC0A06A6,2023-08-05,01:42:15,31.8,100.0,9.0,22.977305,120.186438
08BEAC0A0226,2023-08-05,01:42:27,30.2,100.0,0.0,23.2174825,120.365091
08BEAC0A084E,2023-08-05,01:42:28,32.0,100.0,3.0,24.9785086,121.3061612
08BEAC0A0218,2023-08-05,01:42:32,29.8,100.0,18.0,23.6869687,120.5865383
08BEAC0A0480,2023-08-05,01:42:46,32.1,100.0,10.0,23.190069,120.192365
08BEAC0A0040,2023-08-05,01:42:54,31.0,100.0,0.0,22.99133,120.230478
08BEAC0A05AC,2023-08-05,01:43:21,31.5,100.0,1.0,22.912748,120.261227
08BEAC0A0826,2023-08-05,01:43:24,31.1,100.0,7.0,23.0865158,120.3191882
08BEAC0A0678,2023-08-05,01:43:46,30.7,100.0,8.0,23.139376,120.138374
08BEAC0A0742,2023-08-05,01:43:52,31.2,100.0,8.0,23.003578,120.240161
08BEAC0A0640,2023-08-05,01:43:56,32.5,100.0,10.0,23.160034,120.18215
08BEAC0A07A2,2023-08-05,01:43:58,30.2,100.0,3.0,25.10392038,121.2447143
08BEAC0A01AA,2023-08-05,01:44:07,31.5,78.0,5.0,24.9751,121.269826
08BEAC0A0340,2023-08-05,01:44:09,32.7,100.0,10.0,22.9193352,120.2170451
08BEAC0A089E,2023-08-05,01:44:34,29.6,100.0,0.0,23.12107103,120.4585091
08BEAC0A0508,2023-08-05,01:44:57,31.0,100.0,7.0,23.138713,120.324702
08BEAC0A0344,2023-08-05,01:45:11,29.5,100.0,4.0,24.960122,121.178153
08BEAC0A04EC,2023-08-05,01:45:41,28.7,100.0,4.0,24.936085,121.223586
08BEAC0A080E,2023-08-05,01:45:41,33.1,100.0,7.0,23.158097,120.170618
08BEAC0A06FA,2023-08-05,01:46:20,29.2,100.0,0.0,23.04435,120.470196
08BEAC0A0156,2023-08-05,01:46:35,29.6,100.0,0.0,24.0838267,120.752756
08BEAC0A0774,2023-08-05,01:46:45,31.2,100.0,5.0,22.992411,120.294135
08BEAC0A0464,2023-08-05,01:46:52,32.3,100.0,8.0,22.989813,120.203024
08BEAC0A0398,2023-08-05,01:47:07,31.0,100.0,15.0,24.1494507,120.6816876
08BEAC0A019A,2023-08-05,01:47:18,31.0,100.0,12.0,23.3199,120.34515
08BEAC0A06A6,2023-08-05,01:47:30,32.0,100.0,9.0,22.977305,120.186438
08BEAC0A0226,2023-08-05,01:47:43,30.2,100.0,0.0,23.2174825,120.365091
08BEAC0A0218,2023-08-05,01:47:50,29.8,100.0,16.0,23.6869687,120.5865383
08BEAC0A084E,2023-08-05,01:47:53,32.0,100.0,3.0,24.9785086,121.3061612
08BEAC0A0830,2023-08-05,01:47:55,30.7,100.0,0.0,22.956295,120.248057
08BEAC0A0480,2023-08-05,01:48:02,32.1,100.0,10.0,23.190069,120.192365
08BEAC0A0040,2023-08-05,01:48:09,31.2,100.0,0.0,22.99133,120.230478
08BEAC0A05AC,2023-08-05,01:48:48,31.6,100.0,1.0,22.912748,120.261227
08BEAC0A0826,2023-08-05,01:48:55,31.1,100.0,8.0,23.0865158,120.3191882
08BEAC0A0678,2023-08-05,01:49:02,31.0,100.0,7.0,23.139376,120.138374
08BEAC0A0640,2023-08-05,01:49:10,32.6,100.0,9.0,23.160034,120.18215
08BEAC0A07A2,2023-08-05,01:49:13,30.2,100.0,2.0,25.10392038,121.2447143
08BEAC0A0742,2023-08-05,01:49:16,31.5,100.0,9.0,23.003578,120.240161
08BEAC0A01AA,2023-08-05,01:49:22,31.5,77.0,5.0,24.9751,121.269826
08BEAC0A0340,2023-08-05,01:49:25,32.6,100.0,11.0,22.9193352,120.2170451
08BEAC0A089E,2023-08-05,01:49:50,29.6,100.0,0.0,23.12107103,120.4585091
08BEAC0A0508,2023-08-05,01:50:14,31.0,100.0,7.0,23.138713,120.324702
08BEAC0A0344,2023-08-05,01:50:28,29.5,100.0,3.0,24.960122,121.178153
08BEAC0A080E,2023-08-05,01:50:56,33.1,100.0,7.0,23.158097,120.170618
08BEAC0A04EC,2023-08-05,01:50:57,28.8,100.0,4.0,24.936085,121.223586
08BEAC0A06FA,2023-08-05,01:51:35,29.3,100.0,0.0,23.04435,120.470196
08BEAC0A0156,2023-08-05,01:51:51,29.5,100.0,0.0,24.0838267,120.752756
08BEAC0A0774,2023-08-05,01:52:01,31.2,100.0,6.0,22.992411,120.294135
08BEAC0A0464,2023-08-05,01:52:08,32.2,100.0,8.0,22.989813,120.203024
08BEAC0A0398,2023-08-05,01:52:23,31.0,100.0,16.0,24.1494507,120.6816876
08BEAC0A019A,2023-08-05,01:52:34,31.0,100.0,11.0,23.3199,120.34515
08BEAC0A06A6,2023-08-05,01:52:46,32.0,100.0,9.0,22.977305,120.186438
08BEAC0A0226,2023-08-05,01:52:59,30.2,100.0,0.0,23.2174825,120.365091
08BEAC0A0218,2023-08-05,01:53:07,29.8,100.0,21.0,23.6869687,120.5865383
08BEAC0A0830,2023-08-05,01:53:11,31.0,100.0,0.0,22.956295,120.248057
08BEAC0A084E,2023-08-05,01:53:16,32.1,100.0,3.0,24.9785086,121.3061612
08BEAC0A0480,2023-08-05,01:53:17,32.1,100.0,10.0,23.190069,120.192365
08BEAC0A0040,2023-08-05,01:53:27,31.3,100.0,0.0,22.99133,120.230478
08BEAC0A05AC,2023-08-05,01:54:04,31.6,100.0,0.0,22.912748,120.261227
08BEAC0A0826,2023-08-05,01:54:10,31.1,100.0,8.0,23.0865158,120.3191882
08BEAC0A0678,2023-08-05,01:54:21,31.1,100.0,8.0,23.139376,120.138374
08BEAC0A0640,2023-08-05,01:54:25,33.0,100.0,8.0,23.160034,120.18215
08BEAC0A07A2,2023-08-05,01:54:28,30.2,100.0,3.0,25.10392038,121.2447143
08BEAC0A0742,2023-08-05,01:54:31,31.2,100.0,8.0,23.003578,120.240161
08BEAC0A01AA,2023-08-05,01:54:37,31.5,78.0,5.0,24.9751,121.269826
08BEAC0A0340,2023-08-05,01:54:44,32.7,100.0,11.0,22.9193352,120.2170451
08BEAC0A089E,2023-08-05,01:55:07,29.6,100.0,0.0,23.12107103,120.4585091
08BEAC0A0508,2023-08-05,01:55:33,31.0,100.0,8.0,23.138713,120.324702
08BEAC0A0344,2023-08-05,01:55:45,29.5,100.0,2.0,24.960122,121.178153
08BEAC0A080E,2023-08-05,01:56:11,33.1,100.0,7.0,23.158097,120.170618
08BEAC0A04EC,2023-08-05,01:56:14,28.8,100.0,3.0,24.936085,121.223586
08BEAC0A06FA,2023-08-05,01:56:52,29.3,100.0,0.0,23.04435,120.470196
08BEAC0A0156,2023-08-05,01:57:08,29.3,100.0,0.0,24.0838267,120.752756
08BEAC0A0774,2023-08-05,01:57:18,31.3,100.0,5.0,22.992411,120.294135
08BEAC0A0464,2023-08-05,01:57:23,32.1,100.0,8.0,22.989813,120.203024
08BEAC0A0398,2023-08-05,01:57:38,31.0,100.0,15.0,24.1494507,120.6816876
08BEAC0A019A,2023-08-05,01:57:51,31.0,100.0,10.0,23.3199,120.34515
08BEAC0A06A6,2023-08-05,01:58:02,32.0,100.0,9.0,22.977305,120.186438
08BEAC0A0226,2023-08-05,01:58:16,30.2,100.0,0.0,23.2174825,120.365091
08BEAC0A0218,2023-08-05,01:58:24,29.8,100.0,21.0,23.6869687,120.5865383
08BEAC0A0830,2023-08-05,01:58:29,31.1,100.0,0.0,22.956295,120.248057
08BEAC0A0480,2023-08-05,01:58:33,32.1,100.0,10.0,23.190069,120.192365
08BEAC0A084E,2023-08-05,01:58:37,32.1,100.0,3.0,24.9785086,121.3061612
08BEAC0A0040,2023-08-05,01:58:46,31.3,100.0,0.0,22.99133,120.230478
08BEAC0A05AC,2023-08-05,01:59:21,31.7,100.0,1.0,22.912748,120.261227
08BEAC0A0826,2023-08-05,01:59:27,31.1,100.0,9.0,23.0865158,120.3191882
08BEAC0A0678,2023-08-05,01:59:37,31.0,100.0,8.0,23.139376,120.138374
08BEAC0A0640,2023-08-05,01:59:42,32.8,100.0,9.0,23.160034,120.18215
08BEAC0A07A2,2023-08-05,01:59:44,30.5,100.0,4.0,25.10392038,121.2447143
08BEAC0A0742,2023-08-05,01:59:47,31.2,100.0,9.0,23.003578,120.240161
08BEAC0A01AA,2023-08-05,01:59:52,31.5,79.0,3.0,24.9751,121.269826
08BEAC0A0340,2023-08-05,02:00:00,32.7,100.0,11.0,22.9193352,120.2170451
08BEAC0A089E,2023-08-05,02:00:24,29.6,100.0,0.0,23.12107103,120.4585091
08BEAC0A0508,2023-08-05,02:00:48,31.0,100.0,7.0,23.138713,120.324702
08BEAC0A0344,2023-08-05,02:01:03,29.5,100.0,3.0,24.960122,121.178153
08BEAC0A04EC,2023-08-05,02:01:29,28.6,100.0,4.0,24.936085,121.223586
08BEAC0A080E,2023-08-05,02:01:29,33.2,100.0,6.0,23.158097,120.170618
08BEAC0A06FA,2023-08-05,02:02:16,29.5,100.0,0.0,23.04435,120.470196
08BEAC0A0156,2023-08-05,02:02:26,29.1,100.0,0.0,24.0838267,120.752756
08BEAC0A0774,2023-08-05,02:02:38,31.3,100.0,5.0,22.992411,120.294135
08BEAC0A0464,2023-08-05,02:02:40,32.2,100.0,7.0,22.989813,120.203024
08BEAC0A0398,2023-08-05,02:02:54,31.1,100.0,16.0,24.1494507,120.6816876
08BEAC0A019A,2023-08-05,02:03:06,31.0,100.0,11.0,23.3199,120.34515
08BEAC0A06A6,2023-08-05,02:03:17,32.1,100.0,9.0,22.977305,120.186438
08BEAC0A0226,2023-08-05,02:03:33,30.1,100.0,0.0,23.2174825,120.365091
08BEAC0A0218,2023-08-05,02:03:39,29.8,100.0,19.0,23.6869687,120.5865383
08BEAC0A0830,2023-08-05,02:03:47,30.8,100.0,0.0,22.956295,120.248057
08BEAC0A0480,2023-08-05,02:03:51,32.1,100.0,9.0,23.190069,120.192365
08BEAC0A0040,2023-08-05,02:04:03,31.3,100.0,0.0,22.99133,120.230478
08BEAC0A084E,2023-08-05,02:04:09,32.2,100.0,3.0,24.9785086,121.3061612
08BEAC0A05AC,2023-08-05,02:04:42,31.8,100.0,0.0,22.912748,120.261227
08BEAC0A0826,2023-08-05,02:04:44,31.1,100.0,9.0,23.0865158,120.3191882
08BEAC0A0678,2023-08-05,02:04:54,30.8,100.0,8.0,23.139376,120.138374
08BEAC0A0640,2023-08-05,02:04:59,32.7,100.0,8.0,23.160034,120.18215
08BEAC0A07A2,2023-08-05,02:05:00,30.5,100.0,4.0,25.10392038,121.2447143
08BEAC0A0742,2023-08-05,02:05:02,31.1,100.0,8.0,23.003578,120.240161
08BEAC0A01AA,2023-08-05,02:05:08,31.6,79.0,5.0,24.9751,121.269826
08BEAC0A0340,2023-08-05,02:05:19,32.7,100.0,11.0,22.9193352,120.2170451
08BEAC0A089E,2023-08-05,02:05:42,29.6,100.0,0.0,23.12107103,120.4585091
08BEAC0A0508,2023-08-05,02:06:04,31.0,100.0,7.0,23.138713,120.324702
08BEAC0A0344,2023-08-05,02:06:18,29.7,100.0,4.0,24.960122,121.178153
08BEAC0A04EC,2023-08-05,02:06:43,28.7,100.0,3.0,24.936085,121.223586
08BEAC0A080E,2023-08-05,02:06:44,33.2,100.0,6.0,23.158097,120.170618
08BEAC0A06FA,2023-08-05,02:07:33,29.5,100.0,0.0,23.04435,120.470196
08BEAC0A0156,2023-08-05,02:07:42,29.0,100.0,0.0,24.0838267,120.752756
08BEAC0A0774,2023-08-05,02:07:55,31.3,100.0,4.0,22.992411,120.294135
08BEAC0A0464,2023-08-05,02:07:56,32.2,100.0,8.0,22.989813,120.203024
08BEAC0A0398,2023-08-05,02:08:09,31.1,100.0,15.0,24.1494507,120.6816876
08BEAC0A019A,2023-08-05,02:08:24,31.0,100.0,11.0,23.3199,120.34515
08BEAC0A06A6,2023-08-05,02:08:33,32.1,100.0,10.0,22.977305,120.186438
08BEAC0A0218,2023-08-05,02:08:55,30.0,100.0,18.0,23.6869687,120.5865383
08BEAC0A0830,2023-08-05,02:09:02,31.1,100.0,0.0,22.956295,120.248057
08BEAC0A0480,2023-08-05,02:09:07,32.1,100.0,9.0,23.190069,120.192365
08BEAC0A0040,2023-08-05,02:09:19,31.3,100.0,0.0,22.99133,120.230478
08BEAC0A084E,2023-08-05,02:09:42,32.2,100.0,3.0,24.9785086,121.3061612
08BEAC0A05AC,2023-08-05,02:09:59,31.7,100.0,1.0,22.912748,120.261227
08BEAC0A0826,2023-08-05,02:10:02,31.1,100.0,8.0,23.0865158,120.3191882
08BEAC0A0678,2023-08-05,02:10:11,30.8,100.0,8.0,23.139376,120.138374
08BEAC0A0640,2023-08-05,02:10:16,32.6,100.0,8.0,23.160034,120.18215
08BEAC0A07A2,2023-08-05,02:10:17,30.0,100.0,5.0,25.10392038,121.2447143
08BEAC0A0742,2023-08-05,02:10:21,31.1,100.0,10.0,23.003578,120.240161
08BEAC0A01AA,2023-08-05,02:10:25,31.6,80.0,5.0,24.9751,121.269826
08BEAC0A0340,2023-08-05,02:10:36,32.7,100.0,11.0,22.9193352,120.2170451
08BEAC0A089E,2023-08-05,02:10:57,29.7,100.0,0.0,23.12107103,120.4585091
08BEAC0A0508,2023-08-05,02:11:21,31.0,100.0,7.0,23.138713,120.324702
08BEAC0A0344,2023-08-05,02:11:35,29.7,100.0,6.0,24.960122,121.178153
08BEAC0A04EC,2023-08-05,02:11:58,28.7,100.0,5.0,24.936085,121.223586
08BEAC0A080E,2023-08-05,02:11:59,33.2,100.0,7.0,23.158097,120.170618
08BEAC0A06FA,2023-08-05,02:12:54,29.6,100.0,0.0,23.04435,120.470196
08BEAC0A0156,2023-08-05,02:13:00,28.8,100.0,0.0,24.0838267,120.752756
08BEAC0A0774,2023-08-05,02:13:12,31.3,100.0,5.0,22.992411,120.294135
08BEAC0A0464,2023-08-05,02:13:14,32.2,100.0,8.0,22.989813,120.203024
08BEAC0A0398,2023-08-05,02:13:27,31.1,100.0,16.0,24.1494507,120.6816876
08BEAC0A019A,2023-08-05,02:13:40,31.0,100.0,9.0,23.3199,120.34515
08BEAC0A06A6,2023-08-05,02:13:51,32.0,100.0,9.0,22.977305,120.186438
08BEAC0A0226,2023-08-05,02:13:59,30.3,100.0,0.0,23.2174825,120.365091
08BEAC0A0218,2023-08-05,02:14:11,29.8,100.0,15.0,23.6869687,120.5865383
08BEAC0A0830,2023-08-05,02:14:19,31.1,100.0,0.0,22.956295,120.248057
08BEAC0A0480,2023-08-05,02:14:23,32.1,100.0,9.0,23.190069,120.192365
08BEAC0A0040,2023-08-05,02:14:36,31.0,100.0,0.0,22.99133,120.230478
08BEAC0A084E,2023-08-05,02:15:14,32.2,100.0,3.0,24.9785086,121.3061612
08BEAC0A05AC,2023-08-05,02:15:17,31.5,100.0,1.0,22.912748,120.261227
08BEAC0A0826,2023-08-05,02:15:19,31.2,100.0,7.0,23.0865158,120.3191882
08BEAC0A0640,2023-08-05,02:15:32,32.6,100.0,8.0,23.160034,120.18215
08BEAC0A0678,2023-08-05,02:15:32,31.0,100.0,9.0,23.139376,120.138374
08BEAC0A07A2,2023-08-05,02:15:36,30.2,100.0,5.0,25.10392038,121.2447143
08BEAC0A0742,2023-08-05,02:15:40,31.5,100.0,9.0,23.003578,120.240161
08BEAC0A01AA,2023-08-05,02:15:42,31.8,79.0,5.0,24.9751,121.269826
08BEAC0A0340,2023-08-05,02:15:53,32.7,100.0,11.0,22.9193352,120.2170451
08BEAC0A089E,2023-08-05,02:16:14,29.7,100.0,0.0,23.12107103,120.4585091
08BEAC0A0508,2023-08-05,02:16:38,31.0,100.0,7.0,23.138713,120.324702
08BEAC0A0344,2023-08-05,02:16:52,29.5,100.0,4.0,24.960122,121.178153
08BEAC0A04EC,2023-08-05,02:17:14,28.7,100.0,3.0,24.936085,121.223586
08BEAC0A080E,2023-08-05,02:17:17,33.2,100.0,7.0,23.158097,120.170618
08BEAC0A06FA,2023-08-05,02:18:13,29.6,100.0,0.0,23.04435,120.470196
08BEAC0A0156,2023-08-05,02:18:16,28.8,100.0,0.0,24.0838267,120.752756
08BEAC0A0774,2023-08-05,02:18:28,31.3,100.0,5.0,22.992411,120.294135
08BEAC0A0464,2023-08-05,02:18:31,32.3,100.0,9.0,22.989813,120.203024
08BEAC0A0398,2023-08-05,02:18:42,31.1,100.0,15.0,24.1494507,120.6816876
08BEAC0A019A,2023-08-05,02:18:56,30.8,100.0,9.0,23.3199,120.34515
08BEAC0A06A6,2023-08-05,02:19:05,32.0,100.0,9.0,22.977305,120.186438
08BEAC0A0226,2023-08-05,02:19:16,30.3,100.0,0.0,23.2174825,120.365091
08BEAC0A0218,2023-08-05,02:19:26,29.8,100.0,16.0,23.6869687,120.5865383
08BEAC0A0830,2023-08-05,02:19:37,30.8,100.0,0.0,22.956295,120.248057
08BEAC0A0480,2023-08-05,02:19:39,32.1,100.0,8.0,23.190069,120.192365
08BEAC0A0040,2023-08-05,02:19:55,31.2,100.0,0.0,22.99133,120.230478
08BEAC0A05AC,2023-08-05,02:20:33,31.6,100.0,1.0,22.912748,120.261227
08BEAC0A0826,2023-08-05,02:20:37,31.2,100.0,8.0,23.0865158,120.3191882
08BEAC0A0678,2023-08-05,02:20:46,30.8,100.0,9.0,23.139376,120.138374
08BEAC0A0640,2023-08-05,02:20:47,32.6,100.0,9.0,23.160034,120.18215
08BEAC0A07A2,2023-08-05,02:20:51,30.1,100.0,5.0,25.10392038,121.2447143
08BEAC0A0742,2023-08-05,02:20:55,31.3,100.0,9.0,23.003578,120.240161
08BEAC0A01AA,2023-08-05,02:20:59,31.8,80.0,6.0,24.9751,121.269826
08BEAC0A084E,2023-08-05,02:21:07,32.3,100.0,3.0,24.9785086,121.3061612
08BEAC0A0340,2023-08-05,02:21:08,32.7,100.0,10.0,22.9193352,120.2170451
08BEAC0A089E,2023-08-05,02:21:30,29.7,100.0,0.0,23.12107103,120.4585091
08BEAC0A0508,2023-08-05,02:21:54,31.0,100.0,8.0,23.138713,120.324702
08BEAC0A0344,2023-08-05,02:22:09,29.5,100.0,3.0,24.960122,121.178153
08BEAC0A04EC,2023-08-05,02:22:29,28.5,100.0,4.0,24.936085,121.223586
08BEAC0A080E,2023-08-05,02:22:33,33.2,100.0,6.0,23.158097,120.170618
08BEAC0A06FA,2023-08-05,02:23:28,29.7,100.0,0.0,23.04435,120.470196
08BEAC0A0156,2023-08-05,02:23:33,28.7,100.0,0.0,24.0838267,120.752756
08BEAC0A0774,2023-08-05,02:23:45,31.5,100.0,5.0,22.992411,120.294135
08BEAC0A0464,2023-08-05,02:23:49,32.3,100.0,8.0,22.989813,120.203024
08BEAC0A0398,2023-08-05,02:23:58,30.7,100.0,13.0,24.1494507,120.6816876
08BEAC0A019A,2023-08-05,02:24:13,31.0,100.0,10.0,23.3199,120.34515
08BEAC0A06A6,2023-08-05,02:24:22,32.0,100.0,9.0,22.977305,120.186438
08BEAC0A0226,2023-08-05,02:24:35,30.3,100.0,0.0,23.2174825,120.365091
08BEAC0A0218,2023-08-05,02:24:42,29.8,100.0,16.0,23.6869687,120.5865383
08BEAC0A0830,2023-08-05,02:24:56,31.0,100.0,0.0,22.956295,120.248057
08BEAC0A0480,2023-08-05,02:24:57,32.1,100.0,9.0,23.190069,120.192365
08BEAC0A0040,2023-08-05,02:25:12,31.1,100.0,0.0,22.99133,120.230478
08BEAC0A05AC,2023-08-05,02:25:52,31.8,100.0,0.0,22.912748,120.261227
08BEAC0A0826,2023-08-05,02:25:55,31.2,100.0,8.0,23.0865158,120.3191882
08BEAC0A0640,2023-08-05,02:26:02,32.6,100.0,8.0,23.160034,120.18215
08BEAC0A0678,2023-08-05,02:26:05,31.0,100.0,8.0,23.139376,120.138374
08BEAC0A07A2,2023-08-05,02:26:07,30.0,100.0,5.0,25.10392038,121.2447143
08BEAC0A0742,2023-08-05,02:26:12,31.2,100.0,10.0,23.003578,120.240161
08BEAC0A01AA,2023-08-05,02:26:16,31.7,79.0,5.0,24.9751,121.269826
08BEAC0A0340,2023-08-05,02:26:23,32.8,100.0,10.0,22.9193352,120.2170451
08BEAC0A089E,2023-08-05,02:26:45,29.8,100.0,0.0,23.12107103,120.4585091
08BEAC0A084E,2023-08-05,02:26:49,32.3,100.0,4.0,24.9785086,121.3061612
08BEAC0A0508,2023-08-05,02:27:12,31.1,100.0,8.0,23.138713,120.324702
08BEAC0A0344,2023-08-05,02:27:26,29.5,100.0,3.0,24.960122,121.178153
08BEAC0A04EC,2023-08-05,02:27:44,28.8,100.0,3.0,24.936085,121.223586
08BEAC0A080E,2023-08-05,02:27:49,33.2,100.0,6.0,23.158097,120.170618
08BEAC0A06FA,2023-08-05,02:28:44,29.7,100.0,0.0,23.04435,120.470196
08BEAC0A0156,2023-08-05,02:28:50,28.6,100.0,0.0,24.0838267,120.752756
08BEAC0A0774,2023-08-05,02:29:03,31.3,100.0,5.0,22.992411,120.294135
08BEAC0A0464,2023-08-05,02:29:08,32.5,100.0,9.0,22.989813,120.203024
08BEAC0A0398,2023-08-05,02:29:12,30.7,100.0,11.0,24.1494507,120.6816876
08BEAC0A019A,2023-08-05,02:29:32,31.0,100.0,10.0,23.3199,120.34515
08BEAC0A06A6,2023-08-05,02:29:40,32.0,100.0,10.0,22.977305,120.186438
08BEAC0A0226,2023-08-05,02:29:52,30.3,100.0,0.0,23.2174825,120.365091
08BEAC0A0218,2023-08-05,02:29:59,29.8,100.0,16.0,23.6869687,120.5865383
08BEAC0A0480,2023-08-05,02:30:12,32.1,100.0,9.0,23.190069,120.192365
08BEAC0A0830,2023-08-05,02:30:15,30.8,100.0,0.0,22.956295,120.248057
08BEAC0A0040,2023-08-05,02:30:29,31.1,100.0,0.0,22.99133,120.230478
08BEAC0A05AC,2023-08-05,02:31:08,31.6,100.0,2.0,22.912748,120.261227
08BEAC0A0826,2023-08-05,02:31:12,31.3,100.0,8.0,23.0865158,120.3191882
08BEAC0A0640,2023-08-05,02:31:19,32.5,100.0,10.0,23.160034,120.18215
08BEAC0A07A2,2023-08-05,02:31:23,29.7,100.0,3.0,25.10392038,121.2447143
08BEAC0A0678,2023-08-05,02:31:27,31.0,100.0,9.0,23.139376,120.138374
08BEAC0A0742,2023-08-05,02:31:29,31.3,100.0,9.0,23.003578,120.240161
08BEAC0A01AA,2023-08-05,02:31:31,31.7,79.0,4.0,24.9751,121.269826
08BEAC0A0340,2023-08-05,02:31:39,32.8,100.0,12.0,22.9193352,120.2170451
08BEAC0A089E,2023-08-05,02:32:02,29.8,100.0,0.0,23.12107103,120.4585091
08BEAC0A084E,2023-08-05,02:32:13,32.3,100.0,4.0,24.9785086,121.3061612
08BEAC0A0508,2023-08-05,02:32:31,31.0,100.0,8.0,23.138713,120.324702
08BEAC0A0344,2023-08-05,02:32:42,29.5,100.0,3.0,24.960122,121.178153
08BEAC0A04EC,2023-08-05,02:33:00,28.7,100.0,4.0,24.936085,121.223586
08BEAC0A080E,2023-08-05,02:33:04,33.2,100.0,6.0,23.158097,120.170618
08BEAC0A06FA,2023-08-05,02:34:02,29.8,100.0,0.0,23.04435,120.470196
08BEAC0A0156,2023-08-05,02:34:08,28.6,100.0,0.0,24.0838267,120.752756
08BEAC0A0774,2023-08-05,02:34:20,31.3,100.0,4.0,22.992411,120.294135
08BEAC0A0464,2023-08-05,02:34:26,32.5,100.0,8.0,22.989813,120.203024
08BEAC0A0398,2023-08-05,02:34:27,30.7,100.0,11.0,24.1494507,120.6816876
08BEAC0A019A,2023-08-05,02:34:46,31.0,100.0,10.0,23.3199,120.34515
08BEAC0A06A6,2023-08-05,02:34:58,32.1,100.0,9.0,22.977305,120.186438
08BEAC0A0226,2023-08-05,02:35:07,30.5,100.0,0.0,23.2174825,120.365091
08BEAC0A0218,2023-08-05,02:35:15,29.8,100.0,16.0,23.6869687,120.5865383
08BEAC0A0480,2023-08-05,02:35:27,32.2,100.0,8.0,23.190069,120.192365
08BEAC0A0830,2023-08-05,02:35:34,31.0,100.0,0.0,22.956295,120.248057
08BEAC0A0040,2023-08-05,02:35:46,31.1,100.0,0.0,22.99133,120.230478
08BEAC0A05AC,2023-08-05,02:36:24,31.5,100.0,1.0,22.912748,120.261227
08BEAC0A0826,2023-08-05,02:36:28,31.3,100.0,8.0,23.0865158,120.3191882
08BEAC0A0640,2023-08-05,02:36:36,32.3,100.0,11.0,23.160034,120.18215
08BEAC0A07A2,2023-08-05,02:36:40,30.1,100.0,2.0,25.10392038,121.2447143
08BEAC0A0678,2023-08-05,02:36:42,30.7,100.0,8.0,23.139376,120.138374
08BEAC0A01AA,2023-08-05,02:36:45,31.7,79.0,4.0,24.9751,121.269826
08BEAC0A0742,2023-08-05,02:36:46,31.3,100.0,10.0,23.003578,120.240161
08BEAC0A0340,2023-08-05,02:37:00,32.8,100.0,10.0,22.9193352,120.2170451
08BEAC0A089E,2023-08-05,02:37:17,30.0,100.0,0.0,23.12107103,120.4585091
08BEAC0A084E,2023-08-05,02:37:53,32.3,100.0,4.0,24.9785086,121.3061612
08BEAC0A0344,2023-08-05,02:37:59,29.5,100.0,2.0,24.960122,121.178153
08BEAC0A04EC,2023-08-05,02:38:16,29.2,100.0,3.0,24.936085,121.223586
08BEAC0A080E,2023-08-05,02:38:22,33.2,100.0,6.0,23.158097,120.170618
08BEAC0A06FA,2023-08-05,02:39:21,29.8,100.0,0.0,23.04435,120.470196
08BEAC0A0156,2023-08-05,02:39:24,28.6,100.0,0.0,24.0838267,120.752756
08BEAC0A0774,2023-08-05,02:39:36,31.3,100.0,4.0,22.992411,120.294135
08BEAC0A0464,2023-08-05,02:39:42,32.6,100.0,7.0,22.989813,120.203024
08BEAC0A0398,2023-08-05,02:39:43,30.7,100.0,10.0,24.1494507,120.6816876
08BEAC0A019A,2023-08-05,02:40:04,31.0,100.0,9.0,23.3199,120.34515
08BEAC0A06A6,2023-08-05,02:40:15,32.3,100.0,9.0,22.977305,120.186438
08BEAC0A0226,2023-08-05,02:40:26,30.3,100.0,0.0,23.2174825,120.365091
08BEAC0A0218,2023-08-05,02:40:32,29.8,100.0,16.0,23.6869687,120.5865383
08BEAC0A0480,2023-08-05,02:40:42,32.2,100.0,8.0,23.190069,120.192365
08BEAC0A0830,2023-08-05,02:40:49,31.1,100.0,0.0,22.956295,120.248057
08BEAC0A05AC,2023-08-05,02:41:42,31.5,100.0,2.0,22.912748,120.261227
08BEAC0A0826,2023-08-05,02:41:46,31.3,100.0,8.0,23.0865158,120.3191882
08BEAC0A0640,2023-08-05,02:41:52,32.5,100.0,19.0,23.160034,120.18215
08BEAC0A07A2,2023-08-05,02:41:57,30.0,100.0,2.0,25.10392038,121.2447143
08BEAC0A01AA,2023-08-05,02:42:01,31.7,78.0,4.0,24.9751,121.269826
08BEAC0A0678,2023-08-05,02:42:04,30.7,100.0,9.0,23.139376,120.138374
08BEAC0A0742,2023-08-05,02:42:04,31.2,100.0,9.0,23.003578,120.240161
08BEAC0A0340,2023-08-05,02:42:17,32.7,100.0,10.0,22.9193352,120.2170451
08BEAC0A089E,2023-08-05,02:42:32,30.0,100.0,0.0,23.12107103,120.4585091
08BEAC0A0508,2023-08-05,02:42:58,31.0,100.0,7.0,23.138713,120.324702
08BEAC0A0344,2023-08-05,02:43:18,29.5,100.0,2.0,24.960122,121.178153
08BEAC0A084E,2023-08-05,02:43:26,32.3,100.0,5.0,24.9785086,121.3061612
08BEAC0A0780,2023-08-05,02:43:27,30.5,100.0,0.0,23.048983,120.174614
08BEAC0A04EC,2023-08-05,02:43:34,29.3,100.0,3.0,24.936085,121.223586
08BEAC0A080E,2023-08-05,02:43:39,33.2,100.0,6.0,23.158097,120.170618
08BEAC0A06FA,2023-08-05,02:44:35,30.0,100.0,0.0,23.04435,120.470196
08BEAC0A0156,2023-08-05,02:44:41,28.6,100.0,0.0,24.0838267,120.752756
08BEAC0A0774,2023-08-05,02:44:52,31.5,100.0,5.0,22.992411,120.294135
08BEAC0A0464,2023-08-05,02:44:59,32.7,100.0,8.0,22.989813,120.203024
08BEAC0A0398,2023-08-05,02:45:00,30.7,100.0,11.0,24.1494507,120.6816876
08BEAC0A019A,2023-08-05,02:45:19,31.0,100.0,9.0,23.3199,120.34515
08BEAC0A06A6,2023-08-05,02:45:32,32.5,100.0,8.0,22.977305,120.186438
08BEAC0A0226,2023-08-05,02:45:43,30.5,100.0,0.0,23.2174825,120.365091
08BEAC0A0218,2023-08-05,02:45:50,29.8,100.0,15.0,23.6869687,120.5865383
08BEAC0A0480,2023-08-05,02:45:59,32.1,100.0,9.0,23.190069,120.192365
08BEAC0A0830,2023-08-05,02:46:05,31.1,100.0,0.0,22.956295,120.248057
08BEAC0A0040,2023-08-05,02:46:17,31.3,100.0,0.0,22.99133,120.230478
08BEAC0A05AC,2023-08-05,02:46:59,31.5,100.0,1.0,22.912748,120.261227
08BEAC0A0826,2023-08-05,02:47:05,31.5,100.0,9.0,23.0865158,120.3191882
08BEAC0A0640,2023-08-05,02:47:10,32.3,100.0,10.0,23.160034,120.18215
08BEAC0A07A2,2023-08-05,02:47:14,30.0,100.0,4.0,25.10392038,121.2447143
08BEAC0A01AA,2023-08-05,02:47:16,31.7,77.0,3.0,24.9751,121.269826
08BEAC0A0678,2023-08-05,02:47:21,30.6,100.0,8.0,23.139376,120.138374
08BEAC0A0742,2023-08-05,02:47:24,31.2,100.0,10.0,23.003578,120.240161
08BEAC0A0340,2023-08-05,02:47:33,32.6,100.0,11.0,22.9193352,120.2170451
08BEAC0A089E,2023-08-05,02:47:47,30.1,100.0,0.0,23.12107103,120.4585091
08BEAC0A0508,2023-08-05,02:48:15,31.0,100.0,7.0,23.138713,120.324702
08BEAC0A0344,2023-08-05,02:48:33,29.3,100.0,3.0,24.960122,121.178153
08BEAC0A04EC,2023-08-05,02:48:50,29.3,100.0,4.0,24.936085,121.223586
08BEAC0A080E,2023-08-05,02:48:55,33.2,100.0,7.0,23.158097,120.170618
08BEAC0A084E,2023-08-05,02:48:59,32.5,100.0,4.0,24.9785086,121.3061612
08BEAC0A06FA,2023-08-05,02:49:52,30.0,100.0,0.0,23.04435,120.470196
08BEAC0A0156,2023-08-05,02:49:58,28.6,100.0,0.0,24.0838267,120.752756
08BEAC0A0774,2023-08-05,02:50:12,31.6,100.0,4.0,22.992411,120.294135
08BEAC0A0464,2023-08-05,02:50:19,32.7,100.0,8.0,22.989813,120.203024
08BEAC0A0398,2023-08-05,02:50:21,30.7,100.0,9.0,24.1494507,120.6816876
08BEAC0A019A,2023-08-05,02:50:37,31.1,100.0,9.0,23.3199,120.34515
08BEAC0A06A6,2023-08-05,02:50:47,32.6,100.0,9.0,22.977305,120.186438
08BEAC0A0226,2023-08-05,02:50:58,30.5,100.0,0.0,23.2174825,120.365091
08BEAC0A0218,2023-08-05,02:51:06,29.8,100.0,14.0,23.6869687,120.5865383
08BEAC0A0480,2023-08-05,02:51:16,32.1,100.0,8.0,23.190069,120.192365
08BEAC0A0830,2023-08-05,02:51:20,31.1,100.0,0.0,22.956295,120.248057
08BEAC0A0040,2023-08-05,02:51:33,31.5,100.0,0.0,22.99133,120.230478
08BEAC0A05AC,2023-08-05,02:52:14,31.6,100.0,1.0,22.912748,120.261227
08BEAC0A0826,2023-08-05,02:52:20,31.3,100.0,8.0,23.0865158,120.3191882
08BEAC0A0640,2023-08-05,02:52:26,32.5,100.0,12.0,23.160034,120.18215
08BEAC0A07A2,2023-08-05,02:52:31,30.0,100.0,4.0,25.10392038,121.2447143
08BEAC0A01AA,2023-08-05,02:52:32,31.7,77.0,4.0,24.9751,121.269826
08BEAC0A0742,2023-08-05,02:52:39,31.1,100.0,9.0,23.003578,120.240161
08BEAC0A0678,2023-08-05,02:52:43,30.8,100.0,8.0,23.139376,120.138374
08BEAC0A0340,2023-08-05,02:52:52,32.7,100.0,10.0,22.9193352,120.2170451
08BEAC0A089E,2023-08-05,02:53:03,30.1,100.0,0.0,23.12107103,120.4585091
08BEAC0A0508,2023-08-05,02:53:32,31.0,100.0,8.0,23.138713,120.324702
08BEAC0A0344,2023-08-05,02:53:49,29.5,100.0,3.0,24.960122,121.178153
08BEAC0A04EC,2023-08-05,02:54:06,29.3,100.0,5.0,24.936085,121.223586
08BEAC0A080E,2023-08-05,02:54:11,33.2,100.0,6.0,23.158097,120.170618
08BEAC0A084E,2023-08-05,02:54:23,32.3,100.0,4.0,24.9785086,121.3061612
08BEAC0A06FA,2023-08-05,02:55:11,30.0,100.0,0.0,23.04435,120.470196
08BEAC0A0156,2023-08-05,02:55:16,28.6,100.0,0.0,24.0838267,120.752756
08BEAC0A0774,2023-08-05,02:55:27,31.7,100.0,4.0,22.992411,120.294135
08BEAC0A0398,2023-08-05,02:55:36,30.7,100.0,7.0,24.1494507,120.6816876
08BEAC0A0464,2023-08-05,02:55:36,32.7,100.0,8.0,22.989813,120.203024
08BEAC0A019A,2023-08-05,02:55:52,31.1,100.0,8.0,23.3199,120.34515
08BEAC0A06A6,2023-08-05,02:56:02,32.6,100.0,9.0,22.977305,120.186438
08BEAC0A0226,2023-08-05,02:56:15,30.3,100.0,0.0,23.2174825,120.365091
08BEAC0A0218,2023-08-05,02:56:20,30.0,100.0,14.0,23.6869687,120.5865383
08BEAC0A0480,2023-08-05,02:56:31,32.1,100.0,9.0,23.190069,120.192365
08BEAC0A0830,2023-08-05,02:56:36,31.2,100.0,0.0,22.956295,120.248057
08BEAC0A0040,2023-08-05,02:56:51,31.5,100.0,0.0,22.99133,120.230478
08BEAC0A05AC,2023-08-05,02:57:31,31.6,100.0,2.0,22.912748,120.261227
08BEAC0A0826,2023-08-05,02:57:35,31.3,100.0,8.0,23.0865158,120.3191882
08BEAC0A0640,2023-08-05,02:57:42,32.7,100.0,11.0,23.160034,120.18215
08BEAC0A07A2,2023-08-05,02:57:48,30.1,100.0,4.0,25.10392038,121.2447143
08BEAC0A01AA,2023-08-05,02:57:49,31.8,78.0,7.0,24.9751,121.269826
08BEAC0A0742,2023-08-05,02:57:57,31.5,100.0,9.0,23.003578,120.240161
08BEAC0A0678,2023-08-05,02:57:59,30.8,100.0,8.0,23.139376,120.138374
08BEAC0A0340,2023-08-05,02:58:08,32.7,100.0,10.0,22.9193352,120.2170451
08BEAC0A089E,2023-08-05,02:58:21,30.1,100.0,0.0,23.12107103,120.4585091
08BEAC0A0508,2023-08-05,02:58:49,31.1,100.0,8.0,23.138713,120.324702
08BEAC0A0344,2023-08-05,02:59:05,29.3,100.0,4.0,24.960122,121.178153
08BEAC0A04EC,2023-08-05,02:59:22,28.6,100.0,4.0,24.936085,121.223586
08BEAC0A080E,2023-08-05,02:59:27,33.2,100.0,7.0,23.158097,120.170618
08BEAC0A084E,2023-08-05,02:59:59,32.5,100.0,3.0,24.9785086,121.3061612
08BEAC0A06FA,2023-08-05,03:00:28,30.1,100.0,0.0,23.04435,120.470196
08BEAC0A0156,2023-08-05,03:00:34,28.5,100.0,0.0,24.0838267,120.752756
08BEAC0A0774,2023-08-05,03:00:42,31.7,100.0,4.0,22.992411,120.294135
08BEAC0A0398,2023-08-05,03:00:52,30.6,100.0,5.0,24.1494507,120.6816876
08BEAC0A0464,2023-08-05,03:00:54,32.7,100.0,8.0,22.989813,120.203024
08BEAC0A019A,2023-08-05,03:01:09,31.1,100.0,8.0,23.3199,120.34515
08BEAC0A06A6,2023-08-05,03:01:18,32.5,100.0,9.0,22.977305,120.186438
08BEAC0A0226,2023-08-05,03:01:32,30.5,100.0,0.0,23.2174825,120.365091
08BEAC0A0218,2023-08-05,03:01:39,30.1,100.0,14.0,23.6869687,120.5865383
08BEAC0A0480,2023-08-05,03:01:48,32.2,100.0,7.0,23.190069,120.192365
08BEAC0A0830,2023-08-05,03:01:53,31.0,100.0,0.0,22.956295,120.248057
08BEAC0A0040,2023-08-05,03:02:08,31.5,100.0,0.0,22.99133,120.230478
08BEAC0A0826,2023-08-05,03:02:51,31.2,100.0,8.0,23.0865158,120.3191882
08BEAC0A05AC,2023-08-05,03:02:53,31.8,100.0,1.0,22.912748,120.261227
08BEAC0A0640,2023-08-05,03:03:00,32.6,100.0,9.0,23.160034,120.18215
08BEAC0A07A2,2023-08-05,03:03:03,30.2,100.0,4.0,25.10392038,121.2447143
08BEAC0A01AA,2023-08-05,03:03:04,32.0,77.0,7.0,24.9751,121.269826
08BEAC0A0742,2023-08-05,03:03:15,31.5,100.0,9.0,23.003578,120.240161
08BEAC0A0678,2023-08-05,03:03:26,30.8,100.0,7.0,23.139376,120.138374
08BEAC0A0340,2023-08-05,03:03:32,32.8,100.0,11.0,22.9193352,120.2170451
08BEAC0A089E,2023-08-05,03:03:38,30.1,100.0,0.0,23.12107103,120.4585091
08BEAC0A0508,2023-08-05,03:04:07,31.1,100.0,9.0,23.138713,120.324702
08BEAC0A0344,2023-08-05,03:04:23,29.1,100.0,4.0,24.960122,121.178153
08BEAC0A04EC,2023-08-05,03:04:37,29.2,100.0,5.0,24.936085,121.223586
08BEAC0A080E,2023-08-05,03:04:42,33.2,100.0,6.0,23.158097,120.170618
08BEAC0A084E,2023-08-05,03:05:31,32.5,100.0,4.0,24.9785086,121.3061612
08BEAC0A06FA,2023-08-05,03:05:45,30.1,100.0,0.0,23.04435,120.470196
08BEAC0A0156,2023-08-05,03:05:51,28.5,100.0,0.0,24.0838267,120.752756
08BEAC0A0774,2023-08-05,03:05:57,31.7,100.0,5.0,22.992411,120.294135
08BEAC0A0398,2023-08-05,03:06:07,30.6,100.0,5.0,24.1494507,120.6816876
08BEAC0A0464,2023-08-05,03:06:11,32.6,100.0,8.0,22.989813,120.203024
08BEAC0A019A,2023-08-05,03:06:24,31.2,100.0,9.0,23.3199,120.34515
08BEAC0A06A6,2023-08-05,03:06:33,32.5,100.0,9.0,22.977305,120.186438
08BEAC0A0226,2023-08-05,03:06:48,30.3,100.0,0.0,23.2174825,120.365091
08BEAC0A0218,2023-08-05,03:06:55,30.1,100.0,13.0,23.6869687,120.5865383
08BEAC0A0480,2023-08-05,03:07:04,32.1,100.0,8.0,23.190069,120.192365
08BEAC0A0830,2023-08-05,03:07:14,31.1,100.0,0.0,22.956295,120.248057
08BEAC0A0040,2023-08-05,03:07:24,31.5,100.0,0.0,22.99133,120.230478
08BEAC0A0826,2023-08-05,03:08:07,31.2,100.0,8.0,23.0865158,120.3191882
08BEAC0A05AC,2023-08-05,03:08:10,32.0,100.0,2.0,22.912748,120.261227
08BEAC0A0640,2023-08-05,03:08:14,32.7,100.0,10.0,23.160034,120.18215
08BEAC0A07A2,2023-08-05,03:08:18,30.2,100.0,4.0,25.10392038,121.2447143
08BEAC0A01AA,2023-08-05,03:08:20,32.0,78.0,9.0,24.9751,121.269826
08BEAC0A0742,2023-08-05,03:08:30,31.6,100.0,9.0,23.003578,120.240161
08BEAC0A0678,2023-08-05,03:08:43,31.0,100.0,8.0,23.139376,120.138374
08BEAC0A0340,2023-08-05,03:08:48,33.1,100.0,12.0,22.9193352,120.2170451
08BEAC0A089E,2023-08-05,03:08:54,30.2,100.0,0.0,23.12107103,120.4585091
08BEAC0A0508,2023-08-05,03:09:22,31.1,100.0,8.0,23.138713,120.324702
08BEAC0A0344,2023-08-05,03:09:38,29.0,100.0,3.0,24.960122,121.178153
08BEAC0A04EC,2023-08-05,03:09:52,29.1,100.0,4.0,24.936085,121.223586
08BEAC0A080E,2023-08-05,03:09:59,33.1,100.0,6.0,23.158097,120.170618
08BEAC0A084E,2023-08-05,03:10:58,32.6,100.0,3.0,24.9785086,121.3061612
08BEAC0A06FA,2023-08-05,03:11:01,30.0,100.0,0.0,23.04435,120.470196
08BEAC0A0156,2023-08-05,03:11:07,28.5,100.0,0.0,24.0838267,120.752756
08BEAC0A0774,2023-08-05,03:11:12,31.7,100.0,4.0,22.992411,120.294135
08BEAC0A0398,2023-08-05,03:11:25,30.3,100.0,5.0,24.1494507,120.6816876
08BEAC0A0464,2023-08-05,03:11:27,32.6,100.0,8.0,22.989813,120.203024
08BEAC0A019A,2023-08-05,03:11:39,31.2,100.0,9.0,23.3199,120.34515
08BEAC0A06A6,2023-08-05,03:11:49,32.5,100.0,9.0,22.977305,120.186438
08BEAC0A0226,2023-08-05,03:12:03,30.5,100.0,0.0,23.2174825,120.365091
08BEAC0A0218,2023-08-05,03:12:11,30.2,100.0,14.0,23.6869687,120.5865383
08BEAC0A0480,2023-08-05,03:12:19,32.0,100.0,8.0,23.190069,120.192365
08BEAC0A0830,2023-08-05,03:12:30,31.0,100.0,0.0,22.956295,120.248057
08BEAC0A0040,2023-08-05,03:12:40,31.3,100.0,0.0,22.99133,120.230478
08BEAC0A0826,2023-08-05,03:13:22,31.2,100.0,9.0,23.0865158,120.3191882
08BEAC0A05AC,2023-08-05,03:13:26,32.2,100.0,1.0,22.912748,120.261227
08BEAC0A0640,2023-08-05,03:13:32,32.8,100.0,9.0,23.160034,120.18215
08BEAC0A01AA,2023-08-05,03:13:36,31.7,80.0,8.0,24.9751,121.269826
08BEAC0A07A2,2023-08-05,03:13:36,30.0,100.0,4.0,25.10392038,121.2447143
08BEAC0A0742,2023-08-05,03:13:49,31.6,100.0,8.0,23.003578,120.240161
08BEAC0A0678,2023-08-05,03:14:01,30.8,100.0,7.0,23.139376,120.138374
08BEAC0A0340,2023-08-05,03:14:06,33.1,100.0,11.0,22.9193352,120.2170451
08BEAC0A089E,2023-08-05,03:14:10,30.2,100.0,0.0,23.12107103,120.4585091
08BEAC0A0508,2023-08-05,03:14:38,31.1,100.0,8.0,23.138713,120.324702
08BEAC0A0344,2023-08-05,03:14:55,29.0,100.0,2.0,24.960122,121.178153
08BEAC0A04EC,2023-08-05,03:15:09,28.7,100.0,4.0,24.936085,121.223586
08BEAC0A080E,2023-08-05,03:15:15,33.1,100.0,6.0,23.158097,120.170618
08BEAC0A06FA,2023-08-05,03:16:19,30.0,100.0,0.0,23.04435,120.470196
08BEAC0A0156,2023-08-05,03:16:23,28.5,100.0,0.0,24.0838267,120.752756
08BEAC0A084E,2023-08-05,03:16:41,32.6,100.0,4.0,24.9785086,121.3061612
08BEAC0A0398,2023-08-05,03:16:42,30.2,100.0,4.0,24.1494507,120.6816876
08BEAC0A0464,2023-08-05,03:16:43,32.6,100.0,8.0,22.989813,120.203024
08BEAC0A019A,2023-08-05,03:16:55,31.1,100.0,9.0,23.3199,120.34515
08BEAC0A06A6,2023-08-05,03:17:05,32.3,100.0,8.0,22.977305,120.186438
08BEAC0A0226,2023-08-05,03:17:20,30.5,100.0,0.0,23.2174825,120.365091
08BEAC0A0218,2023-08-05,03:17:28,30.2,100.0,14.0,23.6869687,120.5865383
08BEAC0A0480,2023-08-05,03:17:35,32.0,100.0,8.0,23.190069,120.192365
08BEAC0A0830,2023-08-05,03:17:45,31.5,100.0,0.0,22.956295,120.248057
08BEAC0A0040,2023-08-05,03:17:55,31.6,100.0,0.0,22.99133,120.230478
08BEAC0A0826,2023-08-05,03:18:40,31.3,100.0,7.0,23.0865158,120.3191882
08BEAC0A05AC,2023-08-05,03:18:43,32.2,100.0,1.0,22.912748,120.261227
08BEAC0A0640,2023-08-05,03:18:47,33.0,100.0,9.0,23.160034,120.18215
08BEAC0A01AA,2023-08-05,03:18:52,31.8,81.0,6.0,24.9751,121.269826
08BEAC0A07A2,2023-08-05,03:18:53,29.6,100.0,4.0,25.10392038,121.2447143
08BEAC0A0742,2023-08-05,03:19:05,31.6,100.0,7.0,23.003578,120.240161
08BEAC0A0340,2023-08-05,03:19:23,33.3,100.0,11.0,22.9193352,120.2170451
08BEAC0A089E,2023-08-05,03:19:25,30.2,100.0,0.0,23.12107103,120.4585091
08BEAC0A0678,2023-08-05,03:19:26,31.2,100.0,8.0,23.139376,120.138374
08BEAC0A0508,2023-08-05,03:19:53,31.1,100.0,8.0,23.138713,120.324702
08BEAC0A0344,2023-08-05,03:20:11,28.8,100.0,3.0,24.960122,121.178153
08BEAC0A04EC,2023-08-05,03:20:25,28.7,100.0,3.0,24.936085,121.223586
08BEAC0A080E,2023-08-05,03:20:32,33.2,100.0,7.0,23.158097,120.170618
08BEAC0A06FA,2023-08-05,03:21:36,30.0,100.0,0.0,23.04435,120.470196
08BEAC0A0156,2023-08-05,03:21:38,28.3,100.0,0.0,24.0838267,120.752756
08BEAC0A0774,2023-08-05,03:21:40,32.0,100.0,5.0,22.992411,120.294135
08BEAC0A0398,2023-08-05,03:21:57,30.2,100.0,4.0,24.1494507,120.6816876
08BEAC0A0464,2023-08-05,03:22:01,32.6,100.0,7.0,22.989813,120.203024
08BEAC0A019A,2023-08-05,03:22:11,31.1,100.0,9.0,23.3199,120.34515
08BEAC0A06A6,2023-08-05,03:22:21,32.2,100.0,9.0,22.977305,120.186438
08BEAC0A084E,2023-08-05,03:22:26,32.6,100.0,4.0,24.9785086,121.3061612
08BEAC0A0226,2023-08-05,03:22:35,30.3,100.0,0.0,23.2174825,120.365091
08BEAC0A0218,2023-08-05,03:22:46,30.1,100.0,13.0,23.6869687,120.5865383
08BEAC0A0480,2023-08-05,03:22:51,31.8,100.0,7.0,23.190069,120.192365
08BEAC0A0830,2023-08-05,03:23:05,31.3,100.0,0.0,22.956295,120.248057
08BEAC0A0040,2023-08-05,03:23:13,31.3,100.0,0.0,22.99133,120.230478
08BEAC0A0826,2023-08-05,03:23:58,31.5,100.0,8.0,23.0865158,120.3191882
08BEAC0A05AC,2023-08-05,03:24:01,32.3,100.0,2.0,22.912748,120.261227
08BEAC0A0640,2023-08-05,03:24:04,33.1,100.0,8.0,23.160034,120.18215
08BEAC0A01AA,2023-08-05,03:24:08,31.8,81.0,7.0,24.9751,121.269826
08BEAC0A07A2,2023-08-05,03:24:11,29.7,100.0,4.0,25.10392038,121.2447143
08BEAC0A0340,2023-08-05,03:24:39,33.3,100.0,11.0,22.9193352,120.2170451
08BEAC0A089E,2023-08-05,03:24:42,30.2,100.0,0.0,23.12107103,120.4585091
08BEAC0A0678,2023-08-05,03:24:43,31.0,100.0,8.0,23.139376,120.138374
08BEAC0A0508,2023-08-05,03:25:12,31.2,100.0,9.0,23.138713,120.324702
08BEAC0A0344,2023-08-05,03:25:28,29.0,100.0,4.0,24.960122,121.178153
08BEAC0A04EC,2023-08-05,03:25:42,29.2,100.0,4.0,24.936085,121.223586
08BEAC0A080E,2023-08-05,03:25:48,33.1,100.0,6.0,23.158097,120.170618
08BEAC0A06FA,2023-08-05,03:26:53,30.1,100.0,0.0,23.04435,120.470196
08BEAC0A0156,2023-08-05,03:26:55,28.5,100.0,0.0,24.0838267,120.752756
08BEAC0A0774,2023-08-05,03:26:58,32.1,100.0,3.0,22.992411,120.294135
08BEAC0A0398,2023-08-05,03:27:13,30.3,100.0,4.0,24.1494507,120.6816876
08BEAC0A0464,2023-08-05,03:27:16,32.7,100.0,8.0,22.989813,120.203024
08BEAC0A019A,2023-08-05,03:27:27,31.2,100.0,10.0,23.3199,120.34515
08BEAC0A06A6,2023-08-05,03:27:37,32.5,100.0,9.0,22.977305,120.186438
08BEAC0A0226,2023-08-05,03:27:54,30.5,100.0,0.0,23.2174825,120.365091
08BEAC0A084E,2023-08-05,03:28:00,32.6,100.0,3.0,24.9785086,121.3061612
08BEAC0A0218,2023-08-05,03:28:04,30.0,100.0,13.0,23.6869687,120.5865383
08BEAC0A0830,2023-08-05,03:28:22,31.2,100.0,0.0,22.956295,120.248057
08BEAC0A0040,2023-08-05,03:28:31,31.5,100.0,0.0,22.99133,120.230478
08BEAC0A0826,2023-08-05,03:29:14,31.5,100.0,8.0,23.0865158,120.3191882
08BEAC0A05AC,2023-08-05,03:29:16,32.1,100.0,1.0,22.912748,120.261227
08BEAC0A0640,2023-08-05,03:29:20,33.2,100.0,8.0,23.160034,120.18215
08BEAC0A01AA,2023-08-05,03:29:26,32.0,82.0,8.0,24.9751,121.269826
08BEAC0A07A2,2023-08-05,03:29:27,30.0,100.0,4.0,25.10392038,121.2447143
08BEAC0A0742,2023-08-05,03:29:32,31.5,100.0,9.0,23.003578,120.240161
08BEAC0A0340,2023-08-05,03:29:56,33.2,100.0,10.0,22.9193352,120.2170451
08BEAC0A0678,2023-08-05,03:29:59,31.2,100.0,9.0,23.139376,120.138374
08BEAC0A089E,2023-08-05,03:30:01,30.2,100.0,0.0,23.12107103,120.4585091
08BEAC0A0508,2023-08-05,03:30:29,31.3,100.0,8.0,23.138713,120.324702
08BEAC0A0344,2023-08-05,03:30:45,29.3,100.0,4.0,24.960122,121.178153
08BEAC0A04EC,2023-08-05,03:31:00,29.0,100.0,5.0,24.936085,121.223586
08BEAC0A080E,2023-08-05,03:31:03,33.1,100.0,5.0,23.158097,120.170618
08BEAC0A06FA,2023-08-05,03:32:11,30.2,100.0,0.0,23.04435,120.470196
08BEAC0A0156,2023-08-05,03:32:12,28.3,100.0,0.0,24.0838267,120.752756
08BEAC0A0774,2023-08-05,03:32:13,31.8,100.0,4.0,22.992411,120.294135
08BEAC0A0398,2023-08-05,03:32:30,30.5,100.0,4.0,24.1494507,120.6816876
08BEAC0A0464,2023-08-05,03:32:36,32.3,100.0,8.0,22.989813,120.203024
08BEAC0A019A,2023-08-05,03:32:43,31.2,100.0,10.0,23.3199,120.34515
08BEAC0A06A6,2023-08-05,03:32:54,32.5,100.0,9.0,22.977305,120.186438
08BEAC0A0226,2023-08-05,03:33:11,30.5,100.0,0.0,23.2174825,120.365091
08BEAC0A0218,2023-08-05,03:33:20,30.0,100.0,13.0,23.6869687,120.5865383
08BEAC0A0480,2023-08-05,03:33:20,31.8,100.0,9.0,23.190069,120.192365
08BEAC0A084E,2023-08-05,03:33:25,32.6,100.0,3.0,24.9785086,121.3061612
08BEAC0A0830,2023-08-05,03:33:41,31.3,100.0,0.0,22.956295,120.248057
08BEAC0A0040,2023-08-05,03:33:48,31.5,100.0,0.0,22.99133,120.230478
08BEAC0A0826,2023-08-05,03:34:31,31.6,100.0,7.0,23.0865158,120.3191882
08BEAC0A05AC,2023-08-05,03:34:34,32.1,100.0,1.0,22.912748,120.261227
08BEAC0A0640,2023-08-05,03:34:35,33.1,100.0,8.0,23.160034,120.18215
08BEAC0A01AA,2023-08-05,03:34:41,31.7,84.0,12.0,24.9751,121.269826
08BEAC0A07A2,2023-08-05,03:34:44,30.1,100.0,6.0,25.10392038,121.2447143
08BEAC0A0742,2023-08-05,03:34:53,31.5,100.0,10.0,23.003578,120.240161
08BEAC0A0340,2023-08-05,03:35:12,33.3,100.0,12.0,22.9193352,120.2170451
08BEAC0A0678,2023-08-05,03:35:18,31.1,100.0,7.0,23.139376,120.138374
08BEAC0A089E,2023-08-05,03:35:19,30.2,100.0,0.0,23.12107103,120.4585091
08BEAC0A0508,2023-08-05,03:35:47,31.5,100.0,8.0,23.138713,120.324702
08BEAC0A0344,2023-08-05,03:36:00,29.3,100.0,5.0,24.960122,121.178153
08BEAC0A0780,2023-08-05,03:36:02,31.5,100.0,0.0,23.048983,120.174614
08BEAC0A04EC,2023-08-05,03:36:18,29.3,100.0,6.0,24.936085,121.223586
08BEAC0A080E,2023-08-05,03:36:19,33.2,100.0,6.0,23.158097,120.170618
08BEAC0A06FA,2023-08-05,03:37:27,30.3,100.0,0.0,23.04435,120.470196
08BEAC0A0156,2023-08-05,03:37:31,28.2,100.0,0.0,24.0838267,120.752756
08BEAC0A0774,2023-08-05,03:37:33,31.8,100.0,5.0,22.992411,120.294135
08BEAC0A0398,2023-08-05,03:37:47,30.6,100.0,4.0,24.1494507,120.6816876
08BEAC0A0464,2023-08-05,03:37:52,32.3,100.0,8.0,22.989813,120.203024
08BEAC0A019A,2023-08-05,03:37:58,31.2,100.0,8.0,23.3199,120.34515
08BEAC0A06A6,2023-08-05,03:38:10,32.5,100.0,9.0,22.977305,120.186438
08BEAC0A0226,2023-08-05,03:38:28,30.7,100.0,0.0,23.2174825,120.365091
08BEAC0A0218,2023-08-05,03:38:36,30.0,100.0,14.0,23.6869687,120.5865383
08BEAC0A0480,2023-08-05,03:38:38,31.8,100.0,8.0,23.190069,120.192365
08BEAC0A0830,2023-08-05,03:38:56,31.6,100.0,0.0,22.956295,120.248057
08BEAC0A084E,2023-08-05,03:38:59,32.5,100.0,4.0,24.9785086,121.3061612
08BEAC0A0040,2023-08-05,03:39:04,31.3,100.0,0.0,22.99133,120.230478
08BEAC0A0826,2023-08-05,03:39:45,31.6,100.0,8.0,23.0865158,120.3191882
08BEAC0A05AC,2023-08-05,03:39:48,32.2,100.0,1.0,22.912748,120.261227
08BEAC0A0640,2023-08-05,03:39:51,33.1,100.0,7.0,23.160034,120.18215
08BEAC0A01AA,2023-08-05,03:39:57,31.8,84.0,5.0,24.9751,121.269826
08BEAC0A07A2,2023-08-05,03:40:00,30.2,100.0,6.0,25.10392038,121.2447143
08BEAC0A0742,2023-08-05,03:40:08,31.2,100.0,9.0,23.003578,120.240161
08BEAC0A0340,2023-08-05,03:40:28,33.3,100.0,9.0,22.9193352,120.2170451
08BEAC0A0678,2023-08-05,03:40:34,31.1,100.0,7.0,23.139376,120.138374
08BEAC0A089E,2023-08-05,03:40:36,30.2,100.0,0.0,23.12107103,120.4585091
08BEAC0A0508,2023-08-05,03:41:03,31.6,100.0,8.0,23.138713,120.324702
08BEAC0A0344,2023-08-05,03:41:17,29.2,100.0,5.0,24.960122,121.178153
08BEAC0A0780,2023-08-05,03:41:18,31.5,100.0,0.0,23.048983,120.174614
08BEAC0A04EC,2023-08-05,03:41:33,29.1,100.0,5.0,24.936085,121.223586
08BEAC0A080E,2023-08-05,03:41:35,33.2,100.0,5.0,23.158097,120.170618
08BEAC0A06FA,2023-08-05,03:42:43,30.3,100.0,0.0,23.04435,120.470196
08BEAC0A0156,2023-08-05,03:42:47,28.3,100.0,11.0,24.0838267,120.752756
08BEAC0A0774,2023-08-05,03:42:49,31.8,100.0,4.0,22.992411,120.294135
08BEAC0A0398,2023-08-05,03:43:02,30.6,100.0,3.0,24.1494507,120.6816876
08BEAC0A0464,2023-08-05,03:43:09,32.6,100.0,8.0,22.989813,120.203024
08BEAC0A019A,2023-08-05,03:43:14,31.3,100.0,9.0,23.3199,120.34515
08BEAC0A06A6,2023-08-05,03:43:24,32.6,100.0,9.0,22.977305,120.186438
08BEAC0A0226,2023-08-05,03:43:45,31.1,100.0,0.0,23.2174825,120.365091
08BEAC0A0218,2023-08-05,03:43:52,30.0,100.0,12.0,23.6869687,120.5865383
08BEAC0A0480,2023-08-05,03:43:56,31.8,100.0,8.0,23.190069,120.192365
08BEAC0A0830,2023-08-05,03:44:13,31.3,100.0,0.0,22.956295,120.248057
08BEAC0A0040,2023-08-05,03:44:20,31.2,100.0,0.0,22.99133,120.230478
08BEAC0A084E,2023-08-05,03:44:25,32.5,100.0,3.0,24.9785086,121.3061612
08BEAC0A0826,2023-08-05,03:45:00,31.7,100.0,6.0,23.0865158,120.3191882
08BEAC0A05AC,2023-08-05,03:45:04,32.3,100.0,0.0,22.912748,120.261227
08BEAC0A0640,2023-08-05,03:45:09,33.1,100.0,8.0,23.160034,120.18215
08BEAC0A01AA,2023-08-05,03:45:12,31.7,84.0,6.0,24.9751,121.269826
08BEAC0A07A2,2023-08-05,03:45:15,30.3,100.0,5.0,25.10392038,121.2447143
08BEAC0A0742,2023-08-05,03:45:30,31.3,100.0,9.0,23.003578,120.240161
08BEAC0A0340,2023-08-05,03:45:44,33.3,100.0,8.0,22.9193352,120.2170451
08BEAC0A089E,2023-08-05,03:45:53,30.5,100.0,0.0,23.12107103,120.4585091
08BEAC0A0678,2023-08-05,03:45:58,31.0,100.0,8.0,23.139376,120.138374
08BEAC0A0508,2023-08-05,03:46:20,31.7,100.0,8.0,23.138713,120.324702
08BEAC0A0780,2023-08-05,03:46:31,31.5,100.0,0.0,23.048983,120.174614
08BEAC0A0344,2023-08-05,03:46:33,29.2,100.0,4.0,24.960122,121.178153
08BEAC0A04EC,2023-08-05,03:46:50,28.3,100.0,5.0,24.936085,121.223586
08BEAC0A080E,2023-08-05,03:46:51,33.2,100.0,6.0,23.158097,120.170618
08BEAC0A06FA,2023-08-05,03:48:00,30.5,100.0,0.0,23.04435,120.470196
08BEAC0A0774,2023-08-05,03:48:04,31.7,100.0,4.0,22.992411,120.294135
08BEAC0A0156,2023-08-05,03:48:06,28.3,100.0,0.0,24.0838267,120.752756
08BEAC0A0398,2023-08-05,03:48:19,30.5,100.0,3.0,24.1494507,120.6816876
08BEAC0A0464,2023-08-05,03:48:26,32.6,100.0,7.0,22.989813,120.203024
08BEAC0A019A,2023-08-05,03:48:31,31.3,100.0,10.0,23.3199,120.34515
08BEAC0A06A6,2023-08-05,03:48:39,32.7,100.0,9.0,22.977305,120.186438
08BEAC0A0226,2023-08-05,03:48:59,31.3,100.0,0.0,23.2174825,120.365091
08BEAC0A0218,2023-08-05,03:49:07,30.1,100.0,12.0,23.6869687,120.5865383
08BEAC0A0480,2023-08-05,03:49:13,31.8,100.0,8.0,23.190069,120.192365
08BEAC0A0830,2023-08-05,03:49:32,31.8,100.0,0.0,22.956295,120.248057
08BEAC0A0040,2023-08-05,03:49:39,31.3,100.0,0.0,22.99133,120.230478
08BEAC0A084E,2023-08-05,03:49:42,32.6,100.0,3.0,24.9785086,121.3061612
08BEAC0A0826,2023-08-05,03:50:16,31.7,100.0,7.0,23.0865158,120.3191882
08BEAC0A05AC,2023-08-05,03:50:22,32.3,100.0,2.0,22.912748,120.261227
08BEAC0A0640,2023-08-05,03:50:24,33.2,100.0,10.0,23.160034,120.18215
08BEAC0A01AA,2023-08-05,03:50:28,32.0,82.0,6.0,24.9751,121.269826
08BEAC0A07A2,2023-08-05,03:50:33,30.5,100.0,5.0,25.10392038,121.2447143
08BEAC0A0742,2023-08-05,03:50:51,31.3,100.0,10.0,23.003578,120.240161
08BEAC0A0340,2023-08-05,03:51:00,33.6,100.0,8.0,22.9193352,120.2170451
08BEAC0A089E,2023-08-05,03:51:09,30.7,100.0,0.0,23.12107103,120.4585091
08BEAC0A0678,2023-08-05,03:51:14,30.7,100.0,8.0,23.139376,120.138374
08BEAC0A0508,2023-08-05,03:51:36,31.7,100.0,7.0,23.138713,120.324702
08BEAC0A0780,2023-08-05,03:51:46,31.1,100.0,0.0,23.048983,120.174614
08BEAC0A0344,2023-08-05,03:51:51,29.1,100.0,4.0,24.960122,121.178153
08BEAC0A04EC,2023-08-05,03:52:06,28.5,100.0,4.0,24.936085,121.223586
08BEAC0A080E,2023-08-05,03:52:07,33.2,100.0,6.0,23.158097,120.170618
08BEAC0A06FA,2023-08-05,03:53:17,30.5,100.0,0.0,23.04435,120.470196
08BEAC0A0774,2023-08-05,03:53:20,31.7,100.0,3.0,22.992411,120.294135
08BEAC0A0156,2023-08-05,03:53:22,28.2,100.0,0.0,24.0838267,120.752756
08BEAC0A0398,2023-08-05,03:53:34,30.5,100.0,2.0,24.1494507,120.6816876
08BEAC0A0464,2023-08-05,03:53:42,32.6,100.0,6.0,22.989813,120.203024
08BEAC0A019A,2023-08-05,03:53:46,31.5,100.0,9.0,23.3199,120.34515
08BEAC0A06A6,2023-08-05,03:53:55,32.7,100.0,7.0,22.977305,120.186438
08BEAC0A0226,2023-08-05,03:54:14,31.5,100.0,0.0,23.2174825,120.365091
08BEAC0A0218,2023-08-05,03:54:23,30.1,100.0,13.0,23.6869687,120.5865383
08BEAC0A0830,2023-08-05,03:54:52,32.0,100.0,0.0,22.956295,120.248057
08BEAC0A0040,2023-08-05,03:54:56,31.3,100.0,0.0,22.99133,120.230478
08BEAC0A084E,2023-08-05,03:55:21,32.6,100.0,3.0,24.9785086,121.3061612
08BEAC0A0826,2023-08-05,03:55:31,31.7,100.0,6.0,23.0865158,120.3191882
08BEAC0A05AC,2023-08-05,03:55:40,32.2,100.0,0.0,22.912748,120.261227
08BEAC0A0640,2023-08-05,03:55:42,33.2,100.0,8.0,23.160034,120.18215
08BEAC0A01AA,2023-08-05,03:55:44,31.8,81.0,8.0,24.9751,121.269826
08BEAC0A07A2,2023-08-05,03:55:50,30.3,100.0,6.0,25.10392038,121.2447143
08BEAC0A0742,2023-08-05,03:56:07,31.7,100.0,8.0,23.003578,120.240161
08BEAC0A0340,2023-08-05,03:56:16,33.7,100.0,8.0,22.9193352,120.2170451
08BEAC0A089E,2023-08-05,03:56:24,30.7,100.0,0.0,23.12107103,120.4585091
08BEAC0A0508,2023-08-05,03:56:51,31.8,100.0,7.0,23.138713,120.324702
08BEAC0A0344,2023-08-05,03:57:07,29.1,100.0,5.0,24.960122,121.178153
08BEAC0A0678,2023-08-05,03:57:17,31.0,100.0,8.0,23.139376,120.138374
08BEAC0A04EC,2023-08-05,03:57:21,28.7,100.0,6.0,24.936085,121.223586
08BEAC0A080E,2023-08-05,03:57:22,33.2,100.0,5.0,23.158097,120.170618
08BEAC0A0780,2023-08-05,03:57:27,31.2,100.0,0.0,23.048983,120.174614
08BEAC0A06FA,2023-08-05,03:58:33,30.5,100.0,0.0,23.04435,120.470196
08BEAC0A0774,2023-08-05,03:58:37,31.7,100.0,3.0,22.992411,120.294135
08BEAC0A0156,2023-08-05,03:58:39,28.2,100.0,0.0,24.0838267,120.752756
08BEAC0A0398,2023-08-05,03:58:49,30.3,100.0,2.0,24.1494507,120.6816876
08BEAC0A0464,2023-08-05,03:58:59,32.6,100.0,7.0,22.989813,120.203024
08BEAC0A019A,2023-08-05,03:59:05,31.6,100.0,8.0,23.3199,120.34515
08BEAC0A06A6,2023-08-05,03:59:12,33.0,100.0,7.0,22.977305,120.186438
08BEAC0A0226,2023-08-05,03:59:32,31.3,100.0,0.0,23.2174825,120.365091
08BEAC0A0218,2023-08-05,03:59:38,30.2,100.0,12.0,23.6869687,120.5865383
08BEAC0A0480,2023-08-05,03:59:40,31.8,100.0,7.0,23.190069,120.192365
08BEAC0A0830,2023-08-05,04:00:08,32.2,100.0,0.0,22.956295,120.248057
08BEAC0A0040,2023-08-05,04:00:14,31.2,100.0,0.0,22.99133,120.230478
08BEAC0A0826,2023-08-05,04:00:47,31.7,100.0,8.0,23.0865158,120.3191882
08BEAC0A084E,2023-08-05,04:00:55,32.7,100.0,3.0,24.9785086,121.3061612
08BEAC0A05AC,2023-08-05,04:00:56,32.6,100.0,0.0,22.912748,120.261227
08BEAC0A0640,2023-08-05,04:00:57,33.3,100.0,8.0,23.160034,120.18215
08BEAC0A01AA,2023-08-05,04:00:59,31.6,81.0,7.0,24.9751,121.269826
08BEAC0A07A2,2023-08-05,04:01:05,30.2,100.0,5.0,25.10392038,121.2447143
08BEAC0A0742,2023-08-05,04:01:28,31.6,100.0,9.0,23.003578,120.240161
08BEAC0A0340,2023-08-05,04:01:32,33.7,100.0,7.0,22.9193352,120.2170451
08BEAC0A089E,2023-08-05,04:01:43,30.7,100.0,0.0,23.12107103,120.4585091
08BEAC0A0508,2023-08-05,04:02:07,31.8,100.0,7.0,23.138713,120.324702
08BEAC0A0344,2023-08-05,04:02:24,29.2,100.0,6.0,24.960122,121.178153
08BEAC0A0678,2023-08-05,04:02:36,31.3,100.0,8.0,23.139376,120.138374
08BEAC0A04EC,2023-08-05,04:02:38,28.5,100.0,9.0,24.936085,121.223586
08BEAC0A080E,2023-08-05,04:02:39,33.2,100.0,6.0,23.158097,120.170618
08BEAC0A0780,2023-08-05,04:02:45,31.1,100.0,0.0,23.048983,120.174614
08BEAC0A06FA,2023-08-05,04:03:49,30.6,100.0,0.0,23.04435,120.470196
08BEAC0A0774,2023-08-05,04:03:52,31.8,100.0,4.0,22.992411,120.294135
08BEAC0A0156,2023-08-05,04:03:55,28.2,100.0,0.0,24.0838267,120.752756
08BEAC0A0398,2023-08-05,04:04:04,30.5,100.0,2.0,24.1494507,120.6816876
08BEAC0A0464,2023-08-05,04:04:18,32.7,100.0,7.0,22.989813,120.203024
08BEAC0A019A,2023-08-05,04:04:22,31.6,100.0,11.0,23.3199,120.34515
08BEAC0A06A6,2023-08-05,04:04:29,33.3,100.0,7.0,22.977305,120.186438
08BEAC0A0226,2023-08-05,04:04:49,31.3,100.0,0.0,23.2174825,120.365091
08BEAC0A0218,2023-08-05,04:04:53,30.2,100.0,13.0,23.6869687,120.5865383
08BEAC0A0480,2023-08-05,04:04:59,32.0,100.0,9.0,23.190069,120.192365
08BEAC0A0830,2023-08-05,04:05:24,31.5,100.0,0.0,22.956295,120.248057
08BEAC0A0040,2023-08-05,04:05:34,31.3,100.0,0.0,22.99133,120.230478
08BEAC0A0826,2023-08-05,04:06:03,31.6,100.0,8.0,23.0865158,120.3191882
08BEAC0A05AC,2023-08-05,04:06:12,32.6,100.0,0.0,22.912748,120.261227
08BEAC0A0640,2023-08-05,04:06:13,33.5,100.0,9.0,23.160034,120.18215
08BEAC0A01AA,2023-08-05,04:06:16,31.5,80.0,6.0,24.9751,121.269826
08BEAC0A084E,2023-08-05,04:06:21,32.6,100.0,3.0,24.9785086,121.3061612
08BEAC0A07A2,2023-08-05,04:06:22,30.5,100.0,5.0,25.10392038,121.2447143
08BEAC0A0742,2023-08-05,04:06:43,31.8,100.0,8.0,23.003578,120.240161
08BEAC0A0340,2023-08-05,04:06:49,33.7,100.0,8.0,22.9193352,120.2170451
08BEAC0A089E,2023-08-05,04:06:59,30.7,100.0,0.0,23.12107103,120.4585091
08BEAC0A0508,2023-08-05,04:07:22,31.6,100.0,7.0,23.138713,120.324702
08BEAC0A0344,2023-08-05,04:07:39,29.0,100.0,7.0,24.960122,121.178153
08BEAC0A04EC,2023-08-05,04:07:54,28.2,100.0,9.0,24.936085,121.223586
08BEAC0A080E,2023-08-05,04:07:55,33.2,100.0,6.0,23.158097,120.170618
08BEAC0A0780,2023-08-05,04:08:01,31.1,100.0,0.0,23.048983,120.174614
08BEAC0A06FA,2023-08-05,04:09:04,30.7,100.0,0.0,23.04435,120.470196
08BEAC0A0774,2023-08-05,04:09:06,32.0,100.0,3.0,22.992411,120.294135
08BEAC0A0156,2023-08-05,04:09:12,28.3,100.0,0.0,24.0838267,120.752756
08BEAC0A0398,2023-08-05,04:09:21,30.1,100.0,2.0,24.1494507,120.6816876
08BEAC0A0464,2023-08-05,04:09:34,32.7,100.0,6.0,22.989813,120.203024
08BEAC0A019A,2023-08-05,04:09:40,31.6,100.0,9.0,23.3199,120.34515
08BEAC0A06A6,2023-08-05,04:09:48,33.2,100.0,6.0,22.977305,120.186438
08BEAC0A0226,2023-08-05,04:10:04,31.2,100.0,0.0,23.2174825,120.365091
08BEAC0A0218,2023-08-05,04:10:10,30.3,100.0,12.0,23.6869687,120.5865383
08BEAC0A0480,2023-08-05,04:10:14,32.0,100.0,8.0,23.190069,120.192365
08BEAC0A0830,2023-08-05,04:10:40,31.7,100.0,0.0,22.956295,120.248057
08BEAC0A0040,2023-08-05,04:10:50,31.7,100.0,0.0,22.99133,120.230478
08BEAC0A0826,2023-08-05,04:11:19,31.7,100.0,7.0,23.0865158,120.3191882
08BEAC0A05AC,2023-08-05,04:11:28,32.5,100.0,0.0,22.912748,120.261227
08BEAC0A0640,2023-08-05,04:11:29,33.6,100.0,10.0,23.160034,120.18215
08BEAC0A01AA,2023-08-05,04:11:31,31.6,80.0,7.0,24.9751,121.269826
08BEAC0A07A2,2023-08-05,04:11:39,30.2,100.0,5.0,25.10392038,121.2447143
08BEAC0A084E,2023-08-05,04:11:44,32.7,100.0,3.0,24.9785086,121.3061612
08BEAC0A0742,2023-08-05,04:12:00,32.1,100.0,8.0,23.003578,120.240161
08BEAC0A0340,2023-08-05,04:12:04,33.6,100.0,8.0,22.9193352,120.2170451
08BEAC0A089E,2023-08-05,04:12:14,30.6,100.0,0.0,23.12107103,120.4585091
08BEAC0A0508,2023-08-05,04:12:40,31.6,100.0,8.0,23.138713,120.324702
08BEAC0A0344,2023-08-05,04:12:53,29.0,100.0,7.0,24.960122,121.178153
08BEAC0A04EC,2023-08-05,04:13:13,28.8,100.0,9.0,24.936085,121.223586
08BEAC0A080E,2023-08-05,04:13:15,33.2,100.0,6.0,23.158097,120.170618
08BEAC0A0780,2023-08-05,04:13:21,31.1,100.0,0.0,23.048983,120.174614
08BEAC0A06FA,2023-08-05,04:14:19,30.7,100.0,0.0,23.04435,120.470196
08BEAC0A0774,2023-08-05,04:14:23,32.0,100.0,2.0,22.992411,120.294135
08BEAC0A0156,2023-08-05,04:14:29,28.3,100.0,0.0,24.0838267,120.752756
08BEAC0A0398,2023-08-05,04:14:37,30.1,100.0,3.0,24.1494507,120.6816876
08BEAC0A0464,2023-08-05,04:14:50,32.8,100.0,6.0,22.989813,120.203024
08BEAC0A019A,2023-08-05,04:14:55,31.6,100.0,9.0,23.3199,120.34515
08BEAC0A06A6,2023-08-05,04:15:05,33.1,100.0,7.0,22.977305,120.186438
08BEAC0A0226,2023-08-05,04:15:19,31.0,100.0,0.0,23.2174825,120.365091
08BEAC0A0218,2023-08-05,04:15:28,30.2,100.0,11.0,23.6869687,120.5865383
08BEAC0A0480,2023-08-05,04:15:31,32.0,100.0,8.0,23.190069,120.192365
08BEAC0A0830,2023-08-05,04:15:56,31.8,100.0,0.0,22.956295,120.248057
08BEAC0A0040,2023-08-05,04:16:08,31.6,100.0,0.0,22.99133,120.230478
08BEAC0A0826,2023-08-05,04:16:37,31.7,100.0,8.0,23.0865158,120.3191882
08BEAC0A0640,2023-08-05,04:16:43,33.7,100.0,9.0,23.160034,120.18215
08BEAC0A05AC,2023-08-05,04:16:46,32.3,100.0,0.0,22.912748,120.261227
08BEAC0A01AA,2023-08-05,04:16:48,31.6,80.0,9.0,24.9751,121.269826
08BEAC0A07A2,2023-08-05,04:16:57,29.8,100.0,6.0,25.10392038,121.2447143
08BEAC0A084E,2023-08-05,04:17:09,32.7,100.0,3.0,24.9785086,121.3061612
08BEAC0A0340,2023-08-05,04:17:23,33.8,100.0,9.0,22.9193352,120.2170451
08BEAC0A0742,2023-08-05,04:17:23,31.8,100.0,7.0,23.003578,120.240161
08BEAC0A089E,2023-08-05,04:17:29,30.6,100.0,0.0,23.12107103,120.4585091
08BEAC0A0508,2023-08-05,04:17:58,31.5,100.0,7.0,23.138713,120.324702
08BEAC0A0344,2023-08-05,04:18:11,29.1,100.0,8.0,24.960122,121.178153
08BEAC0A04EC,2023-08-05,04:18:30,28.7,100.0,9.0,24.936085,121.223586
08BEAC0A080E,2023-08-05,04:18:35,33.2,100.0,6.0,23.158097,120.170618
08BEAC0A0780,2023-08-05,04:18:45,31.1,100.0,0.0,23.048983,120.174614
08BEAC0A06FA,2023-08-05,04:19:37,30.7,100.0,0.0,23.04435,120.470196
08BEAC0A0774,2023-08-05,04:19:39,32.0,100.0,3.0,22.992411,120.294135
08BEAC0A0156,2023-08-05,04:19:46,28.3,100.0,0.0,24.0838267,120.752756
08BEAC0A0398,2023-08-05,04:19:54,29.7,100.0,3.0,24.1494507,120.6816876
08BEAC0A0464,2023-08-05,04:20:08,32.8,100.0,6.0,22.989813,120.203024
08BEAC0A019A,2023-08-05,04:20:13,31.6,100.0,9.0,23.3199,120.34515
08BEAC0A06A6,2023-08-05,04:20:23,33.0,100.0,6.0,22.977305,120.186438
08BEAC0A0226,2023-08-05,04:20:35,31.0,100.0,0.0,23.2174825,120.365091
08BEAC0A0218,2023-08-05,04:20:43,30.2,100.0,11.0,23.6869687,120.5865383
08BEAC0A0480,2023-08-05,04:20:46,32.0,100.0,9.0,23.190069,120.192365
08BEAC0A0830,2023-08-05,04:21:13,31.3,100.0,0.0,22.956295,120.248057
08BEAC0A0040,2023-08-05,04:21:24,31.6,100.0,0.0,22.99133,120.230478
08BEAC0A0826,2023-08-05,04:21:54,31.7,100.0,8.0,23.0865158,120.3191882
08BEAC0A0640,2023-08-05,04:22:01,33.7,100.0,9.0,23.160034,120.18215
08BEAC0A01AA,2023-08-05,04:22:04,31.6,80.0,9.0,24.9751,121.269826
08BEAC0A05AC,2023-08-05,04:22:04,32.5,100.0,1.0,22.912748,120.261227
08BEAC0A07A2,2023-08-05,04:22:13,30.3,100.0,6.0,25.10392038,121.2447143
08BEAC0A0340,2023-08-05,04:22:40,34.0,100.0,13.0,22.9193352,120.2170451
08BEAC0A0742,2023-08-05,04:22:42,31.8,100.0,7.0,23.003578,120.240161
08BEAC0A089E,2023-08-05,04:22:48,30.5,100.0,0.0,23.12107103,120.4585091
08BEAC0A084E,2023-08-05,04:22:55,32.7,100.0,4.0,24.9785086,121.3061612
08BEAC0A0508,2023-08-05,04:23:14,31.6,100.0,7.0,23.138713,120.324702
08BEAC0A0344,2023-08-05,04:23:26,29.0,100.0,7.0,24.960122,121.178153
08BEAC0A04EC,2023-08-05,04:23:46,28.7,100.0,10.0,24.936085,121.223586
08BEAC0A080E,2023-08-05,04:23:50,33.2,100.0,6.0,23.158097,120.170618
08BEAC0A0780,2023-08-05,04:24:00,31.1,100.0,0.0,23.048983,120.174614
08BEAC0A0774,2023-08-05,04:24:53,32.1,100.0,3.0,22.992411,120.294135
08BEAC0A0156,2023-08-05,04:25:03,28.3,100.0,0.0,24.0838267,120.752756
08BEAC0A0398,2023-08-05,04:25:11,29.6,100.0,3.0,24.1494507,120.6816876
08BEAC0A0464,2023-08-05,04:25:25,33.0,100.0,7.0,22.989813,120.203024
08BEAC0A019A,2023-08-05,04:25:31,31.6,100.0,8.0,23.3199,120.34515
08BEAC0A06A6,2023-08-05,04:25:40,32.8,100.0,7.0,22.977305,120.186438
08BEAC0A0296,2023-08-05,04:25:44,29.6,100.0,8.0,23.741269,120.401443
08BEAC0A0226,2023-08-05,04:25:52,30.8,100.0,0.0,23.2174825,120.365091
08BEAC0A0218,2023-08-05,04:25:58,30.2,100.0,12.0,23.6869687,120.5865383
08BEAC0A0480,2023-08-05,04:26:01,32.0,100.0,8.0,23.190069,120.192365
08BEAC0A0830,2023-08-05,04:26:30,31.5,100.0,0.0,22.956295,120.248057
08BEAC0A0678,2023-08-05,04:26:35,31.2,100.0,8.0,23.139376,120.138374
08BEAC0A0040,2023-08-05,04:26:41,31.3,100.0,0.0,22.99133,120.230478
08BEAC0A0826,2023-08-05,04:27:12,31.5,100.0,8.0,23.0865158,120.3191882
08BEAC0A0640,2023-08-05,04:27:18,33.8,100.0,8.0,23.160034,120.18215
08BEAC0A01AA,2023-08-05,04:27:19,31.7,81.0,11.0,24.9751,121.269826
08BEAC0A05AC,2023-08-05,04:27:21,32.6,100.0,0.0,22.912748,120.261227
08BEAC0A07A2,2023-08-05,04:27:31,30.3,100.0,6.0,25.10392038,121.2447143
08BEAC0A0340,2023-08-05,04:27:56,33.8,100.0,8.0,22.9193352,120.2170451
08BEAC0A0742,2023-08-05,04:27:59,32.1,100.0,7.0,23.003578,120.240161
08BEAC0A0508,2023-08-05,04:28:30,31.7,100.0,7.0,23.138713,120.324702
08BEAC0A084E,2023-08-05,04:28:36,32.7,100.0,4.0,24.9785086,121.3061612
08BEAC0A0344,2023-08-05,04:28:43,29.0,100.0,7.0,24.960122,121.178153
08BEAC0A04EC,2023-08-05,04:29:04,29.0,100.0,8.0,24.936085,121.223586
08BEAC0A080E,2023-08-05,04:29:05,33.2,100.0,6.0,23.158097,120.170618
08BEAC0A0780,2023-08-05,04:29:14,31.1,100.0,0.0,23.048983,120.174614
08BEAC0A06FA,2023-08-05,04:30:06,30.6,100.0,0.0,23.04435,120.470196
08BEAC0A0774,2023-08-05,04:30:09,32.1,100.0,3.0,22.992411,120.294135
08BEAC0A0156,2023-08-05,04:30:21,28.5,100.0,0.0,24.0838267,120.752756
08BEAC0A0398,2023-08-05,04:30:26,29.7,100.0,4.0,24.1494507,120.6816876
08BEAC0A0464,2023-08-05,04:30:43,32.8,100.0,7.0,22.989813,120.203024
08BEAC0A019A,2023-08-05,04:30:48,31.6,100.0,9.0,23.3199,120.34515
08BEAC0A06A6,2023-08-05,04:30:55,32.7,100.0,8.0,22.977305,120.186438
08BEAC0A0296,2023-08-05,04:30:59,30.2,100.0,11.0,23.741269,120.401443
08BEAC0A0226,2023-08-05,04:31:09,30.8,100.0,0.0,23.2174825,120.365091
08BEAC0A0218,2023-08-05,04:31:13,30.2,100.0,12.0,23.6869687,120.5865383
08BEAC0A0480,2023-08-05,04:31:17,32.0,100.0,8.0,23.190069,120.192365
08BEAC0A0830,2023-08-05,04:31:48,31.3,100.0,0.0,22.956295,120.248057
08BEAC0A0678,2023-08-05,04:31:56,31.2,100.0,7.0,23.139376,120.138374
08BEAC0A0040,2023-08-05,04:32:10,31.5,100.0,0.0,22.99133,120.230478
08BEAC0A0826,2023-08-05,04:32:27,31.6,100.0,7.0,23.0865158,120.3191882
08BEAC0A01AA,2023-08-05,04:32:35,31.8,80.0,12.0,24.9751,121.269826
08BEAC0A05AC,2023-08-05,04:32:36,32.8,100.0,3.0,22.912748,120.261227
08BEAC0A0640,2023-08-05,04:32:38,33.8,100.0,8.0,23.160034,120.18215
08BEAC0A07A2,2023-08-05,04:32:47,30.5,100.0,6.0,25.10392038,121.2447143
08BEAC0A0340,2023-08-05,04:33:11,34.0,100.0,9.0,22.9193352,120.2170451
08BEAC0A089E,2023-08-05,04:33:18,30.5,100.0,0.0,23.12107103,120.4585091
08BEAC0A0508,2023-08-05,04:33:46,31.7,100.0,8.0,23.138713,120.324702
08BEAC0A0344,2023-08-05,04:34:00,29.1,100.0,10.0,24.960122,121.178153
08BEAC0A084E,2023-08-05,04:34:09,32.6,100.0,4.0,24.9785086,121.3061612
08BEAC0A04EC,2023-08-05,04:34:20,29.1,100.0,8.0,24.936085,121.223586
08BEAC0A0780,2023-08-05,04:34:31,31.1,100.0,0.0,23.048983,120.174614
08BEAC0A06FA,2023-08-05,04:35:25,30.6,100.0,0.0,23.04435,120.470196
08BEAC0A0774,2023-08-05,04:35:25,32.1,100.0,3.0,22.992411,120.294135
08BEAC0A0156,2023-08-05,04:35:37,28.5,100.0,0.0,24.0838267,120.752756
08BEAC0A0398,2023-08-05,04:35:41,30.0,100.0,5.0,24.1494507,120.6816876
08BEAC0A0464,2023-08-05,04:36:01,33.0,100.0,7.0,22.989813,120.203024
08BEAC0A019A,2023-08-05,04:36:05,31.6,100.0,9.0,23.3199,120.34515
08BEAC0A06A6,2023-08-05,04:36:12,32.7,100.0,7.0,22.977305,120.186438
08BEAC0A0296,2023-08-05,04:36:14,30.8,100.0,11.0,23.741269,120.401443
08BEAC0A0226,2023-08-05,04:36:24,30.8,100.0,0.0,23.2174825,120.365091
08BEAC0A0218,2023-08-05,04:36:29,30.3,100.0,11.0,23.6869687,120.5865383
08BEAC0A0480,2023-08-05,04:36:33,32.0,100.0,8.0,23.190069,120.192365
08BEAC0A0830,2023-08-05,04:37:07,31.2,100.0,0.0,22.956295,120.248057
08BEAC0A0678,2023-08-05,04:37:18,31.6,100.0,9.0,23.139376,120.138374
08BEAC0A0040,2023-08-05,04:37:25,31.6,100.0,0.0,22.99133,120.230478
08BEAC0A0826,2023-08-05,04:37:43,31.7,100.0,7.0,23.0865158,120.3191882
08BEAC0A01AA,2023-08-05,04:37:50,31.8,79.0,11.0,24.9751,121.269826
08BEAC0A0640,2023-08-05,04:37:53,33.8,100.0,9.0,23.160034,120.18215
08BEAC0A07A2,2023-08-05,04:38:06,30.6,100.0,7.0,25.10392038,121.2447143
08BEAC0A0340,2023-08-05,04:38:27,34.0,100.0,9.0,22.9193352,120.2170451
08BEAC0A089E,2023-08-05,04:38:38,30.5,100.0,0.0,23.12107103,120.4585091
08BEAC0A0508,2023-08-05,04:39:02,31.7,100.0,7.0,23.138713,120.324702
08BEAC0A0344,2023-08-05,04:39:15,29.2,100.0,9.0,24.960122,121.178153
08BEAC0A0742,2023-08-05,04:39:30,32.2,100.0,8.0,23.003578,120.240161
08BEAC0A080E,2023-08-05,04:39:34,33.3,100.0,5.0,23.158097,120.170618
08BEAC0A04EC,2023-08-05,04:39:35,29.2,100.0,8.0,24.936085,121.223586
08BEAC0A0780,2023-08-05,04:39:50,31.1,100.0,0.0,23.048983,120.174614
08BEAC0A084E,2023-08-05,04:39:53,32.6,100.0,4.0,24.9785086,121.3061612
08BEAC0A06FA,2023-08-05,04:40:42,30.5,100.0,0.0,23.04435,120.470196
08BEAC0A0774,2023-08-05,04:40:42,32.0,100.0,2.0,22.992411,120.294135
08BEAC0A0156,2023-08-05,04:40:53,28.5,100.0,0.0,24.0838267,120.752756
08BEAC0A0398,2023-08-05,04:40:57,30.2,100.0,5.0,24.1494507,120.6816876
08BEAC0A0464,2023-08-05,04:41:17,33.0,100.0,8.0,22.989813,120.203024
08BEAC0A019A,2023-08-05,04:41:21,31.6,100.0,10.0,23.3199,120.34515
08BEAC0A06A6,2023-08-05,04:41:28,32.6,100.0,8.0,22.977305,120.186438
08BEAC0A0296,2023-08-05,04:41:31,31.2,100.0,24.0,23.741269,120.401443
08BEAC0A0226,2023-08-05,04:41:39,31.0,100.0,0.0,23.2174825,120.365091
08BEAC0A0480,2023-08-05,04:41:52,32.0,100.0,9.0,23.190069,120.192365
08BEAC0A0830,2023-08-05,04:42:23,31.2,100.0,0.0,22.956295,120.248057
08BEAC0A0678,2023-08-05,04:42:38,31.6,100.0,9.0,23.139376,120.138374
08BEAC0A0040,2023-08-05,04:42:44,31.7,100.0,0.0,22.99133,120.230478
08BEAC0A0826,2023-08-05,04:42:59,31.7,100.0,7.0,23.0865158,120.3191882
08BEAC0A01AA,2023-08-05,04:43:07,32.0,79.0,11.0,24.9751,121.269826
08BEAC0A05AC,2023-08-05,04:43:07,32.6,100.0,1.0,22.912748,120.261227
08BEAC0A0640,2023-08-05,04:43:10,33.8,100.0,8.0,23.160034,120.18215
08BEAC0A0340,2023-08-05,04:43:42,34.0,100.0,9.0,22.9193352,120.2170451
08BEAC0A089E,2023-08-05,04:43:55,30.3,100.0,0.0,23.12107103,120.4585091
08BEAC0A0508,2023-08-05,04:44:17,31.7,100.0,7.0,23.138713,120.324702
08BEAC0A0344,2023-08-05,04:44:30,29.2,100.0,8.0,24.960122,121.178153
08BEAC0A0742,2023-08-05,04:44:46,32.1,100.0,7.0,23.003578,120.240161
08BEAC0A080E,2023-08-05,04:44:51,33.2,100.0,5.0,23.158097,120.170618
08BEAC0A04EC,2023-08-05,04:44:53,29.5,100.0,10.0,24.936085,121.223586
08BEAC0A0780,2023-08-05,04:45:04,31.1,100.0,0.0,23.048983,120.174614
08BEAC0A084E,2023-08-05,04:45:14,32.6,100.0,4.0,24.9785086,121.3061612
08BEAC0A0774,2023-08-05,04:45:59,31.8,100.0,4.0,22.992411,120.294135
08BEAC0A06FA,2023-08-05,04:46:00,30.3,100.0,0.0,23.04435,120.470196
08BEAC0A0156,2023-08-05,04:46:10,28.5,100.0,0.0,24.0838267,120.752756
08BEAC0A0398,2023-08-05,04:46:16,30.3,100.0,5.0,24.1494507,120.6816876
08BEAC0A0464,2023-08-05,04:46:36,33.0,100.0,8.0,22.989813,120.203024
08BEAC0A019A,2023-08-05,04:46:37,31.6,100.0,10.0,23.3199,120.34515
08BEAC0A06A6,2023-08-05,04:46:44,32.8,100.0,8.0,22.977305,120.186438
08BEAC0A0296,2023-08-05,04:46:46,31.5,100.0,11.0,23.741269,120.401443
08BEAC0A0226,2023-08-05,04:46:54,31.0,100.0,0.0,23.2174825,120.365091
08BEAC0A0218,2023-08-05,04:46:56,30.3,100.0,11.0,23.6869687,120.5865383
08BEAC0A0480,2023-08-05,04:47:07,32.0,100.0,8.0,23.190069,120.192365
08BEAC0A0830,2023-08-05,04:47:39,31.5,100.0,0.0,22.956295,120.248057
08BEAC0A0040,2023-08-05,04:48:00,31.7,100.0,0.0,22.99133,120.230478
08BEAC0A0826,2023-08-05,04:48:15,31.8,100.0,7.0,23.0865158,120.3191882
08BEAC0A01AA,2023-08-05,04:48:23,32.0,77.0,10.0,24.9751,121.269826
08BEAC0A0640,2023-08-05,04:48:26,33.7,100.0,8.0,23.160034,120.18215
08BEAC0A05AC,2023-08-05,04:48:28,32.2,100.0,1.0,22.912748,120.261227
08BEAC0A07A2,2023-08-05,04:48:35,30.8,100.0,9.0,25.10392038,121.2447143
08BEAC0A0340,2023-08-05,04:48:59,34.1,100.0,11.0,22.9193352,120.2170451
08BEAC0A089E,2023-08-05,04:49:11,30.2,100.0,0.0,23.12107103,120.4585091
08BEAC0A0508,2023-08-05,04:49:32,31.8,100.0,7.0,23.138713,120.324702
08BEAC0A0344,2023-08-05,04:49:46,29.3,100.0,8.0,24.960122,121.178153
08BEAC0A0742,2023-08-05,04:50:08,32.0,100.0,8.0,23.003578,120.240161
08BEAC0A04EC,2023-08-05,04:50:10,29.2,100.0,10.0,24.936085,121.223586
08BEAC0A080E,2023-08-05,04:50:10,33.2,100.0,5.0,23.158097,120.170618
08BEAC0A0780,2023-08-05,04:50:19,31.0,100.0,0.0,23.048983,120.174614
08BEAC0A084E,2023-08-05,04:50:35,32.7,100.0,4.0,24.9785086,121.3061612
08BEAC0A06FA,2023-08-05,04:51:17,30.5,100.0,0.0,23.04435,120.470196
08BEAC0A0774,2023-08-05,04:51:17,31.8,100.0,2.0,22.992411,120.294135
08BEAC0A0156,2023-08-05,04:51:27,28.5,100.0,0.0,24.0838267,120.752756
08BEAC0A0398,2023-08-05,04:51:32,30.5,100.0,7.0,24.1494507,120.6816876
08BEAC0A0464,2023-08-05,04:51:52,33.0,100.0,8.0,22.989813,120.203024
08BEAC0A019A,2023-08-05,04:51:54,31.7,100.0,10.0,23.3199,120.34515
08BEAC0A06A6,2023-08-05,04:51:59,33.0,100.0,8.0,22.977305,120.186438
08BEAC0A0296,2023-08-05,04:52:04,31.7,100.0,9.0,23.741269,120.401443
08BEAC0A0218,2023-08-05,04:52:12,30.2,100.0,11.0,23.6869687,120.5865383
08BEAC0A0226,2023-08-05,04:52:12,31.0,100.0,0.0,23.2174825,120.365091
08BEAC0A0480,2023-08-05,04:52:23,32.0,100.0,7.0,23.190069,120.192365
08BEAC0A0830,2023-08-05,04:52:56,31.3,100.0,0.0,22.956295,120.248057
08BEAC0A0040,2023-08-05,04:53:15,31.5,100.0,0.0,22.99133,120.230478
08BEAC0A0826,2023-08-05,04:53:33,31.7,100.0,7.0,23.0865158,120.3191882
08BEAC0A01AA,2023-08-05,04:53:40,32.0,77.0,10.0,24.9751,121.269826
08BEAC0A0640,2023-08-05,04:53:41,33.6,100.0,9.0,23.160034,120.18215
08BEAC0A05AC,2023-08-05,04:53:45,32.1,100.0,1.0,22.912748,120.261227
08BEAC0A0678,2023-08-05,04:53:49,31.5,100.0,9.0,23.139376,120.138374
08BEAC0A07A2,2023-08-05,04:53:50,30.7,100.0,8.0,25.10392038,121.2447143
08BEAC0A0340,2023-08-05,04:54:14,34.1,100.0,9.0,22.9193352,120.2170451
08BEAC0A089E,2023-08-05,04:54:27,30.2,100.0,0.0,23.12107103,120.4585091
08BEAC0A0508,2023-08-05,04:54:49,32.0,100.0,7.0,23.138713,120.324702
08BEAC0A0344,2023-08-05,04:55:02,29.3,100.0,8.0,24.960122,121.178153
08BEAC0A04EC,2023-08-05,04:55:26,29.5,100.0,9.0,24.936085,121.223586
08BEAC0A0742,2023-08-05,04:55:27,31.8,100.0,9.0,23.003578,120.240161
08BEAC0A080E,2023-08-05,04:55:29,33.2,100.0,5.0,23.158097,120.170618
08BEAC0A0780,2023-08-05,04:55:34,31.2,100.0,0.0,23.048983,120.174614
08BEAC0A084E,2023-08-05,04:55:58,32.7,100.0,4.0,24.9785086,121.3061612
08BEAC0A06FA,2023-08-05,04:56:34,30.3,100.0,0.0,23.04435,120.470196
08BEAC0A0774,2023-08-05,04:56:35,31.8,100.0,3.0,22.992411,120.294135
08BEAC0A0156,2023-08-05,04:56:43,28.5,100.0,0.0,24.0838267,120.752756
08BEAC0A0398,2023-08-05,04:56:49,30.7,100.0,6.0,24.1494507,120.6816876
08BEAC0A019A,2023-08-05,04:57:09,31.7,100.0,9.0,23.3199,120.34515
08BEAC0A0464,2023-08-05,04:57:10,32.7,100.0,8.0,22.989813,120.203024
08BEAC0A06A6,2023-08-05,04:57:15,33.1,100.0,8.0,22.977305,120.186438
08BEAC0A0296,2023-08-05,04:57:18,31.8,100.0,9.0,23.741269,120.401443
08BEAC0A0218,2023-08-05,04:57:28,30.2,100.0,11.0,23.6869687,120.5865383
08BEAC0A0226,2023-08-05,04:57:29,31.0,100.0,0.0,23.2174825,120.365091
08BEAC0A0480,2023-08-05,04:57:38,32.0,100.0,8.0,23.190069,120.192365
08BEAC0A0830,2023-08-05,04:58:15,31.7,100.0,0.0,22.956295,120.248057
08BEAC0A0040,2023-08-05,04:58:32,31.6,100.0,0.0,22.99133,120.230478
08BEAC0A0826,2023-08-05,04:58:49,31.6,100.0,7.0,23.0865158,120.3191882
08BEAC0A01AA,2023-08-05,04:58:56,32.1,78.0,12.0,24.9751,121.269826
08BEAC0A0640,2023-08-05,04:58:59,33.5,100.0,9.0,23.160034,120.18215
08BEAC0A05AC,2023-08-05,04:59:06,32.0,100.0,1.0,22.912748,120.261227
08BEAC0A0678,2023-08-05,04:59:06,31.5,100.0,8.0,23.139376,120.138374
08BEAC0A07A2,2023-08-05,04:59:10,30.7,100.0,8.0,25.10392038,121.2447143
08BEAC0A0340,2023-08-05,04:59:32,34.2,100.0,10.0,22.9193352,120.2170451
08BEAC0A089E,2023-08-05,04:59:44,30.2,100.0,0.0,23.12107103,120.4585091
08BEAC0A0508,2023-08-05,05:00:05,31.8,100.0,7.0,23.138713,120.324702
08BEAC0A0344,2023-08-05,05:00:18,29.5,100.0,8.0,24.960122,121.178153
08BEAC0A04EC,2023-08-05,05:00:43,29.8,100.0,8.0,24.936085,121.223586
08BEAC0A0742,2023-08-05,05:00:44,32.0,100.0,8.0,23.003578,120.240161
08BEAC0A080E,2023-08-05,05:00:44,33.3,100.0,5.0,23.158097,120.170618
08BEAC0A0780,2023-08-05,05:00:50,31.3,100.0,0.0,23.048983,120.174614
08BEAC0A084E,2023-08-05,05:01:45,32.7,100.0,4.0,24.9785086,121.3061612
08BEAC0A06FA,2023-08-05,05:01:48,30.5,100.0,0.0,23.04435,120.470196
08BEAC0A0774,2023-08-05,05:01:51,31.7,100.0,3.0,22.992411,120.294135
08BEAC0A0156,2023-08-05,05:02:00,28.6,100.0,0.0,24.0838267,120.752756
08BEAC0A0398,2023-08-05,05:02:06,30.6,100.0,6.0,24.1494507,120.6816876
08BEAC0A019A,2023-08-05,05:02:24,31.7,100.0,9.0,23.3199,120.34515
08BEAC0A0464,2023-08-05,05:02:29,32.8,100.0,8.0,22.989813,120.203024
08BEAC0A06A6,2023-08-05,05:02:31,32.8,100.0,10.0,22.977305,120.186438
08BEAC0A0296,2023-08-05,05:02:34,32.0,100.0,10.0,23.741269,120.401443
08BEAC0A0218,2023-08-05,05:02:45,30.2,100.0,11.0,23.6869687,120.5865383
08BEAC0A0226,2023-08-05,05:02:46,31.1,100.0,0.0,23.2174825,120.365091
08BEAC0A0480,2023-08-05,05:02:53,32.0,100.0,8.0,23.190069,120.192365
08BEAC0A0830,2023-08-05,05:03:31,31.3,100.0,0.0,22.956295,120.248057
08BEAC0A0040,2023-08-05,05:03:48,31.5,100.0,0.0,22.99133,120.230478
08BEAC0A0826,2023-08-05,05:04:05,31.7,100.0,8.0,23.0865158,120.3191882
08BEAC0A01AA,2023-08-05,05:04:11,32.3,78.0,11.0,24.9751,121.269826
08BEAC0A0640,2023-08-05,05:04:14,33.5,100.0,8.0,23.160034,120.18215
08BEAC0A05AC,2023-08-05,05:04:21,32.1,100.0,1.0,22.912748,120.261227
08BEAC0A07A2,2023-08-05,05:04:26,31.2,100.0,9.0,25.10392038,121.2447143
08BEAC0A0678,2023-08-05,05:04:28,31.2,100.0,8.0,23.139376,120.138374
08BEAC0A0340,2023-08-05,05:04:47,34.2,100.0,12.0,22.9193352,120.2170451
08BEAC0A089E,2023-08-05,05:05:00,30.2,100.0,0.0,23.12107103,120.4585091
08BEAC0A0508,2023-08-05,05:05:21,31.8,100.0,7.0,23.138713,120.324702
08BEAC0A0344,2023-08-05,05:05:32,29.5,100.0,7.0,24.960122,121.178153
08BEAC0A04EC,2023-08-05,05:06:00,29.8,100.0,6.0,24.936085,121.223586
08BEAC0A0742,2023-08-05,05:06:01,31.8,100.0,8.0,23.003578,120.240161
08BEAC0A080E,2023-08-05,05:06:01,33.3,100.0,6.0,23.158097,120.170618
08BEAC0A0780,2023-08-05,05:06:05,31.1,100.0,0.0,23.048983,120.174614
08BEAC0A06FA,2023-08-05,05:07:03,30.5,100.0,0.0,23.04435,120.470196
08BEAC0A0774,2023-08-05,05:07:07,31.7,100.0,3.0,22.992411,120.294135
08BEAC0A0156,2023-08-05,05:07:18,28.6,100.0,0.0,24.0838267,120.752756
08BEAC0A0398,2023-08-05,05:07:23,30.6,100.0,5.0,24.1494507,120.6816876
08BEAC0A084E,2023-08-05,05:07:24,32.7,100.0,4.0,24.9785086,121.3061612
08BEAC0A019A,2023-08-05,05:07:39,31.8,100.0,10.0,23.3199,120.34515
08BEAC0A0464,2023-08-05,05:07:45,33.0,100.0,8.0,22.989813,120.203024
08BEAC0A06A6,2023-08-05,05:07:47,32.8,100.0,9.0,22.977305,120.186438
08BEAC0A0296,2023-08-05,05:07:50,32.0,100.0,8.0,23.741269,120.401443
08BEAC0A0218,2023-08-05,05:08:01,30.3,100.0,11.0,23.6869687,120.5865383
08BEAC0A0226,2023-08-05,05:08:03,31.2,100.0,0.0,23.2174825,120.365091
08BEAC0A0480,2023-08-05,05:08:09,32.0,100.0,7.0,23.190069,120.192365
08BEAC0A0830,2023-08-05,05:08:49,31.8,100.0,0.0,22.956295,120.248057
08BEAC0A0040,2023-08-05,05:09:03,31.8,100.0,0.0,22.99133,120.230478
08BEAC0A0826,2023-08-05,05:09:21,31.6,100.0,7.0,23.0865158,120.3191882
08BEAC0A01AA,2023-08-05,05:09:28,32.3,78.0,14.0,24.9751,121.269826
08BEAC0A0640,2023-08-05,05:09:32,33.2,100.0,8.0,23.160034,120.18215
08BEAC0A05AC,2023-08-05,05:09:38,32.3,100.0,1.0,22.912748,120.261227
08BEAC0A07A2,2023-08-05,05:09:43,31.1,100.0,11.0,25.10392038,121.2447143
08BEAC0A0678,2023-08-05,05:09:54,31.3,100.0,8.0,23.139376,120.138374
08BEAC0A0340,2023-08-05,05:10:03,34.3,100.0,10.0,22.9193352,120.2170451
08BEAC0A089E,2023-08-05,05:10:16,30.3,100.0,0.0,23.12107103,120.4585091
08BEAC0A0508,2023-08-05,05:10:38,31.6,100.0,8.0,23.138713,120.324702
08BEAC0A0344,2023-08-05,05:10:48,29.6,100.0,6.0,24.960122,121.178153
08BEAC0A04EC,2023-08-05,05:11:16,29.7,100.0,6.0,24.936085,121.223586
08BEAC0A0742,2023-08-05,05:11:17,32.0,100.0,9.0,23.003578,120.240161
08BEAC0A080E,2023-08-05,05:11:19,33.3,100.0,5.0,23.158097,120.170618
08BEAC0A0780,2023-08-05,05:11:20,31.2,100.0,0.0,23.048983,120.174614
08BEAC0A06FA,2023-08-05,05:12:21,30.3,100.0,0.0,23.04435,120.470196
08BEAC0A0774,2023-08-05,05:12:24,31.7,100.0,4.0,22.992411,120.294135
08BEAC0A0156,2023-08-05,05:12:34,28.7,100.0,0.0,24.0838267,120.752756
08BEAC0A0398,2023-08-05,05:12:38,30.6,100.0,5.0,24.1494507,120.6816876
08BEAC0A084E,2023-08-05,05:12:42,32.7,100.0,4.0,24.9785086,121.3061612
08BEAC0A019A,2023-08-05,05:12:56,31.7,100.0,10.0,23.3199,120.34515
08BEAC0A0464,2023-08-05,05:13:03,32.8,100.0,8.0,22.989813,120.203024
08BEAC0A06A6,2023-08-05,05:13:04,33.0,100.0,9.0,22.977305,120.186438
08BEAC0A0296,2023-08-05,05:13:05,32.1,100.0,11.0,23.741269,120.401443
08BEAC0A0218,2023-08-05,05:13:18,30.5,100.0,12.0,23.6869687,120.5865383
08BEAC0A0226,2023-08-05,05:13:20,31.2,100.0,0.0,23.2174825,120.365091
08BEAC0A0480,2023-08-05,05:13:27,32.0,100.0,8.0,23.190069,120.192365
08BEAC0A0830,2023-08-05,05:14:04,31.8,100.0,0.0,22.956295,120.248057
08BEAC0A0040,2023-08-05,05:14:20,31.6,100.0,0.0,22.99133,120.230478
08BEAC0A0826,2023-08-05,05:14:36,31.6,100.0,8.0,23.0865158,120.3191882
08BEAC0A01AA,2023-08-05,05:14:44,32.3,77.0,14.0,24.9751,121.269826
08BEAC0A0640,2023-08-05,05:14:48,33.1,100.0,8.0,23.160034,120.18215
08BEAC0A05AC,2023-08-05,05:14:55,32.3,100.0,1.0,22.912748,120.261227
08BEAC0A07A2,2023-08-05,05:14:58,30.7,100.0,11.0,25.10392038,121.2447143
08BEAC0A0340,2023-08-05,05:15:18,34.2,100.0,10.0,22.9193352,120.2170451
08BEAC0A0678,2023-08-05,05:15:19,31.2,100.0,8.0,23.139376,120.138374
08BEAC0A089E,2023-08-05,05:15:32,30.3,100.0,0.0,23.12107103,120.4585091
08BEAC0A0508,2023-08-05,05:15:54,31.5,100.0,7.0,23.138713,120.324702
08BEAC0A0344,2023-08-05,05:16:04,29.7,100.0,6.0,24.960122,121.178153
08BEAC0A04EC,2023-08-05,05:16:32,30.0,100.0,6.0,24.936085,121.223586
08BEAC0A0742,2023-08-05,05:16:33,31.6,100.0,10.0,23.003578,120.240161
08BEAC0A0780,2023-08-05,05:16:35,31.1,100.0,0.0,23.048983,120.174614
08BEAC0A080E,2023-08-05,05:16:35,33.3,100.0,6.0,23.158097,120.170618
08BEAC0A06FA,2023-08-05,05:17:39,30.5,100.0,0.0,23.04435,120.470196
08BEAC0A0774,2023-08-05,05:17:40,31.7,100.0,3.0,22.992411,120.294135
08BEAC0A0156,2023-08-05,05:17:52,28.7,100.0,0.0,24.0838267,120.752756
08BEAC0A0398,2023-08-05,05:17:54,30.6,100.0,4.0,24.1494507,120.6816876
08BEAC0A019A,2023-08-05,05:18:12,31.7,100.0,9.0,23.3199,120.34515
08BEAC0A0464,2023-08-05,05:18:19,32.8,100.0,8.0,22.989813,120.203024
08BEAC0A06A6,2023-08-05,05:18:20,33.0,100.0,9.0,22.977305,120.186438
08BEAC0A0296,2023-08-05,05:18:22,32.1,100.0,17.0,23.741269,120.401443
08BEAC0A0218,2023-08-05,05:18:34,30.5,100.0,11.0,23.6869687,120.5865383
08BEAC0A0226,2023-08-05,05:18:38,31.2,100.0,0.0,23.2174825,120.365091
08BEAC0A0480,2023-08-05,05:18:46,32.0,100.0,8.0,23.190069,120.192365
08BEAC0A0830,2023-08-05,05:19:22,32.0,100.0,0.0,22.956295,120.248057
08BEAC0A0040,2023-08-05,05:19:36,31.5,100.0,0.0,22.99133,120.230478
08BEAC0A0826,2023-08-05,05:19:53,31.6,100.0,9.0,23.0865158,120.3191882
08BEAC0A01AA,2023-08-05,05:20:01,32.5,76.0,7.0,24.9751,121.269826
08BEAC0A0640,2023-08-05,05:20:03,33.1,100.0,9.0,23.160034,120.18215
08BEAC0A05AC,2023-08-05,05:20:13,32.1,100.0,1.0,22.912748,120.261227
08BEAC0A07A2,2023-08-05,05:20:15,31.0,100.0,12.0,25.10392038,121.2447143
08BEAC0A0340,2023-08-05,05:20:35,33.8,100.0,11.0,22.9193352,120.2170451
08BEAC0A0678,2023-08-05,05:20:37,31.1,100.0,9.0,23.139376,120.138374
08BEAC0A089E,2023-08-05,05:20:47,30.2,100.0,0.0,23.12107103,120.4585091
08BEAC0A0508,2023-08-05,05:21:10,31.5,100.0,8.0,23.138713,120.324702
08BEAC0A0344,2023-08-05,05:21:20,30.0,100.0,6.0,24.960122,121.178153
08BEAC0A04EC,2023-08-05,05:21:48,30.6,100.0,6.0,24.936085,121.223586
08BEAC0A0742,2023-08-05,05:21:50,31.7,100.0,8.0,23.003578,120.240161
08BEAC0A0780,2023-08-05,05:21:50,31.0,100.0,0.0,23.048983,120.174614
08BEAC0A080E,2023-08-05,05:21:54,33.3,100.0,5.0,23.158097,120.170618
08BEAC0A06FA,2023-08-05,05:22:56,30.5,100.0,0.0,23.04435,120.470196
08BEAC0A0774,2023-08-05,05:22:58,31.8,100.0,3.0,22.992411,120.294135
08BEAC0A0156,2023-08-05,05:23:08,28.8,100.0,0.0,24.0838267,120.752756
08BEAC0A0398,2023-08-05,05:23:09,30.7,100.0,4.0,24.1494507,120.6816876
08BEAC0A019A,2023-08-05,05:23:27,31.7,100.0,9.0,23.3199,120.34515
08BEAC0A06A6,2023-08-05,05:23:35,33.3,100.0,7.0,22.977305,120.186438
08BEAC0A0464,2023-08-05,05:23:36,33.1,100.0,8.0,22.989813,120.203024
08BEAC0A0296,2023-08-05,05:23:37,32.2,100.0,8.0,23.741269,120.401443
08BEAC0A0218,2023-08-05,05:23:50,30.6,100.0,11.0,23.6869687,120.5865383
08BEAC0A0226,2023-08-05,05:23:56,31.1,100.0,0.0,23.2174825,120.365091
08BEAC0A0480,2023-08-05,05:24:02,32.1,100.0,9.0,23.190069,120.192365
08BEAC0A084E,2023-08-05,05:24:19,32.7,100.0,4.0,24.9785086,121.3061612
08BEAC0A0830,2023-08-05,05:24:40,31.8,100.0,0.0,22.956295,120.248057
08BEAC0A0040,2023-08-05,05:24:52,31.7,100.0,0.0,22.99133,120.230478
08BEAC0A0826,2023-08-05,05:25:09,31.6,100.0,8.0,23.0865158,120.3191882
08BEAC0A01AA,2023-08-05,05:25:17,32.3,77.0,9.0,24.9751,121.269826
08BEAC0A0640,2023-08-05,05:25:19,33.1,100.0,7.0,23.160034,120.18215
08BEAC0A05AC,2023-08-05,05:25:29,32.0,100.0,1.0,22.912748,120.261227
08BEAC0A07A2,2023-08-05,05:25:31,31.2,100.0,11.0,25.10392038,121.2447143
08BEAC0A0678,2023-08-05,05:25:53,31.0,100.0,9.0,23.139376,120.138374
08BEAC0A0340,2023-08-05,05:25:54,33.7,100.0,12.0,22.9193352,120.2170451
08BEAC0A089E,2023-08-05,05:26:02,30.2,100.0,0.0,23.12107103,120.4585091
08BEAC0A0508,2023-08-05,05:26:26,31.6,100.0,8.0,23.138713,120.324702
08BEAC0A0344,2023-08-05,05:26:35,30.2,100.0,8.0,24.960122,121.178153
08BEAC0A04EC,2023-08-05,05:27:04,30.7,100.0,7.0,24.936085,121.223586
08BEAC0A0780,2023-08-05,05:27:07,31.0,100.0,0.0,23.048983,120.174614
08BEAC0A0742,2023-08-05,05:27:08,31.7,100.0,9.0,23.003578,120.240161
08BEAC0A080E,2023-08-05,05:27:10,33.3,100.0,6.0,23.158097,120.170618
08BEAC0A0774,2023-08-05,05:28:12,31.8,100.0,3.0,22.992411,120.294135
08BEAC0A06FA,2023-08-05,05:28:13,30.6,100.0,0.0,23.04435,120.470196
08BEAC0A0156,2023-08-05,05:28:25,28.8,100.0,0.0,24.0838267,120.752756
08BEAC0A0398,2023-08-05,05:28:25,30.5,100.0,4.0,24.1494507,120.6816876
08BEAC0A019A,2023-08-05,05:28:44,31.8,100.0,9.0,23.3199,120.34515
08BEAC0A06A6,2023-08-05,05:28:50,33.2,100.0,7.0,22.977305,120.186438
08BEAC0A0296,2023-08-05,05:28:53,32.2,100.0,10.0,23.741269,120.401443
08BEAC0A0464,2023-08-05,05:28:54,33.3,100.0,8.0,22.989813,120.203024
08BEAC0A0218,2023-08-05,05:29:05,30.6,100.0,11.0,23.6869687,120.5865383
08BEAC0A0226,2023-08-05,05:29:13,31.1,100.0,0.0,23.2174825,120.365091
08BEAC0A0480,2023-08-05,05:29:18,32.0,100.0,8.0,23.190069,120.192365
08BEAC0A084E,2023-08-05,05:29:40,32.7,100.0,4.0,24.9785086,121.3061612
08BEAC0A0830,2023-08-05,05:29:54,31.5,100.0,0.0,22.956295,120.248057
08BEAC0A0040,2023-08-05,05:30:09,31.8,100.0,0.0,22.99133,120.230478
08BEAC0A0826,2023-08-05,05:30:25,31.6,100.0,8.0,23.0865158,120.3191882
08BEAC0A01AA,2023-08-05,05:30:33,32.6,78.0,10.0,24.9751,121.269826
08BEAC0A0640,2023-08-05,05:30:35,33.2,100.0,9.0,23.160034,120.18215
08BEAC0A05AC,2023-08-05,05:30:45,32.0,100.0,0.0,22.912748,120.261227
08BEAC0A07A2,2023-08-05,05:30:49,31.0,100.0,11.0,25.10392038,121.2447143
08BEAC0A0678,2023-08-05,05:31:08,31.0,100.0,8.0,23.139376,120.138374
08BEAC0A0340,2023-08-05,05:31:11,33.7,100.0,9.0,22.9193352,120.2170451
08BEAC0A089E,2023-08-05,05:31:17,30.2,100.0,0.0,23.12107103,120.4585091
08BEAC0A0508,2023-08-05,05:31:42,31.6,100.0,8.0,23.138713,120.324702
08BEAC0A0344,2023-08-05,05:31:51,30.2,100.0,9.0,24.960122,121.178153
08BEAC0A04EC,2023-08-05,05:32:19,30.8,100.0,8.0,24.936085,121.223586
08BEAC0A0780,2023-08-05,05:32:24,31.0,100.0,0.0,23.048983,120.174614
08BEAC0A0742,2023-08-05,05:32:26,31.7,100.0,9.0,23.003578,120.240161
08BEAC0A080E,2023-08-05,05:32:27,33.3,100.0,5.0,23.158097,120.170618
08BEAC0A0774,2023-08-05,05:33:29,31.8,100.0,5.0,22.992411,120.294135
08BEAC0A06FA,2023-08-05,05:33:31,30.6,100.0,0.0,23.04435,120.470196
08BEAC0A0156,2023-08-05,05:33:39,28.8,100.0,0.0,24.0838267,120.752756
08BEAC0A0398,2023-08-05,05:33:41,30.5,100.0,4.0,24.1494507,120.6816876
08BEAC0A019A,2023-08-05,05:33:59,32.0,100.0,10.0,23.3199,120.34515
08BEAC0A06A6,2023-08-05,05:34:08,33.1,100.0,8.0,22.977305,120.186438
08BEAC0A0464,2023-08-05,05:34:10,33.1,100.0,7.0,22.989813,120.203024
08BEAC0A0296,2023-08-05,05:34:12,32.3,100.0,9.0,23.741269,120.401443
08BEAC0A0218,2023-08-05,05:34:21,30.6,100.0,9.0,23.6869687,120.5865383
08BEAC0A0226,2023-08-05,05:34:30,31.1,100.0,0.0,23.2174825,120.365091
08BEAC0A0480,2023-08-05,05:34:33,32.1,100.0,9.0,23.190069,120.192365
08BEAC0A0830,2023-08-05,05:35:11,31.5,100.0,0.0,22.956295,120.248057
08BEAC0A084E,2023-08-05,05:35:18,32.8,100.0,4.0,24.9785086,121.3061612
08BEAC0A0040,2023-08-05,05:35:24,31.7,100.0,0.0,22.99133,120.230478
08BEAC0A0826,2023-08-05,05:35:43,31.7,100.0,8.0,23.0865158,120.3191882
08BEAC0A01AA,2023-08-05,05:35:48,32.6,78.0,10.0,24.9751,121.269826
08BEAC0A0640,2023-08-05,05:35:51,33.2,100.0,9.0,23.160034,120.18215
08BEAC0A05AC,2023-08-05,05:36:00,32.1,100.0,1.0,22.912748,120.261227
08BEAC0A07A2,2023-08-05,05:36:07,31.2,100.0,11.0,25.10392038,121.2447143
08BEAC0A0340,2023-08-05,05:36:25,33.7,100.0,9.0,22.9193352,120.2170451
08BEAC0A089E,2023-08-05,05:36:32,30.1,100.0,0.0,23.12107103,120.4585091
08BEAC0A0678,2023-08-05,05:36:41,31.0,100.0,9.0,23.139376,120.138374
08BEAC0A0508,2023-08-05,05:36:59,31.6,100.0,7.0,23.138713,120.324702
08BEAC0A0344,2023-08-05,05:37:07,30.5,100.0,9.0,24.960122,121.178153
08BEAC0A04EC,2023-08-05,05:37:36,30.7,100.0,9.0,24.936085,121.223586
08BEAC0A0780,2023-08-05,05:37:40,31.1,100.0,0.0,23.048983,120.174614
08BEAC0A0742,2023-08-05,05:37:44,31.8,100.0,8.0,23.003578,120.240161
08BEAC0A080E,2023-08-05,05:37:44,33.2,100.0,6.0,23.158097,120.170618
08BEAC0A0774,2023-08-05,05:38:45,32.0,100.0,3.0,22.992411,120.294135
08BEAC0A06FA,2023-08-05,05:38:48,30.6,100.0,0.0,23.04435,120.470196
08BEAC0A0156,2023-08-05,05:38:55,28.7,100.0,0.0,24.0838267,120.752756
08BEAC0A0398,2023-08-05,05:38:57,30.6,100.0,5.0,24.1494507,120.6816876
08BEAC0A019A,2023-08-05,05:39:16,31.8,100.0,9.0,23.3199,120.34515
08BEAC0A06A6,2023-08-05,05:39:24,32.7,100.0,9.0,22.977305,120.186438
08BEAC0A0464,2023-08-05,05:39:27,33.0,100.0,7.0,22.989813,120.203024
08BEAC0A0296,2023-08-05,05:39:29,32.3,100.0,7.0,23.741269,120.401443
08BEAC0A0218,2023-08-05,05:39:37,30.7,100.0,11.0,23.6869687,120.5865383
08BEAC0A0226,2023-08-05,05:39:47,31.2,100.0,0.0,23.2174825,120.365091
08BEAC0A0480,2023-08-05,05:39:50,32.1,100.0,9.0,23.190069,120.192365
08BEAC0A0830,2023-08-05,05:40:28,32.0,100.0,0.0,22.956295,120.248057
08BEAC0A0040,2023-08-05,05:40:41,31.6,100.0,0.0,22.99133,120.230478
08BEAC0A084E,2023-08-05,05:40:41,32.8,100.0,5.0,24.9785086,121.3061612
08BEAC0A0826,2023-08-05,05:41:01,31.8,100.0,8.0,23.0865158,120.3191882
08BEAC0A01AA,2023-08-05,05:41:03,32.5,79.0,11.0,24.9751,121.269826
08BEAC0A0640,2023-08-05,05:41:06,33.1,100.0,8.0,23.160034,120.18215
08BEAC0A05AC,2023-08-05,05:41:17,32.3,100.0,1.0,22.912748,120.261227
08BEAC0A07A2,2023-08-05,05:41:24,31.0,100.0,11.0,25.10392038,121.2447143
08BEAC0A0340,2023-08-05,05:41:41,33.6,100.0,14.0,22.9193352,120.2170451
08BEAC0A089E,2023-08-05,05:41:48,30.2,100.0,0.0,23.12107103,120.4585091
08BEAC0A0678,2023-08-05,05:41:59,31.1,100.0,9.0,23.139376,120.138374
08BEAC0A0508,2023-08-05,05:42:13,31.7,100.0,7.0,23.138713,120.324702
08BEAC0A0344,2023-08-05,05:42:24,30.5,100.0,11.0,24.960122,121.178153
08BEAC0A04EC,2023-08-05,05:42:52,30.6,100.0,11.0,24.936085,121.223586
08BEAC0A0780,2023-08-05,05:42:55,31.1,100.0,0.0,23.048983,120.174614
08BEAC0A080E,2023-08-05,05:43:00,33.3,100.0,6.0,23.158097,120.170618
08BEAC0A0742,2023-08-05,05:43:01,31.6,100.0,9.0,23.003578,120.240161
08BEAC0A0774,2023-08-05,05:44:00,32.1,100.0,4.0,22.992411,120.294135
08BEAC0A06FA,2023-08-05,05:44:04,30.6,100.0,0.0,23.04435,120.470196
08BEAC0A0156,2023-08-05,05:44:10,28.7,100.0,0.0,24.0838267,120.752756
08BEAC0A0398,2023-08-05,05:44:13,30.7,100.0,6.0,24.1494507,120.6816876
08BEAC0A019A,2023-08-05,05:44:33,31.8,100.0,9.0,23.3199,120.34515
08BEAC0A06A6,2023-08-05,05:44:39,32.6,100.0,8.0,22.977305,120.186438
08BEAC0A0464,2023-08-05,05:44:43,33.0,100.0,8.0,22.989813,120.203024
08BEAC0A0296,2023-08-05,05:44:45,32.3,100.0,9.0,23.741269,120.401443
08BEAC0A0218,2023-08-05,05:44:53,30.8,100.0,10.0,23.6869687,120.5865383
08BEAC0A0480,2023-08-05,05:45:06,32.1,100.0,10.0,23.190069,120.192365
08BEAC0A0226,2023-08-05,05:45:07,31.2,100.0,0.0,23.2174825,120.365091
08BEAC0A0830,2023-08-05,05:45:43,32.0,100.0,0.0,22.956295,120.248057
08BEAC0A0040,2023-08-05,05:45:59,31.5,100.0,0.0,22.99133,120.230478
08BEAC0A084E,2023-08-05,05:46:10,32.7,100.0,4.0,24.9785086,121.3061612
08BEAC0A0826,2023-08-05,05:46:17,32.0,100.0,8.0,23.0865158,120.3191882
08BEAC0A01AA,2023-08-05,05:46:20,32.5,80.0,13.0,24.9751,121.269826
08BEAC0A0640,2023-08-05,05:46:21,33.3,100.0,9.0,23.160034,120.18215
08BEAC0A05AC,2023-08-05,05:46:34,32.5,100.0,0.0,22.912748,120.261227
08BEAC0A07A2,2023-08-05,05:46:42,31.1,100.0,11.0,25.10392038,121.2447143
08BEAC0A0340,2023-08-05,05:46:56,33.5,100.0,10.0,22.9193352,120.2170451
08BEAC0A089E,2023-08-05,05:47:06,30.3,100.0,0.0,23.12107103,120.4585091
08BEAC0A0678,2023-08-05,05:47:17,31.2,100.0,9.0,23.139376,120.138374
08BEAC0A0508,2023-08-05,05:47:29,32.0,100.0,7.0,23.138713,120.324702
08BEAC0A0344,2023-08-05,05:47:39,30.5,100.0,12.0,24.960122,121.178153
08BEAC0A04EC,2023-08-05,05:48:09,30.7,100.0,12.0,24.936085,121.223586
08BEAC0A080E,2023-08-05,05:48:15,33.3,100.0,6.0,23.158097,120.170618
08BEAC0A0742,2023-08-05,05:48:18,31.5,100.0,10.0,23.003578,120.240161
08BEAC0A0774,2023-08-05,05:49:15,32.1,100.0,4.0,22.992411,120.294135
08BEAC0A06FA,2023-08-05,05:49:21,30.8,100.0,0.0,23.04435,120.470196
08BEAC0A0156,2023-08-05,05:49:24,28.7,100.0,0.0,24.0838267,120.752756
08BEAC0A0398,2023-08-05,05:49:30,30.8,100.0,4.0,24.1494507,120.6816876
08BEAC0A019A,2023-08-05,05:49:50,31.8,100.0,9.0,23.3199,120.34515
08BEAC0A06A6,2023-08-05,05:49:56,32.6,100.0,9.0,22.977305,120.186438
08BEAC0A0464,2023-08-05,05:50:00,32.8,100.0,8.0,22.989813,120.203024
08BEAC0A0296,2023-08-05,05:50:03,32.3,100.0,9.0,23.741269,120.401443
08BEAC0A0218,2023-08-05,05:50:09,31.2,100.0,10.0,23.6869687,120.5865383
08BEAC0A0480,2023-08-05,05:50:21,32.1,100.0,9.0,23.190069,120.192365
08BEAC0A0226,2023-08-05,05:50:25,31.2,100.0,0.0,23.2174825,120.365091
08BEAC0A0830,2023-08-05,05:51:00,31.6,100.0,0.0,22.956295,120.248057
08BEAC0A0040,2023-08-05,05:51:14,31.6,100.0,0.0,22.99133,120.230478
08BEAC0A0826,2023-08-05,05:51:35,32.1,100.0,8.0,23.0865158,120.3191882
08BEAC0A01AA,2023-08-05,05:51:37,32.6,81.0,14.0,24.9751,121.269826
08BEAC0A0640,2023-08-05,05:51:39,33.3,100.0,10.0,23.160034,120.18215
08BEAC0A084E,2023-08-05,05:51:41,32.7,100.0,5.0,24.9785086,121.3061612
08BEAC0A05AC,2023-08-05,05:51:52,32.3,100.0,1.0,22.912748,120.261227
08BEAC0A07A2,2023-08-05,05:51:59,31.1,100.0,12.0,25.10392038,121.2447143
08BEAC0A0340,2023-08-05,05:52:11,33.3,100.0,10.0,22.9193352,120.2170451
08BEAC0A089E,2023-08-05,05:52:22,30.6,100.0,0.0,23.12107103,120.4585091
08BEAC0A0508,2023-08-05,05:52:44,32.0,100.0,8.0,23.138713,120.324702
08BEAC0A0678,2023-08-05,05:52:47,31.2,100.0,8.0,23.139376,120.138374
08BEAC0A0344,2023-08-05,05:52:57,30.6,100.0,13.0,24.960122,121.178153
08BEAC0A04EC,2023-08-05,05:53:28,30.7,100.0,13.0,24.936085,121.223586
08BEAC0A0742,2023-08-05,05:53:32,31.5,100.0,11.0,23.003578,120.240161
08BEAC0A080E,2023-08-05,05:53:32,33.3,100.0,5.0,23.158097,120.170618
08BEAC0A0774,2023-08-05,05:54:31,32.3,100.0,4.0,22.992411,120.294135
08BEAC0A06FA,2023-08-05,05:54:38,31.0,100.0,0.0,23.04435,120.470196
08BEAC0A0156,2023-08-05,05:54:40,28.6,100.0,0.0,24.0838267,120.752756
08BEAC0A0398,2023-08-05,05:54:47,30.8,100.0,4.0,24.1494507,120.6816876
08BEAC0A019A,2023-08-05,05:55:07,31.7,100.0,9.0,23.3199,120.34515
08BEAC0A06A6,2023-08-05,05:55:12,32.6,100.0,9.0,22.977305,120.186438
08BEAC0A0464,2023-08-05,05:55:15,33.0,100.0,9.0,22.989813,120.203024
08BEAC0A0296,2023-08-05,05:55:19,32.3,100.0,8.0,23.741269,120.401443
08BEAC0A0218,2023-08-05,05:55:28,31.5,100.0,10.0,23.6869687,120.5865383
08BEAC0A0480,2023-08-05,05:55:37,32.1,100.0,10.0,23.190069,120.192365
08BEAC0A0226,2023-08-05,05:55:44,31.2,100.0,0.0,23.2174825,120.365091
08BEAC0A0830,2023-08-05,05:56:15,31.3,100.0,0.0,22.956295,120.248057
08BEAC0A0040,2023-08-05,05:56:32,31.5,100.0,0.0,22.99133,120.230478
08BEAC0A0826,2023-08-05,05:56:50,32.3,100.0,9.0,23.0865158,120.3191882
08BEAC0A01AA,2023-08-05,05:56:53,32.6,81.0,16.0,24.9751,121.269826
08BEAC0A0640,2023-08-05,05:56:55,33.3,100.0,9.0,23.160034,120.18215
08BEAC0A05AC,2023-08-05,05:57:08,32.2,100.0,1.0,22.912748,120.261227
08BEAC0A084E,2023-08-05,05:57:13,32.8,100.0,4.0,24.9785086,121.3061612
08BEAC0A07A2,2023-08-05,05:57:14,31.2,100.0,13.0,25.10392038,121.2447143
08BEAC0A0340,2023-08-05,05:57:28,33.3,100.0,12.0,22.9193352,120.2170451
08BEAC0A089E,2023-08-05,05:57:40,30.7,100.0,0.0,23.12107103,120.4585091
08BEAC0A0508,2023-08-05,05:57:59,32.1,100.0,7.0,23.138713,120.324702
08BEAC0A0678,2023-08-05,05:58:04,31.2,100.0,9.0,23.139376,120.138374
08BEAC0A0344,2023-08-05,05:58:12,30.6,100.0,14.0,24.960122,121.178153
08BEAC0A04EC,2023-08-05,05:58:45,30.6,100.0,14.0,24.936085,121.223586
08BEAC0A080E,2023-08-05,05:58:48,33.3,100.0,5.0,23.158097,120.170618
08BEAC0A0742,2023-08-05,05:58:49,31.6,100.0,10.0,23.003578,120.240161
08BEAC0A0774,2023-08-05,05:59:46,32.6,100.0,5.0,22.992411,120.294135
08BEAC0A06FA,2023-08-05,05:59:55,31.1,100.0,0.0,23.04435,120.470196
08BEAC0A0398,2023-08-05,06:00:05,31.0,100.0,4.0,24.1494507,120.6816876
08BEAC0A019A,2023-08-05,06:00:24,31.7,100.0,10.0,23.3199,120.34515
08BEAC0A06A6,2023-08-05,06:00:28,32.6,100.0,10.0,22.977305,120.186438
08BEAC0A0464,2023-08-05,06:00:34,33.1,100.0,8.0,22.989813,120.203024
08BEAC0A0296,2023-08-05,06:00:36,32.5,100.0,10.0,23.741269,120.401443
08BEAC0A0218,2023-08-05,06:00:44,31.3,100.0,9.0,23.6869687,120.5865383
08BEAC0A0226,2023-08-05,06:00:59,31.2,100.0,0.0,23.2174825,120.365091
08BEAC0A0830,2023-08-05,06:01:32,31.8,100.0,0.0,22.956295,120.248057
08BEAC0A0040,2023-08-05,06:01:49,31.7,100.0,0.0,22.99133,120.230478
08BEAC0A0826,2023-08-05,06:02:08,32.5,100.0,8.0,23.0865158,120.3191882
08BEAC0A01AA,2023-08-05,06:02:11,32.7,81.0,17.0,24.9751,121.269826
08BEAC0A0640,2023-08-05,06:02:12,33.6,100.0,9.0,23.160034,120.18215
08BEAC0A05AC,2023-08-05,06:02:27,32.1,100.0,1.0,22.912748,120.261227
08BEAC0A07A2,2023-08-05,06:02:33,31.3,100.0,14.0,25.10392038,121.2447143
08BEAC0A0340,2023-08-05,06:02:42,33.1,100.0,12.0,22.9193352,120.2170451
08BEAC0A089E,2023-08-05,06:02:58,30.8,100.0,0.0,23.12107103,120.4585091
08BEAC0A084E,2023-08-05,06:03:10,32.7,100.0,5.0,24.9785086,121.3061612
08BEAC0A0508,2023-08-05,06:03:14,32.2,100.0,8.0,23.138713,120.324702
08BEAC0A0678,2023-08-05,06:03:20,31.5,100.0,10.0,23.139376,120.138374
08BEAC0A0344,2023-08-05,06:03:27,30.6,100.0,14.0,24.960122,121.178153
08BEAC0A0780,2023-08-05,06:03:30,31.7,100.0,0.0,23.048983,120.174614
08BEAC0A04EC,2023-08-05,06:04:01,30.8,100.0,14.0,24.936085,121.223586
08BEAC0A080E,2023-08-05,06:04:02,33.3,100.0,6.0,23.158097,120.170618
08BEAC0A0742,2023-08-05,06:04:06,31.6,100.0,11.0,23.003578,120.240161
08BEAC0A0774,2023-08-05,06:05:02,32.8,100.0,4.0,22.992411,120.294135
08BEAC0A06FA,2023-08-05,06:05:10,31.0,100.0,0.0,23.04435,120.470196
08BEAC0A0156,2023-08-05,06:05:12,28.7,100.0,0.0,24.0838267,120.752756
08BEAC0A0398,2023-08-05,06:05:23,31.1,100.0,4.0,24.1494507,120.6816876
08BEAC0A019A,2023-08-05,06:05:40,31.7,100.0,10.0,23.3199,120.34515
08BEAC0A06A6,2023-08-05,06:05:43,32.5,100.0,10.0,22.977305,120.186438
08BEAC0A0464,2023-08-05,06:05:49,33.0,100.0,8.0,22.989813,120.203024
08BEAC0A0296,2023-08-05,06:05:53,32.5,100.0,8.0,23.741269,120.401443
08BEAC0A0218,2023-08-05,06:05:59,31.3,100.0,10.0,23.6869687,120.5865383
08BEAC0A0480,2023-08-05,06:06:03,32.1,100.0,8.0,23.190069,120.192365
08BEAC0A0226,2023-08-05,06:06:15,31.5,100.0,0.0,23.2174825,120.365091
08BEAC0A0830,2023-08-05,06:06:49,31.5,100.0,0.0,22.956295,120.248057
08BEAC0A0040,2023-08-05,06:07:08,31.6,100.0,0.0,22.99133,120.230478
08BEAC0A0826,2023-08-05,06:07:23,32.5,100.0,8.0,23.0865158,120.3191882
08BEAC0A01AA,2023-08-05,06:07:26,32.8,81.0,17.0,24.9751,121.269826
08BEAC0A0640,2023-08-05,06:07:27,33.7,100.0,9.0,23.160034,120.18215
08BEAC0A05AC,2023-08-05,06:07:44,32.0,100.0,0.0,22.912748,120.261227
08BEAC0A07A2,2023-08-05,06:07:48,31.5,100.0,15.0,25.10392038,121.2447143
08BEAC0A0340,2023-08-05,06:07:59,33.1,100.0,11.0,22.9193352,120.2170451
08BEAC0A089E,2023-08-05,06:08:15,30.7,100.0,0.0,23.12107103,120.4585091
08BEAC0A0508,2023-08-05,06:08:31,32.5,100.0,8.0,23.138713,120.324702
08BEAC0A0344,2023-08-05,06:08:43,30.7,100.0,14.0,24.960122,121.178153
08BEAC0A0678,2023-08-05,06:08:44,31.6,100.0,10.0,23.139376,120.138374
08BEAC0A084E,2023-08-05,06:08:59,32.8,100.0,5.0,24.9785086,121.3061612
08BEAC0A04EC,2023-08-05,06:09:16,31.0,100.0,14.0,24.936085,121.223586
08BEAC0A080E,2023-08-05,06:09:19,33.3,100.0,5.0,23.158097,120.170618
08BEAC0A0742,2023-08-05,06:09:20,32.0,100.0,9.0,23.003578,120.240161
08BEAC0A0774,2023-08-05,06:10:19,33.0,100.0,3.0,22.992411,120.294135
08BEAC0A06FA,2023-08-05,06:10:27,31.1,100.0,0.0,23.04435,120.470196
08BEAC0A0156,2023-08-05,06:10:31,28.7,100.0,0.0,24.0838267,120.752756
08BEAC0A0398,2023-08-05,06:10:39,31.2,100.0,4.0,24.1494507,120.6816876
08BEAC0A019A,2023-08-05,06:10:56,31.7,100.0,10.0,23.3199,120.34515
08BEAC0A06A6,2023-08-05,06:10:58,32.5,100.0,9.0,22.977305,120.186438
08BEAC0A0464,2023-08-05,06:11:05,33.1,100.0,8.0,22.989813,120.203024
08BEAC0A0296,2023-08-05,06:11:09,32.5,100.0,10.0,23.741269,120.401443
08BEAC0A0218,2023-08-05,06:11:15,31.2,100.0,10.0,23.6869687,120.5865383
08BEAC0A0480,2023-08-05,06:11:23,32.1,100.0,10.0,23.190069,120.192365
08BEAC0A0226,2023-08-05,06:11:32,31.5,100.0,0.0,23.2174825,120.365091
08BEAC0A0830,2023-08-05,06:12:06,31.2,100.0,0.0,22.956295,120.248057
08BEAC0A0040,2023-08-05,06:12:24,31.7,100.0,0.0,22.99133,120.230478
08BEAC0A0826,2023-08-05,06:12:39,32.3,100.0,8.0,23.0865158,120.3191882
08BEAC0A01AA,2023-08-05,06:12:42,32.8,81.0,18.0,24.9751,121.269826
08BEAC0A0640,2023-08-05,06:12:43,33.7,100.0,11.0,23.160034,120.18215
08BEAC0A05AC,2023-08-05,06:13:00,32.0,100.0,1.0,22.912748,120.261227
08BEAC0A07A2,2023-08-05,06:13:03,31.5,100.0,16.0,25.10392038,121.2447143
08BEAC0A0340,2023-08-05,06:13:14,33.0,100.0,15.0,22.9193352,120.2170451
08BEAC0A089E,2023-08-05,06:13:31,30.7,100.0,0.0,23.12107103,120.4585091
08BEAC0A0508,2023-08-05,06:13:45,32.6,100.0,8.0,23.138713,120.324702
08BEAC0A0344,2023-08-05,06:13:58,30.8,100.0,16.0,24.960122,121.178153
08BEAC0A0678,2023-08-05,06:14:04,31.5,100.0,11.0,23.139376,120.138374
08BEAC0A084E,2023-08-05,06:14:18,32.8,100.0,5.0,24.9785086,121.3061612
08BEAC0A04EC,2023-08-05,06:14:33,31.2,100.0,15.0,24.936085,121.223586
08BEAC0A080E,2023-08-05,06:14:35,33.3,100.0,7.0,23.158097,120.170618
08BEAC0A0742,2023-08-05,06:14:37,32.1,100.0,9.0,23.003578,120.240161
08BEAC0A0774,2023-08-05,06:15:35,33.1,100.0,4.0,22.992411,120.294135
08BEAC0A06FA,2023-08-05,06:15:43,31.1,100.0,0.0,23.04435,120.470196
08BEAC0A0156,2023-08-05,06:15:48,28.7,100.0,0.0,24.0838267,120.752756
08BEAC0A0398,2023-08-05,06:15:56,31.2,100.0,4.0,24.1494507,120.6816876
08BEAC0A019A,2023-08-05,06:16:11,31.7,100.0,10.0,23.3199,120.34515
08BEAC0A06A6,2023-08-05,06:16:15,32.7,100.0,10.0,22.977305,120.186438
08BEAC0A0296,2023-08-05,06:16:25,32.6,100.0,7.0,23.741269,120.401443
08BEAC0A0464,2023-08-05,06:16:26,33.2,100.0,9.0,22.989813,120.203024
08BEAC0A0218,2023-08-05,06:16:31,31.2,100.0,10.0,23.6869687,120.5865383
08BEAC0A0480,2023-08-05,06:16:38,32.0,100.0,8.0,23.190069,120.192365
08BEAC0A0226,2023-08-05,06:16:49,31.5,100.0,0.0,23.2174825,120.365091
08BEAC0A0830,2023-08-05,06:17:21,31.1,100.0,0.0,22.956295,120.248057
08BEAC0A0040,2023-08-05,06:17:39,31.7,100.0,0.0,22.99133,120.230478
08BEAC0A0826,2023-08-05,06:17:54,32.5,100.0,8.0,23.0865158,120.3191882
08BEAC0A01AA,2023-08-05,06:17:58,32.7,82.0,16.0,24.9751,121.269826
08BEAC0A0640,2023-08-05,06:18:00,33.8,100.0,11.0,23.160034,120.18215
08BEAC0A05AC,2023-08-05,06:18:18,32.0,100.0,0.0,22.912748,120.261227
08BEAC0A07A2,2023-08-05,06:18:19,31.6,100.0,17.0,25.10392038,121.2447143
08BEAC0A0340,2023-08-05,06:18:30,33.0,100.0,25.0,22.9193352,120.2170451
08BEAC0A089E,2023-08-05,06:18:48,30.7,100.0,0.0,23.12107103,120.4585091
08BEAC0A0508,2023-08-05,06:19:02,32.5,100.0,7.0,23.138713,120.324702
08BEAC0A0344,2023-08-05,06:19:16,31.0,100.0,16.0,24.960122,121.178153
08BEAC0A0678,2023-08-05,06:19:26,31.5,100.0,11.0,23.139376,120.138374
08BEAC0A04EC,2023-08-05,06:19:49,31.1,100.0,16.0,24.936085,121.223586
08BEAC0A080E,2023-08-05,06:19:51,33.3,100.0,6.0,23.158097,120.170618
08BEAC0A0742,2023-08-05,06:19:53,32.0,100.0,11.0,23.003578,120.240161
08BEAC0A0774,2023-08-05,06:20:52,33.2,100.0,4.0,22.992411,120.294135
08BEAC0A06FA,2023-08-05,06:20:59,31.2,100.0,0.0,23.04435,120.470196
08BEAC0A0156,2023-08-05,06:21:06,28.8,100.0,0.0,24.0838267,120.752756
08BEAC0A0398,2023-08-05,06:21:13,31.1,100.0,4.0,24.1494507,120.6816876
08BEAC0A019A,2023-08-05,06:21:26,31.7,100.0,10.0,23.3199,120.34515
08BEAC0A06A6,2023-08-05,06:21:32,32.7,100.0,10.0,22.977305,120.186438
08BEAC0A0296,2023-08-05,06:21:42,32.6,100.0,9.0,23.741269,120.401443
08BEAC0A0218,2023-08-05,06:21:47,31.0,100.0,10.0,23.6869687,120.5865383
08BEAC0A0480,2023-08-05,06:21:56,31.8,100.0,7.0,23.190069,120.192365
08BEAC0A0226,2023-08-05,06:22:05,31.6,100.0,0.0,23.2174825,120.365091
08BEAC0A0830,2023-08-05,06:22:38,31.6,100.0,0.0,22.956295,120.248057
08BEAC0A0040,2023-08-05,06:22:55,31.8,100.0,0.0,22.99133,120.230478
08BEAC0A0826,2023-08-05,06:23:11,32.5,100.0,9.0,23.0865158,120.3191882
08BEAC0A01AA,2023-08-05,06:23:14,32.8,81.0,18.0,24.9751,121.269826
08BEAC0A07A2,2023-08-05,06:23:35,31.5,100.0,16.0,25.10392038,121.2447143
08BEAC0A05AC,2023-08-05,06:23:36,32.0,100.0,0.0,22.912748,120.261227
08BEAC0A0340,2023-08-05,06:23:46,33.2,100.0,14.0,22.9193352,120.2170451
08BEAC0A089E,2023-08-05,06:24:03,30.7,100.0,0.0,23.12107103,120.4585091
08BEAC0A0508,2023-08-05,06:24:18,32.7,100.0,8.0,23.138713,120.324702
08BEAC0A0344,2023-08-05,06:24:33,31.1,100.0,16.0,24.960122,121.178153
08BEAC0A0678,2023-08-05,06:24:44,31.5,100.0,11.0,23.139376,120.138374
08BEAC0A04EC,2023-08-05,06:25:05,31.5,100.0,17.0,24.936085,121.223586
08BEAC0A080E,2023-08-05,06:25:06,33.3,100.0,6.0,23.158097,120.170618
08BEAC0A0742,2023-08-05,06:25:09,31.8,100.0,10.0,23.003578,120.240161
08BEAC0A0774,2023-08-05,06:26:09,33.3,100.0,5.0,22.992411,120.294135
08BEAC0A06FA,2023-08-05,06:26:15,31.3,100.0,0.0,23.04435,120.470196
08BEAC0A0156,2023-08-05,06:26:22,29.0,100.0,0.0,24.0838267,120.752756
08BEAC0A0398,2023-08-05,06:26:28,31.3,100.0,4.0,24.1494507,120.6816876
08BEAC0A019A,2023-08-05,06:26:41,31.8,100.0,11.0,23.3199,120.34515
08BEAC0A06A6,2023-08-05,06:26:48,32.7,100.0,10.0,22.977305,120.186438
08BEAC0A0464,2023-08-05,06:26:54,33.3,100.0,8.0,22.989813,120.203024
08BEAC0A0296,2023-08-05,06:26:57,32.6,100.0,10.0,23.741269,120.401443
08BEAC0A0218,2023-08-05,06:27:03,30.7,100.0,10.0,23.6869687,120.5865383
08BEAC0A0480,2023-08-05,06:27:14,31.7,100.0,7.0,23.190069,120.192365
08BEAC0A0226,2023-08-05,06:27:22,31.7,100.0,0.0,23.2174825,120.365091
08BEAC0A0830,2023-08-05,06:27:54,31.7,100.0,0.0,22.956295,120.248057
08BEAC0A0040,2023-08-05,06:28:11,31.7,100.0,0.0,22.99133,120.230478
08BEAC0A0640,2023-08-05,06:28:27,34.0,100.0,11.0,23.160034,120.18215
08BEAC0A0826,2023-08-05,06:28:27,32.2,100.0,9.0,23.0865158,120.3191882
08BEAC0A01AA,2023-08-05,06:28:31,32.8,82.0,19.0,24.9751,121.269826
08BEAC0A07A2,2023-08-05,06:28:49,31.6,100.0,15.0,25.10392038,121.2447143
08BEAC0A05AC,2023-08-05,06:28:54,32.0,100.0,0.0,22.912748,120.261227
08BEAC0A0340,2023-08-05,06:29:02,33.3,100.0,15.0,22.9193352,120.2170451
08BEAC0A089E,2023-08-05,06:29:19,31.0,100.0,0.0,23.12107103,120.4585091
08BEAC0A0508,2023-08-05,06:29:33,32.6,100.0,8.0,23.138713,120.324702
08BEAC0A0344,2023-08-05,06:29:50,31.1,100.0,16.0,24.960122,121.178153
08BEAC0A0678,2023-08-05,06:30:01,31.3,100.0,11.0,23.139376,120.138374
08BEAC0A04EC,2023-08-05,06:30:22,31.5,100.0,17.0,24.936085,121.223586
08BEAC0A080E,2023-08-05,06:30:23,33.5,100.0,7.0,23.158097,120.170618
08BEAC0A0742,2023-08-05,06:30:28,31.7,100.0,10.0,23.003578,120.240161
08BEAC0A0774,2023-08-05,06:31:26,33.2,100.0,5.0,22.992411,120.294135
08BEAC0A06FA,2023-08-05,06:31:32,31.5,100.0,0.0,23.04435,120.470196
08BEAC0A0156,2023-08-05,06:31:38,29.2,100.0,0.0,24.0838267,120.752756
08BEAC0A0398,2023-08-05,06:31:46,31.3,100.0,4.0,24.1494507,120.6816876
08BEAC0A019A,2023-08-05,06:31:58,31.8,100.0,11.0,23.3199,120.34515
08BEAC0A06A6,2023-08-05,06:32:05,33.0,100.0,10.0,22.977305,120.186438
08BEAC0A0296,2023-08-05,06:32:14,32.6,100.0,9.0,23.741269,120.401443
08BEAC0A0218,2023-08-05,06:32:19,30.8,100.0,10.0,23.6869687,120.5865383
08BEAC0A0480,2023-08-05,06:32:29,31.6,100.0,7.0,23.190069,120.192365
08BEAC0A0226,2023-08-05,06:32:38,31.8,100.0,0.0,23.2174825,120.365091
08BEAC0A0830,2023-08-05,06:33:11,31.6,100.0,0.0,22.956295,120.248057
08BEAC0A0040,2023-08-05,06:33:29,31.7,100.0,0.0,22.99133,120.230478
08BEAC0A0826,2023-08-05,06:33:44,32.1,100.0,8.0,23.0865158,120.3191882
08BEAC0A0640,2023-08-05,06:33:45,34.0,100.0,11.0,23.160034,120.18215
08BEAC0A01AA,2023-08-05,06:33:46,33.0,82.0,21.0,24.9751,121.269826
08BEAC0A07A2,2023-08-05,06:34:07,31.7,100.0,15.0,25.10392038,121.2447143
08BEAC0A05AC,2023-08-05,06:34:10,32.2,100.0,0.0,22.912748,120.261227
08BEAC0A0340,2023-08-05,06:34:18,33.3,100.0,15.0,22.9193352,120.2170451
08BEAC0A089E,2023-08-05,06:34:36,31.1,100.0,0.0,23.12107103,120.4585091
08BEAC0A0508,2023-08-05,06:34:51,32.3,100.0,8.0,23.138713,120.324702
08BEAC0A0344,2023-08-05,06:35:09,31.1,100.0,18.0,24.960122,121.178153
08BEAC0A0678,2023-08-05,06:35:23,31.2,100.0,11.0,23.139376,120.138374
08BEAC0A080E,2023-08-05,06:35:39,33.5,100.0,6.0,23.158097,120.170618
08BEAC0A04EC,2023-08-05,06:35:40,31.2,100.0,18.0,24.936085,121.223586
08BEAC0A0742,2023-08-05,06:35:45,31.7,100.0,11.0,23.003578,120.240161
08BEAC0A084E,2023-08-05,06:36:31,33.0,100.0,6.0,24.9785086,121.3061612
08BEAC0A0774,2023-08-05,06:36:42,33.2,100.0,5.0,22.992411,120.294135
08BEAC0A06FA,2023-08-05,06:36:49,31.6,100.0,0.0,23.04435,120.470196
08BEAC0A0156,2023-08-05,06:36:54,29.3,100.0,0.0,24.0838267,120.752756
08BEAC0A0398,2023-08-05,06:37:01,31.5,100.0,4.0,24.1494507,120.6816876
08BEAC0A019A,2023-08-05,06:37:14,31.8,100.0,9.0,23.3199,120.34515
08BEAC0A06A6,2023-08-05,06:37:21,33.1,100.0,11.0,22.977305,120.186438
08BEAC0A0464,2023-08-05,06:37:23,33.3,100.0,9.0,22.989813,120.203024
08BEAC0A0296,2023-08-05,06:37:29,32.6,100.0,7.0,23.741269,120.401443
08BEAC0A0218,2023-08-05,06:37:36,31.0,100.0,11.0,23.6869687,120.5865383
08BEAC0A0480,2023-08-05,06:37:46,31.5,100.0,6.0,23.190069,120.192365
08BEAC0A0226,2023-08-05,06:37:59,31.8,100.0,0.0,23.2174825,120.365091
08BEAC0A0830,2023-08-05,06:38:26,31.6,100.0,0.0,22.956295,120.248057
08BEAC0A0040,2023-08-05,06:38:44,31.8,100.0,0.0,22.99133,120.230478
08BEAC0A0826,2023-08-05,06:39:00,32.2,100.0,8.0,23.0865158,120.3191882
08BEAC0A0640,2023-08-05,06:39:01,34.0,100.0,10.0,23.160034,120.18215
08BEAC0A01AA,2023-08-05,06:39:03,33.1,81.0,22.0,24.9751,121.269826
08BEAC0A07A2,2023-08-05,06:39:24,31.6,100.0,16.0,25.10392038,121.2447143
08BEAC0A05AC,2023-08-05,06:39:28,32.2,100.0,1.0,22.912748,120.261227
08BEAC0A0340,2023-08-05,06:39:35,33.3,100.0,14.0,22.9193352,120.2170451
08BEAC0A089E,2023-08-05,06:39:51,31.1,100.0,0.0,23.12107103,120.4585091
08BEAC0A0344,2023-08-05,06:40:26,31.2,100.0,17.0,24.960122,121.178153
08BEAC0A0678,2023-08-05,06:40:42,31.2,100.0,11.0,23.139376,120.138374
08BEAC0A04EC,2023-08-05,06:40:56,31.8,100.0,18.0,24.936085,121.223586
08BEAC0A080E,2023-08-05,06:41:01,33.5,100.0,6.0,23.158097,120.170618
08BEAC0A0742,2023-08-05,06:41:03,31.6,100.0,11.0,23.003578,120.240161
08BEAC0A0774,2023-08-05,06:41:59,33.3,100.0,4.0,22.992411,120.294135
08BEAC0A06FA,2023-08-05,06:42:06,31.7,100.0,0.0,23.04435,120.470196
08BEAC0A0156,2023-08-05,06:42:12,29.5,100.0,0.0,24.0838267,120.752756
08BEAC0A0398,2023-08-05,06:42:18,31.6,100.0,4.0,24.1494507,120.6816876
08BEAC0A019A,2023-08-05,06:42:30,32.0,100.0,10.0,23.3199,120.34515
08BEAC0A06A6,2023-08-05,06:42:37,33.1,100.0,11.0,22.977305,120.186438
08BEAC0A0464,2023-08-05,06:42:38,33.1,100.0,9.0,22.989813,120.203024
08BEAC0A0296,2023-08-05,06:42:46,32.6,100.0,10.0,23.741269,120.401443
08BEAC0A0218,2023-08-05,06:42:51,31.0,100.0,11.0,23.6869687,120.5865383
08BEAC0A0480,2023-08-05,06:43:01,31.3,100.0,7.0,23.190069,120.192365
08BEAC0A0226,2023-08-05,06:43:14,32.1,100.0,0.0,23.2174825,120.365091
08BEAC0A084E,2023-08-05,06:43:21,33.0,100.0,6.0,24.9785086,121.3061612
08BEAC0A0830,2023-08-05,06:43:42,31.7,100.0,0.0,22.956295,120.248057
08BEAC0A0040,2023-08-05,06:44:00,31.8,100.0,0.0,22.99133,120.230478
08BEAC0A0640,2023-08-05,06:44:17,33.8,100.0,11.0,23.160034,120.18215
08BEAC0A0826,2023-08-05,06:44:18,32.1,100.0,9.0,23.0865158,120.3191882
08BEAC0A01AA,2023-08-05,06:44:19,33.1,81.0,21.0,24.9751,121.269826
08BEAC0A07A2,2023-08-05,06:44:40,31.8,100.0,15.0,25.10392038,121.2447143
08BEAC0A05AC,2023-08-05,06:44:45,32.2,100.0,0.0,22.912748,120.261227
08BEAC0A0340,2023-08-05,06:44:51,33.3,100.0,12.0,22.9193352,120.2170451
08BEAC0A089E,2023-08-05,06:45:06,31.2,100.0,0.0,23.12107103,120.4585091
08BEAC0A0508,2023-08-05,06:45:22,32.6,100.0,9.0,23.138713,120.324702
08BEAC0A0344,2023-08-05,06:45:42,31.2,100.0,18.0,24.960122,121.178153
08BEAC0A0678,2023-08-05,06:45:59,31.6,100.0,10.0,23.139376,120.138374
08BEAC0A04EC,2023-08-05,06:46:11,31.3,100.0,18.0,24.936085,121.223586
08BEAC0A080E,2023-08-05,06:46:18,33.5,100.0,6.0,23.158097,120.170618
08BEAC0A0742,2023-08-05,06:46:19,31.8,100.0,11.0,23.003578,120.240161
08BEAC0A0774,2023-08-05,06:47:16,33.2,100.0,4.0,22.992411,120.294135
08BEAC0A06FA,2023-08-05,06:47:22,31.8,100.0,0.0,23.04435,120.470196
08BEAC0A0156,2023-08-05,06:47:28,29.6,100.0,0.0,24.0838267,120.752756
08BEAC0A0398,2023-08-05,06:47:32,31.7,100.0,4.0,24.1494507,120.6816876
08BEAC0A019A,2023-08-05,06:47:46,32.0,100.0,10.0,23.3199,120.34515
08BEAC0A06A6,2023-08-05,06:47:54,33.1,100.0,10.0,22.977305,120.186438
08BEAC0A0296,2023-08-05,06:48:02,32.6,100.0,10.0,23.741269,120.401443
08BEAC0A0464,2023-08-05,06:48:02,33.1,100.0,9.0,22.989813,120.203024
08BEAC0A0218,2023-08-05,06:48:07,30.8,100.0,10.0,23.6869687,120.5865383
08BEAC0A0480,2023-08-05,06:48:17,31.3,100.0,6.0,23.190069,120.192365
08BEAC0A0226,2023-08-05,06:48:32,32.1,100.0,0.0,23.2174825,120.365091
08BEAC0A084E,2023-08-05,06:48:40,33.1,100.0,6.0,24.9785086,121.3061612
08BEAC0A0830,2023-08-05,06:48:57,32.2,100.0,0.0,22.956295,120.248057
08BEAC0A0040,2023-08-05,06:49:15,32.0,100.0,0.0,22.99133,120.230478
08BEAC0A0640,2023-08-05,06:49:33,33.7,100.0,11.0,23.160034,120.18215
08BEAC0A01AA,2023-08-05,06:49:34,33.0,81.0,22.0,24.9751,121.269826
08BEAC0A0826,2023-08-05,06:49:34,32.1,100.0,9.0,23.0865158,120.3191882
08BEAC0A07A2,2023-08-05,06:49:57,32.1,100.0,16.0,25.10392038,121.2447143
08BEAC0A05AC,2023-08-05,06:50:01,32.1,100.0,1.0,22.912748,120.261227
08BEAC0A0340,2023-08-05,06:50:07,33.2,100.0,13.0,22.9193352,120.2170451
08BEAC0A089E,2023-08-05,06:50:21,31.2,100.0,0.0,23.12107103,120.4585091
08BEAC0A0508,2023-08-05,06:50:39,32.5,100.0,9.0,23.138713,120.324702
08BEAC0A0344,2023-08-05,06:50:59,31.2,100.0,19.0,24.960122,121.178153
08BEAC0A0678,2023-08-05,06:51:15,31.8,100.0,11.0,23.139376,120.138374
08BEAC0A04EC,2023-08-05,06:51:28,32.0,100.0,17.0,24.936085,121.223586
08BEAC0A080E,2023-08-05,06:51:34,33.5,100.0,7.0,23.158097,120.170618
08BEAC0A0742,2023-08-05,06:51:37,32.0,100.0,12.0,23.003578,120.240161
08BEAC0A0774,2023-08-05,06:52:33,33.1,100.0,4.0,22.992411,120.294135
08BEAC0A06FA,2023-08-05,06:52:38,31.8,100.0,0.0,23.04435,120.470196
08BEAC0A0156,2023-08-05,06:52:44,29.7,100.0,0.0,24.0838267,120.752756
08BEAC0A0398,2023-08-05,06:52:50,31.6,100.0,5.0,24.1494507,120.6816876
08BEAC0A019A,2023-08-05,06:53:02,32.1,100.0,10.0,23.3199,120.34515
08BEAC0A06A6,2023-08-05,06:53:09,33.0,100.0,10.0,22.977305,120.186438
08BEAC0A0464,2023-08-05,06:53:18,33.2,100.0,11.0,22.989813,120.203024
08BEAC0A0296,2023-08-05,06:53:19,32.6,100.0,9.0,23.741269,120.401443
08BEAC0A0218,2023-08-05,06:53:22,30.7,100.0,10.0,23.6869687,120.5865383
08BEAC0A0480,2023-08-05,06:53:33,31.2,100.0,5.0,23.190069,120.192365
08BEAC0A0226,2023-08-05,06:53:49,32.0,100.0,0.0,23.2174825,120.365091
08BEAC0A0830,2023-08-05,06:54:13,32.0,100.0,0.0,22.956295,120.248057
08BEAC0A084E,2023-08-05,06:54:28,33.1,100.0,7.0,24.9785086,121.3061612
08BEAC0A0040,2023-08-05,06:54:31,32.3,100.0,0.0,22.99133,120.230478
08BEAC0A0640,2023-08-05,06:54:48,33.6,100.0,11.0,23.160034,120.18215
08BEAC0A01AA,2023-08-05,06:54:52,33.1,81.0,22.0,24.9751,121.269826
08BEAC0A0826,2023-08-05,06:54:52,32.1,100.0,9.0,23.0865158,120.3191882
08BEAC0A07A2,2023-08-05,06:55:11,32.3,100.0,16.0,25.10392038,121.2447143
08BEAC0A05AC,2023-08-05,06:55:20,32.1,100.0,1.0,22.912748,120.261227
08BEAC0A0340,2023-08-05,06:55:23,33.2,100.0,14.0,22.9193352,120.2170451
08BEAC0A089E,2023-08-05,06:55:38,31.3,100.0,0.0,23.12107103,120.4585091
08BEAC0A0508,2023-08-05,06:55:56,32.3,100.0,9.0,23.138713,120.324702
08BEAC0A0344,2023-08-05,06:56:19,31.3,100.0,18.0,24.960122,121.178153
08BEAC0A0678,2023-08-05,06:56:33,31.3,100.0,11.0,23.139376,120.138374
08BEAC0A04EC,2023-08-05,06:56:44,31.5,100.0,18.0,24.936085,121.223586
08BEAC0A080E,2023-08-05,06:56:48,33.5,100.0,6.0,23.158097,120.170618
08BEAC0A0742,2023-08-05,06:56:55,32.0,100.0,12.0,23.003578,120.240161
08BEAC0A0774,2023-08-05,06:57:49,33.0,100.0,4.0,22.992411,120.294135
08BEAC0A06FA,2023-08-05,06:57:55,32.0,100.0,0.0,23.04435,120.470196
08BEAC0A0156,2023-08-05,06:58:01,29.8,100.0,0.0,24.0838267,120.752756
08BEAC0A0398,2023-08-05,06:58:05,31.6,100.0,6.0,24.1494507,120.6816876
08BEAC0A019A,2023-08-05,06:58:18,32.1,100.0,11.0,23.3199,120.34515
08BEAC0A06A6,2023-08-05,06:58:26,33.1,100.0,12.0,22.977305,120.186438
08BEAC0A0296,2023-08-05,06:58:36,32.6,100.0,11.0,23.741269,120.401443
08BEAC0A0464,2023-08-05,06:58:36,33.3,100.0,11.0,22.989813,120.203024
08BEAC0A0218,2023-08-05,06:58:40,30.7,100.0,10.0,23.6869687,120.5865383
08BEAC0A0480,2023-08-05,06:58:49,31.1,100.0,6.0,23.190069,120.192365
08BEAC0A0226,2023-08-05,06:59:05,32.0,100.0,0.0,23.2174825,120.365091
08BEAC0A0830,2023-08-05,06:59:29,31.8,100.0,0.0,22.956295,120.248057
08BEAC0A084E,2023-08-05,06:59:46,33.1,100.0,7.0,24.9785086,121.3061612
08BEAC0A0040,2023-08-05,06:59:47,32.5,100.0,0.0,22.99133,120.230478
08BEAC0A0640,2023-08-05,07:00:06,33.6,100.0,11.0,23.160034,120.18215
08BEAC0A0826,2023-08-05,07:00:09,32.2,100.0,8.0,23.0865158,120.3191882
08BEAC0A01AA,2023-08-05,07:00:10,33.2,81.0,22.0,24.9751,121.269826
08BEAC0A07A2,2023-08-05,07:00:30,32.3,100.0,17.0,25.10392038,121.2447143
08BEAC0A05AC,2023-08-05,07:00:35,32.2,100.0,0.0,22.912748,120.261227
08BEAC0A0340,2023-08-05,07:00:38,33.3,100.0,13.0,22.9193352,120.2170451
08BEAC0A089E,2023-08-05,07:00:53,31.3,100.0,0.0,23.12107103,120.4585091
08BEAC0A0508,2023-08-05,07:01:13,32.1,100.0,10.0,23.138713,120.324702
08BEAC0A0344,2023-08-05,07:01:37,31.3,100.0,18.0,24.960122,121.178153
08BEAC0A0678,2023-08-05,07:01:51,31.6,100.0,11.0,23.139376,120.138374
08BEAC0A04EC,2023-08-05,07:02:00,31.5,100.0,17.0,24.936085,121.223586
08BEAC0A080E,2023-08-05,07:02:05,33.5,100.0,7.0,23.158097,120.170618
08BEAC0A0742,2023-08-05,07:02:13,32.5,100.0,11.0,23.003578,120.240161
08BEAC0A0774,2023-08-05,07:03:05,33.1,100.0,4.0,22.992411,120.294135
08BEAC0A06FA,2023-08-05,07:03:11,32.1,100.0,0.0,23.04435,120.470196
08BEAC0A0156,2023-08-05,07:03:18,30.0,100.0,0.0,24.0838267,120.752756
08BEAC0A0398,2023-08-05,07:03:23,31.7,100.0,6.0,24.1494507,120.6816876
08BEAC0A019A,2023-08-05,07:03:35,32.1,100.0,11.0,23.3199,120.34515
08BEAC0A06A6,2023-08-05,07:03:42,33.1,100.0,12.0,22.977305,120.186438
08BEAC0A0296,2023-08-05,07:03:52,32.6,100.0,10.0,23.741269,120.401443
08BEAC0A0464,2023-08-05,07:03:54,33.2,100.0,11.0,22.989813,120.203024
08BEAC0A0218,2023-08-05,07:03:58,30.8,100.0,10.0,23.6869687,120.5865383
08BEAC0A0480,2023-08-05,07:04:06,31.1,100.0,6.0,23.190069,120.192365
08BEAC0A0830,2023-08-05,07:04:46,31.5,100.0,0.0,22.956295,120.248057
08BEAC0A0040,2023-08-05,07:05:02,32.5,100.0,0.0,22.99133,120.230478
08BEAC0A0640,2023-08-05,07:05:22,33.7,100.0,11.0,23.160034,120.18215
08BEAC0A01AA,2023-08-05,07:05:25,33.2,81.0,21.0,24.9751,121.269826
08BEAC0A084E,2023-08-05,07:05:25,33.1,100.0,7.0,24.9785086,121.3061612
08BEAC0A0826,2023-08-05,07:05:26,32.3,100.0,8.0,23.0865158,120.3191882
08BEAC0A07A2,2023-08-05,07:05:47,32.3,100.0,17.0,25.10392038,121.2447143
08BEAC0A05AC,2023-08-05,07:05:50,32.3,100.0,0.0,22.912748,120.261227
08BEAC0A0340,2023-08-05,07:05:53,33.5,100.0,15.0,22.9193352,120.2170451
08BEAC0A089E,2023-08-05,07:06:09,31.3,100.0,0.0,23.12107103,120.4585091
08BEAC0A0508,2023-08-05,07:06:29,32.2,100.0,10.0,23.138713,120.324702
08BEAC0A0344,2023-08-05,07:06:52,31.3,100.0,17.0,24.960122,121.178153
08BEAC0A0678,2023-08-05,07:07:10,31.5,100.0,11.0,23.139376,120.138374
08BEAC0A04EC,2023-08-05,07:07:15,31.5,100.0,18.0,24.936085,121.223586
08BEAC0A080E,2023-08-05,07:07:21,33.5,100.0,7.0,23.158097,120.170618
08BEAC0A0774,2023-08-05,07:08:22,33.2,100.0,4.0,22.992411,120.294135
08BEAC0A06FA,2023-08-05,07:08:28,32.2,100.0,0.0,23.04435,120.470196
08BEAC0A0156,2023-08-05,07:08:35,30.0,100.0,0.0,24.0838267,120.752756
08BEAC0A0398,2023-08-05,07:08:38,31.7,100.0,7.0,24.1494507,120.6816876
08BEAC0A019A,2023-08-05,07:08:53,32.2,100.0,11.0,23.3199,120.34515
08BEAC0A06A6,2023-08-05,07:08:57,33.0,100.0,12.0,22.977305,120.186438
08BEAC0A0296,2023-08-05,07:09:10,32.6,100.0,10.0,23.741269,120.401443
08BEAC0A0464,2023-08-05,07:09:10,33.2,100.0,10.0,22.989813,120.203024
08BEAC0A0218,2023-08-05,07:09:15,30.8,100.0,11.0,23.6869687,120.5865383
08BEAC0A0480,2023-08-05,07:09:22,31.1,100.0,6.0,23.190069,120.192365
08BEAC0A0226,2023-08-05,07:09:36,32.0,100.0,0.0,23.2174825,120.365091
08BEAC0A0830,2023-08-05,07:10:03,31.8,100.0,0.0,22.956295,120.248057
08BEAC0A01AA,2023-08-05,07:10:40,33.2,81.0,22.0,24.9751,121.269826
08BEAC0A0640,2023-08-05,07:10:41,33.6,100.0,11.0,23.160034,120.18215
08BEAC0A0826,2023-08-05,07:10:42,32.5,100.0,10.0,23.0865158,120.3191882
08BEAC0A084E,2023-08-05,07:10:43,33.2,100.0,7.0,24.9785086,121.3061612
08BEAC0A07A2,2023-08-05,07:11:03,32.3,100.0,17.0,25.10392038,121.2447143
08BEAC0A05AC,2023-08-05,07:11:07,32.2,100.0,0.0,22.912748,120.261227
08BEAC0A0340,2023-08-05,07:11:08,33.3,100.0,14.0,22.9193352,120.2170451
08BEAC0A089E,2023-08-05,07:11:26,31.3,100.0,0.0,23.12107103,120.4585091
08BEAC0A0508,2023-08-05,07:11:44,32.2,100.0,9.0,23.138713,120.324702
08BEAC0A0344,2023-08-05,07:12:08,31.3,100.0,17.0,24.960122,121.178153
08BEAC0A0678,2023-08-05,07:12:30,31.5,100.0,11.0,23.139376,120.138374
08BEAC0A04EC,2023-08-05,07:12:32,31.5,100.0,18.0,24.936085,121.223586
08BEAC0A080E,2023-08-05,07:12:37,33.5,100.0,7.0,23.158097,120.170618
08BEAC0A0742,2023-08-05,07:13:16,32.7,100.0,11.0,23.003578,120.240161
08BEAC0A0774,2023-08-05,07:13:39,33.2,100.0,4.0,22.992411,120.294135
08BEAC0A06FA,2023-08-05,07:13:46,32.1,100.0,0.0,23.04435,120.470196
08BEAC0A0156,2023-08-05,07:13:49,30.0,100.0,0.0,24.0838267,120.752756
08BEAC0A0398,2023-08-05,07:13:53,31.7,100.0,7.0,24.1494507,120.6816876
08BEAC0A019A,2023-08-05,07:14:08,32.3,100.0,11.0,23.3199,120.34515
08BEAC0A06A6,2023-08-05,07:14:12,33.2,100.0,12.0,22.977305,120.186438
08BEAC0A0296,2023-08-05,07:14:25,32.5,100.0,10.0,23.741269,120.401443
08BEAC0A0464,2023-08-05,07:14:25,33.1,100.0,11.0,22.989813,120.203024
08BEAC0A0218,2023-08-05,07:14:30,31.0,100.0,11.0,23.6869687,120.5865383
08BEAC0A0480,2023-08-05,07:14:38,31.0,100.0,6.0,23.190069,120.192365
08BEAC0A0226,2023-08-05,07:14:56,32.0,100.0,0.0,23.2174825,120.365091
08BEAC0A0830,2023-08-05,07:15:19,31.8,100.0,0.0,22.956295,120.248057
08BEAC0A0040,2023-08-05,07:15:28,31.7,100.0,0.0,22.99133,120.230478
08BEAC0A01AA,2023-08-05,07:15:56,33.2,81.0,21.0,24.9751,121.269826
08BEAC0A0640,2023-08-05,07:15:59,33.5,100.0,13.0,23.160034,120.18215
08BEAC0A0826,2023-08-05,07:16:01,32.5,100.0,10.0,23.0865158,120.3191882
08BEAC0A07A2,2023-08-05,07:16:20,32.5,100.0,16.0,25.10392038,121.2447143
08BEAC0A05AC,2023-08-05,07:16:24,32.1,100.0,1.0,22.912748,120.261227
08BEAC0A084E,2023-08-05,07:16:26,33.2,100.0,7.0,24.9785086,121.3061612
08BEAC0A0340,2023-08-05,07:16:27,33.5,100.0,15.0,22.9193352,120.2170451
08BEAC0A089E,2023-08-05,07:16:42,31.2,100.0,0.0,23.12107103,120.4585091
08BEAC0A0508,2023-08-05,07:17:01,32.2,100.0,10.0,23.138713,120.324702
08BEAC0A0780,2023-08-05,07:17:01,31.3,100.0,0.0,23.048983,120.174614
08BEAC0A0344,2023-08-05,07:17:24,31.3,100.0,17.0,24.960122,121.178153
08BEAC0A0678,2023-08-05,07:17:46,31.6,100.0,11.0,23.139376,120.138374
08BEAC0A04EC,2023-08-05,07:17:51,31.8,100.0,18.0,24.936085,121.223586
08BEAC0A080E,2023-08-05,07:17:54,33.5,100.0,7.0,23.158097,120.170618
08BEAC0A0742,2023-08-05,07:18:35,32.1,100.0,11.0,23.003578,120.240161
08BEAC0A0774,2023-08-05,07:18:56,33.1,100.0,5.0,22.992411,120.294135
08BEAC0A06FA,2023-08-05,07:19:03,32.1,100.0,0.0,23.04435,120.470196
08BEAC0A0156,2023-08-05,07:19:07,30.0,100.0,0.0,24.0838267,120.752756
08BEAC0A0398,2023-08-05,07:19:11,31.8,100.0,6.0,24.1494507,120.6816876
08BEAC0A019A,2023-08-05,07:19:24,32.2,100.0,12.0,23.3199,120.34515
08BEAC0A06A6,2023-08-05,07:19:29,33.3,100.0,12.0,22.977305,120.186438
08BEAC0A0296,2023-08-05,07:19:41,32.6,100.0,9.0,23.741269,120.401443
08BEAC0A0464,2023-08-05,07:19:45,33.1,100.0,11.0,22.989813,120.203024
08BEAC0A0218,2023-08-05,07:19:46,30.8,100.0,10.0,23.6869687,120.5865383
08BEAC0A0480,2023-08-05,07:19:54,31.1,100.0,7.0,23.190069,120.192365
08BEAC0A0226,2023-08-05,07:20:14,32.0,100.0,0.0,23.2174825,120.365091
08BEAC0A0830,2023-08-05,07:20:37,31.8,100.0,0.0,22.956295,120.248057
08BEAC0A0040,2023-08-05,07:20:47,32.1,100.0,0.0,22.99133,120.230478
08BEAC0A01AA,2023-08-05,07:21:12,33.1,81.0,20.0,24.9751,121.269826
08BEAC0A0640,2023-08-05,07:21:15,33.5,100.0,12.0,23.160034,120.18215
08BEAC0A0826,2023-08-05,07:21:16,32.5,100.0,9.0,23.0865158,120.3191882
08BEAC0A07A2,2023-08-05,07:21:38,32.3,100.0,16.0,25.10392038,121.2447143
08BEAC0A05AC,2023-08-05,07:21:40,32.2,100.0,1.0,22.912748,120.261227
08BEAC0A0340,2023-08-05,07:21:42,33.7,100.0,14.0,22.9193352,120.2170451
08BEAC0A084E,2023-08-05,07:21:55,33.2,100.0,8.0,24.9785086,121.3061612
08BEAC0A089E,2023-08-05,07:21:57,31.3,100.0,0.0,23.12107103,120.4585091
08BEAC0A0344,2023-08-05,07:22:38,31.5,100.0,17.0,24.960122,121.178153
08BEAC0A0678,2023-08-05,07:23:06,31.8,100.0,11.0,23.139376,120.138374
08BEAC0A04EC,2023-08-05,07:23:08,31.7,100.0,18.0,24.936085,121.223586
08BEAC0A080E,2023-08-05,07:23:11,33.5,100.0,7.0,23.158097,120.170618
08BEAC0A0742,2023-08-05,07:23:50,31.8,100.0,11.0,23.003578,120.240161
08BEAC0A0774,2023-08-05,07:24:11,33.1,100.0,5.0,22.992411,120.294135
08BEAC0A06FA,2023-08-05,07:24:18,32.0,100.0,0.0,23.04435,120.470196
08BEAC0A0156,2023-08-05,07:24:24,30.0,100.0,0.0,24.0838267,120.752756
08BEAC0A0398,2023-08-05,07:24:26,32.0,100.0,6.0,24.1494507,120.6816876
08BEAC0A019A,2023-08-05,07:24:41,32.3,100.0,11.0,23.3199,120.34515
08BEAC0A06A6,2023-08-05,07:24:45,33.5,100.0,12.0,22.977305,120.186438
08BEAC0A0296,2023-08-05,07:24:59,32.5,100.0,9.0,23.741269,120.401443
08BEAC0A0218,2023-08-05,07:25:04,30.8,100.0,10.0,23.6869687,120.5865383
08BEAC0A0464,2023-08-05,07:25:04,32.8,100.0,10.0,22.989813,120.203024
08BEAC0A0480,2023-08-05,07:25:11,31.0,100.0,7.0,23.190069,120.192365
08BEAC0A0226,2023-08-05,07:25:31,31.8,100.0,0.0,23.2174825,120.365091
08BEAC0A0830,2023-08-05,07:25:53,32.0,100.0,0.0,22.956295,120.248057
08BEAC0A0040,2023-08-05,07:26:06,32.3,100.0,0.0,22.99133,120.230478
08BEAC0A01AA,2023-08-05,07:26:28,33.0,82.0,21.0,24.9751,121.269826
08BEAC0A0640,2023-08-05,07:26:31,33.6,100.0,14.0,23.160034,120.18215
08BEAC0A0826,2023-08-05,07:26:32,32.3,100.0,9.0,23.0865158,120.3191882
08BEAC0A07A2,2023-08-05,07:26:54,32.3,100.0,16.0,25.10392038,121.2447143
08BEAC0A05AC,2023-08-05,07:26:55,32.2,100.0,1.0,22.912748,120.261227
08BEAC0A0340,2023-08-05,07:26:59,34.0,100.0,16.0,22.9193352,120.2170451
08BEAC0A089E,2023-08-05,07:27:13,31.3,100.0,0.0,23.12107103,120.4585091
08BEAC0A084E,2023-08-05,07:27:25,33.1,100.0,8.0,24.9785086,121.3061612
08BEAC0A0344,2023-08-05,07:27:53,31.3,100.0,16.0,24.960122,121.178153
08BEAC0A0508,2023-08-05,07:28:02,32.1,100.0,10.0,23.138713,120.324702
08BEAC0A0678,2023-08-05,07:28:23,31.7,100.0,11.0,23.139376,120.138374
08BEAC0A04EC,2023-08-05,07:28:24,32.0,100.0,18.0,24.936085,121.223586
08BEAC0A080E,2023-08-05,07:28:28,33.5,100.0,7.0,23.158097,120.170618
08BEAC0A0742,2023-08-05,07:29:09,32.3,100.0,11.0,23.003578,120.240161
08BEAC0A0774,2023-08-05,07:29:27,33.1,100.0,5.0,22.992411,120.294135
08BEAC0A06FA,2023-08-05,07:29:34,32.0,100.0,0.0,23.04435,120.470196
08BEAC0A0156,2023-08-05,07:29:41,30.1,100.0,0.0,24.0838267,120.752756
08BEAC0A0398,2023-08-05,07:29:43,31.8,100.0,8.0,24.1494507,120.6816876
08BEAC0A019A,2023-08-05,07:29:59,32.2,100.0,11.0,23.3199,120.34515
08BEAC0A06A6,2023-08-05,07:30:01,33.2,100.0,12.0,22.977305,120.186438
08BEAC0A0296,2023-08-05,07:30:15,32.5,100.0,9.0,23.741269,120.401443
08BEAC0A0218,2023-08-05,07:30:21,31.0,100.0,10.0,23.6869687,120.5865383
08BEAC0A0464,2023-08-05,07:30:21,33.0,100.0,10.0,22.989813,120.203024
08BEAC0A0480,2023-08-05,07:30:27,31.0,100.0,8.0,23.190069,120.192365
08BEAC0A0226,2023-08-05,07:30:46,31.7,100.0,0.0,23.2174825,120.365091
08BEAC0A0830,2023-08-05,07:31:10,32.0,100.0,0.0,22.956295,120.248057
08BEAC0A0040,2023-08-05,07:31:21,32.5,100.0,0.0,22.99133,120.230478
08BEAC0A01AA,2023-08-05,07:31:46,33.1,82.0,21.0,24.9751,121.269826
08BEAC0A0640,2023-08-05,07:31:48,33.5,100.0,11.0,23.160034,120.18215
08BEAC0A0826,2023-08-05,07:31:50,32.3,100.0,9.0,23.0865158,120.3191882
08BEAC0A07A2,2023-08-05,07:32:09,32.2,100.0,15.0,25.10392038,121.2447143
08BEAC0A05AC,2023-08-05,07:32:12,32.2,100.0,0.0,22.912748,120.261227
08BEAC0A0340,2023-08-05,07:32:15,34.0,100.0,13.0,22.9193352,120.2170451
08BEAC0A089E,2023-08-05,07:32:29,31.5,100.0,0.0,23.12107103,120.4585091
08BEAC0A084E,2023-08-05,07:32:48,33.2,100.0,8.0,24.9785086,121.3061612
08BEAC0A0344,2023-08-05,07:33:11,31.5,100.0,16.0,24.960122,121.178153
08BEAC0A0508,2023-08-05,07:33:20,32.2,100.0,9.0,23.138713,120.324702
08BEAC0A04EC,2023-08-05,07:33:41,32.0,100.0,16.0,24.936085,121.223586
08BEAC0A0678,2023-08-05,07:33:42,31.7,100.0,12.0,23.139376,120.138374
08BEAC0A080E,2023-08-05,07:33:43,33.5,100.0,7.0,23.158097,120.170618
08BEAC0A0742,2023-08-05,07:34:33,32.6,100.0,12.0,23.003578,120.240161
08BEAC0A0774,2023-08-05,07:34:42,33.1,100.0,6.0,22.992411,120.294135
08BEAC0A06FA,2023-08-05,07:34:50,32.0,100.0,0.0,23.04435,120.470196
08BEAC0A0156,2023-08-05,07:34:56,30.1,100.0,86.0,24.0838267,120.752756
08BEAC0A0398,2023-08-05,07:35:01,31.7,100.0,6.0,24.1494507,120.6816876
08BEAC0A019A,2023-08-05,07:35:16,32.1,100.0,11.0,23.3199,120.34515
08BEAC0A06A6,2023-08-05,07:35:19,33.3,100.0,11.0,22.977305,120.186438
08BEAC0A0296,2023-08-05,07:35:32,32.5,100.0,11.0,23.741269,120.401443
08BEAC0A0218,2023-08-05,07:35:35,31.0,100.0,10.0,23.6869687,120.5865383
08BEAC0A0464,2023-08-05,07:35:38,33.0,100.0,11.0,22.989813,120.203024
08BEAC0A0480,2023-08-05,07:35:45,31.0,100.0,7.0,23.190069,120.192365
08BEAC0A0226,2023-08-05,07:36:02,31.7,100.0,0.0,23.2174825,120.365091
08BEAC0A0830,2023-08-05,07:36:27,32.3,100.0,0.0,22.956295,120.248057
08BEAC0A0040,2023-08-05,07:36:38,32.6,100.0,0.0,22.99133,120.230478
08BEAC0A01AA,2023-08-05,07:37:02,33.1,82.0,21.0,24.9751,121.269826
08BEAC0A0640,2023-08-05,07:37:04,33.6,100.0,11.0,23.160034,120.18215
08BEAC0A0826,2023-08-05,07:37:07,32.3,100.0,9.0,23.0865158,120.3191882
08BEAC0A07A2,2023-08-05,07:37:24,32.1,100.0,18.0,25.10392038,121.2447143
08BEAC0A05AC,2023-08-05,07:37:31,32.3,100.0,0.0,22.912748,120.261227
08BEAC0A0340,2023-08-05,07:37:32,33.8,100.0,13.0,22.9193352,120.2170451
08BEAC0A089E,2023-08-05,07:37:44,31.5,100.0,0.0,23.12107103,120.4585091
08BEAC0A084E,2023-08-05,07:38:19,33.1,100.0,9.0,24.9785086,121.3061612
08BEAC0A0344,2023-08-05,07:38:28,31.5,100.0,17.0,24.960122,121.178153
08BEAC0A0508,2023-08-05,07:38:36,32.2,100.0,8.0,23.138713,120.324702
08BEAC0A04EC,2023-08-05,07:38:58,32.5,100.0,18.0,24.936085,121.223586
08BEAC0A0678,2023-08-05,07:38:59,31.8,100.0,11.0,23.139376,120.138374
08BEAC0A080E,2023-08-05,07:38:59,33.5,100.0,6.0,23.158097,120.170618
08BEAC0A0742,2023-08-05,07:39:58,33.0,100.0,11.0,23.003578,120.240161
08BEAC0A0774,2023-08-05,07:39:58,33.1,100.0,5.0,22.992411,120.294135
08BEAC0A06FA,2023-08-05,07:40:07,32.1,100.0,0.0,23.04435,120.470196
08BEAC0A0156,2023-08-05,07:40:13,30.1,100.0,7.0,24.0838267,120.752756
08BEAC0A0398,2023-08-05,07:40:17,31.8,100.0,6.0,24.1494507,120.6816876
08BEAC0A019A,2023-08-05,07:40:33,32.1,100.0,12.0,23.3199,120.34515
08BEAC0A06A6,2023-08-05,07:40:35,33.3,100.0,10.0,22.977305,120.186438
08BEAC0A0296,2023-08-05,07:40:48,32.5,100.0,10.0,23.741269,120.401443
08BEAC0A0218,2023-08-05,07:40:51,31.0,100.0,11.0,23.6869687,120.5865383
08BEAC0A0464,2023-08-05,07:40:54,32.8,100.0,10.0,22.989813,120.203024
08BEAC0A0480,2023-08-05,07:41:02,31.0,100.0,8.0,23.190069,120.192365
08BEAC0A0226,2023-08-05,07:41:21,31.7,100.0,0.0,23.2174825,120.365091
08BEAC0A0830,2023-08-05,07:41:44,32.0,100.0,0.0,22.956295,120.248057
08BEAC0A0040,2023-08-05,07:41:54,32.6,100.0,0.0,22.99133,120.230478
08BEAC0A01AA,2023-08-05,07:42:19,33.2,81.0,21.0,24.9751,121.269826
08BEAC0A0640,2023-08-05,07:42:20,33.6,100.0,11.0,23.160034,120.18215
08BEAC0A0826,2023-08-05,07:42:22,32.5,100.0,10.0,23.0865158,120.3191882
08BEAC0A07A2,2023-08-05,07:42:40,32.0,100.0,17.0,25.10392038,121.2447143
08BEAC0A05AC,2023-08-05,07:42:46,32.2,100.0,1.0,22.912748,120.261227
08BEAC0A0340,2023-08-05,07:42:49,33.7,100.0,15.0,22.9193352,120.2170451
08BEAC0A089E,2023-08-05,07:43:01,31.3,100.0,0.0,23.12107103,120.4585091
08BEAC0A084E,2023-08-05,07:43:38,33.1,100.0,9.0,24.9785086,121.3061612
08BEAC0A0344,2023-08-05,07:43:44,31.5,100.0,17.0,24.960122,121.178153
08BEAC0A0508,2023-08-05,07:43:52,32.2,100.0,9.0,23.138713,120.324702
08BEAC0A04EC,2023-08-05,07:44:12,31.5,100.0,18.0,24.936085,121.223586
08BEAC0A080E,2023-08-05,07:44:14,33.5,100.0,6.0,23.158097,120.170618
08BEAC0A0678,2023-08-05,07:44:28,31.7,100.0,11.0,23.139376,120.138374
08BEAC0A0774,2023-08-05,07:45:13,33.1,100.0,5.0,22.992411,120.294135
08BEAC0A0742,2023-08-05,07:45:18,33.0,100.0,11.0,23.003578,120.240161
08BEAC0A06FA,2023-08-05,07:45:25,32.0,100.0,0.0,23.04435,120.470196
08BEAC0A0156,2023-08-05,07:45:30,30.1,100.0,0.0,24.0838267,120.752756
08BEAC0A0398,2023-08-05,07:45:32,31.8,100.0,5.0,24.1494507,120.6816876
08BEAC0A06A6,2023-08-05,07:45:51,33.5,100.0,12.0,22.977305,120.186438
08BEAC0A019A,2023-08-05,07:45:52,32.1,100.0,12.0,23.3199,120.34515
08BEAC0A0296,2023-08-05,07:46:03,32.5,100.0,8.0,23.741269,120.401443
08BEAC0A0218,2023-08-05,07:46:07,30.8,100.0,10.0,23.6869687,120.5865383
08BEAC0A0464,2023-08-05,07:46:10,33.0,100.0,10.0,22.989813,120.203024
08BEAC0A0480,2023-08-05,07:46:20,31.0,100.0,8.0,23.190069,120.192365
08BEAC0A0226,2023-08-05,07:46:35,31.8,100.0,0.0,23.2174825,120.365091
08BEAC0A0040,2023-08-05,07:47:13,32.8,100.0,0.0,22.99133,120.230478
08BEAC0A01AA,2023-08-05,07:47:33,33.5,81.0,21.0,24.9751,121.269826
08BEAC0A0640,2023-08-05,07:47:37,33.6,100.0,12.0,23.160034,120.18215
08BEAC0A0826,2023-08-05,07:47:38,32.5,100.0,9.0,23.0865158,120.3191882
08BEAC0A07A2,2023-08-05,07:47:55,31.8,100.0,17.0,25.10392038,121.2447143
08BEAC0A05AC,2023-08-05,07:48:01,32.5,100.0,16.0,22.912748,120.261227
08BEAC0A0340,2023-08-05,07:48:07,33.7,100.0,18.0,22.9193352,120.2170451
08BEAC0A089E,2023-08-05,07:48:19,31.2,100.0,0.0,23.12107103,120.4585091
08BEAC0A0344,2023-08-05,07:48:59,31.3,100.0,18.0,24.960122,121.178153
08BEAC0A0508,2023-08-05,07:49:09,32.3,100.0,8.0,23.138713,120.324702
08BEAC0A084E,2023-08-05,07:49:18,33.1,100.0,9.0,24.9785086,121.3061612
08BEAC0A04EC,2023-08-05,07:49:28,31.7,100.0,18.0,24.936085,121.223586
08BEAC0A080E,2023-08-05,07:49:30,33.5,100.0,6.0,23.158097,120.170618
08BEAC0A0678,2023-08-05,07:49:45,32.1,100.0,10.0,23.139376,120.138374
08BEAC0A0774,2023-08-05,07:50:31,33.2,100.0,6.0,22.992411,120.294135
08BEAC0A0742,2023-08-05,07:50:35,32.5,100.0,10.0,23.003578,120.240161
08BEAC0A06FA,2023-08-05,07:50:43,31.8,100.0,0.0,23.04435,120.470196
08BEAC0A0156,2023-08-05,07:50:45,30.0,100.0,0.0,24.0838267,120.752756
08BEAC0A0398,2023-08-05,07:50:51,32.0,100.0,5.0,24.1494507,120.6816876
08BEAC0A06A6,2023-08-05,07:51:08,33.5,100.0,11.0,22.977305,120.186438
08BEAC0A019A,2023-08-05,07:51:11,32.2,100.0,12.0,23.3199,120.34515
08BEAC0A0296,2023-08-05,07:51:19,32.5,100.0,11.0,23.741269,120.401443
08BEAC0A0218,2023-08-05,07:51:22,30.8,100.0,11.0,23.6869687,120.5865383
08BEAC0A0464,2023-08-05,07:51:28,33.1,100.0,11.0,22.989813,120.203024
08BEAC0A0480,2023-08-05,07:51:36,31.0,100.0,8.0,23.190069,120.192365
08BEAC0A0226,2023-08-05,07:51:51,31.7,100.0,0.0,23.2174825,120.365091
08BEAC0A0830,2023-08-05,07:52:09,31.8,100.0,0.0,22.956295,120.248057
08BEAC0A0040,2023-08-05,07:52:29,32.6,100.0,0.0,22.99133,120.230478
08BEAC0A01AA,2023-08-05,07:52:49,33.5,81.0,21.0,24.9751,121.269826
08BEAC0A0640,2023-08-05,07:52:54,33.6,100.0,11.0,23.160034,120.18215
08BEAC0A0826,2023-08-05,07:52:54,32.5,100.0,10.0,23.0865158,120.3191882
08BEAC0A07A2,2023-08-05,07:53:11,32.2,100.0,17.0,25.10392038,121.2447143
08BEAC0A05AC,2023-08-05,07:53:17,32.2,100.0,2.0,22.912748,120.261227
08BEAC0A0340,2023-08-05,07:53:23,33.7,100.0,14.0,22.9193352,120.2170451
08BEAC0A089E,2023-08-05,07:53:35,31.2,100.0,0.0,23.12107103,120.4585091
08BEAC0A0344,2023-08-05,07:54:16,31.2,100.0,19.0,24.960122,121.178153
08BEAC0A0508,2023-08-05,07:54:24,32.2,100.0,10.0,23.138713,120.324702
08BEAC0A084E,2023-08-05,07:54:42,33.2,100.0,9.0,24.9785086,121.3061612
08BEAC0A04EC,2023-08-05,07:54:44,32.0,100.0,18.0,24.936085,121.223586
08BEAC0A080E,2023-08-05,07:54:47,33.5,100.0,7.0,23.158097,120.170618
08BEAC0A0678,2023-08-05,07:55:08,32.3,100.0,10.0,23.139376,120.138374
08BEAC0A0774,2023-08-05,07:55:47,33.3,100.0,5.0,22.992411,120.294135
08BEAC0A0742,2023-08-05,07:55:55,32.5,100.0,10.0,23.003578,120.240161
08BEAC0A06FA,2023-08-05,07:55:58,31.7,100.0,0.0,23.04435,120.470196
08BEAC0A0156,2023-08-05,07:56:02,30.0,100.0,0.0,24.0838267,120.752756
08BEAC0A0398,2023-08-05,07:56:07,32.0,100.0,6.0,24.1494507,120.6816876
08BEAC0A06A6,2023-08-05,07:56:24,33.5,100.0,11.0,22.977305,120.186438
08BEAC0A019A,2023-08-05,07:56:27,32.2,100.0,12.0,23.3199,120.34515
08BEAC0A0296,2023-08-05,07:56:34,32.5,100.0,9.0,23.741269,120.401443
08BEAC0A0218,2023-08-05,07:56:40,30.8,100.0,11.0,23.6869687,120.5865383
08BEAC0A0464,2023-08-05,07:56:47,33.0,100.0,11.0,22.989813,120.203024
08BEAC0A0480,2023-08-05,07:56:50,31.1,100.0,9.0,23.190069,120.192365
08BEAC0A0226,2023-08-05,07:57:10,31.6,100.0,0.0,23.2174825,120.365091
08BEAC0A0830,2023-08-05,07:57:30,31.8,100.0,0.0,22.956295,120.248057
08BEAC0A0040,2023-08-05,07:57:46,32.2,100.0,0.0,22.99133,120.230478
08BEAC0A01AA,2023-08-05,07:58:06,33.5,80.0,22.0,24.9751,121.269826
08BEAC0A0640,2023-08-05,07:58:11,33.6,100.0,12.0,23.160034,120.18215
08BEAC0A0826,2023-08-05,07:58:11,32.5,100.0,9.0,23.0865158,120.3191882
08BEAC0A07A2,2023-08-05,07:58:27,32.2,100.0,17.0,25.10392038,121.2447143
08BEAC0A05AC,2023-08-05,07:58:33,32.2,100.0,1.0,22.912748,120.261227
08BEAC0A0340,2023-08-05,07:58:41,33.7,100.0,16.0,22.9193352,120.2170451
08BEAC0A089E,2023-08-05,07:58:52,31.3,100.0,0.0,23.12107103,120.4585091
08BEAC0A0344,2023-08-05,07:59:33,31.3,100.0,19.0,24.960122,121.178153
08BEAC0A0508,2023-08-05,07:59:40,32.3,100.0,9.0,23.138713,120.324702
08BEAC0A04EC,2023-08-05,08:00:00,31.8,100.0,18.0,24.936085,121.223586
08BEAC0A080E,2023-08-05,08:00:04,33.6,100.0,7.0,23.158097,120.170618
08BEAC0A084E,2023-08-05,08:00:27,33.2,100.0,10.0,24.9785086,121.3061612
08BEAC0A0678,2023-08-05,08:00:31,32.2,100.0,10.0,23.139376,120.138374
08BEAC0A0774,2023-08-05,08:01:04,33.2,100.0,6.0,22.992411,120.294135
08BEAC0A0742,2023-08-05,08:01:11,32.6,100.0,11.0,23.003578,120.240161
08BEAC0A06FA,2023-08-05,08:01:14,31.7,100.0,0.0,23.04435,120.470196
08BEAC0A0156,2023-08-05,08:01:18,30.0,100.0,0.0,24.0838267,120.752756
08BEAC0A0398,2023-08-05,08:01:23,32.1,100.0,6.0,24.1494507,120.6816876
08BEAC0A06A6,2023-08-05,08:01:41,33.3,100.0,12.0,22.977305,120.186438
08BEAC0A019A,2023-08-05,08:01:43,32.1,100.0,12.0,23.3199,120.34515
08BEAC0A0296,2023-08-05,08:01:50,32.5,100.0,11.0,23.741269,120.401443
08BEAC0A0218,2023-08-05,08:01:57,30.8,100.0,11.0,23.6869687,120.5865383
08BEAC0A0464,2023-08-05,08:02:04,33.1,100.0,10.0,22.989813,120.203024
08BEAC0A0480,2023-08-05,08:02:07,31.3,100.0,10.0,23.190069,120.192365
08BEAC0A0226,2023-08-05,08:02:26,31.7,100.0,0.0,23.2174825,120.365091
08BEAC0A0830,2023-08-05,08:02:46,31.6,100.0,0.0,22.956295,120.248057
08BEAC0A0040,2023-08-05,08:03:04,32.5,100.0,0.0,22.99133,120.230478
08BEAC0A01AA,2023-08-05,08:03:21,33.5,80.0,21.0,24.9751,121.269826
08BEAC0A0640,2023-08-05,08:03:27,33.6,100.0,12.0,23.160034,120.18215
08BEAC0A0826,2023-08-05,08:03:27,32.5,100.0,10.0,23.0865158,120.3191882
08BEAC0A07A2,2023-08-05,08:03:43,32.3,100.0,19.0,25.10392038,121.2447143
08BEAC0A05AC,2023-08-05,08:03:50,32.1,100.0,2.0,22.912748,120.261227
08BEAC0A0340,2023-08-05,08:03:56,33.7,100.0,15.0,22.9193352,120.2170451
08BEAC0A089E,2023-08-05,08:04:09,31.3,100.0,0.0,23.12107103,120.4585091
08BEAC0A0344,2023-08-05,08:04:49,31.2,100.0,18.0,24.960122,121.178153
08BEAC0A0508,2023-08-05,08:04:58,32.6,100.0,9.0,23.138713,120.324702
08BEAC0A04EC,2023-08-05,08:05:16,31.8,100.0,18.0,24.936085,121.223586
08BEAC0A080E,2023-08-05,08:05:19,33.6,100.0,7.0,23.158097,120.170618
08BEAC0A0678,2023-08-05,08:05:53,32.6,100.0,11.0,23.139376,120.138374
08BEAC0A084E,2023-08-05,08:05:56,33.2,100.0,10.0,24.9785086,121.3061612
08BEAC0A0774,2023-08-05,08:06:19,33.1,100.0,4.0,22.992411,120.294135
08BEAC0A0742,2023-08-05,08:06:29,32.6,100.0,10.0,23.003578,120.240161
08BEAC0A06FA,2023-08-05,08:06:30,31.7,100.0,0.0,23.04435,120.470196
08BEAC0A0156,2023-08-05,08:06:33,30.1,100.0,0.0,24.0838267,120.752756
08BEAC0A0398,2023-08-05,08:06:39,32.1,100.0,7.0,24.1494507,120.6816876
08BEAC0A06A6,2023-08-05,08:06:58,33.2,100.0,11.0,22.977305,120.186438
08BEAC0A019A,2023-08-05,08:07:00,32.2,100.0,12.0,23.3199,120.34515
08BEAC0A0296,2023-08-05,08:07:05,32.5,100.0,9.0,23.741269,120.401443
08BEAC0A0218,2023-08-05,08:07:12,30.8,100.0,12.0,23.6869687,120.5865383
08BEAC0A0464,2023-08-05,08:07:22,33.1,100.0,11.0,22.989813,120.203024
08BEAC0A0480,2023-08-05,08:07:25,31.5,100.0,10.0,23.190069,120.192365
08BEAC0A0226,2023-08-05,08:07:43,31.8,100.0,0.0,23.2174825,120.365091
08BEAC0A0830,2023-08-05,08:08:04,31.7,100.0,0.0,22.956295,120.248057
08BEAC0A0040,2023-08-05,08:08:20,32.5,100.0,0.0,22.99133,120.230478
08BEAC0A01AA,2023-08-05,08:08:40,33.3,80.0,21.0,24.9751,121.269826
08BEAC0A0640,2023-08-05,08:08:43,33.5,100.0,11.0,23.160034,120.18215
08BEAC0A0826,2023-08-05,08:08:44,32.5,100.0,9.0,23.0865158,120.3191882
08BEAC0A07A2,2023-08-05,08:09:00,32.5,100.0,18.0,25.10392038,121.2447143
08BEAC0A05AC,2023-08-05,08:09:06,32.0,100.0,2.0,22.912748,120.261227
08BEAC0A0340,2023-08-05,08:09:12,33.6,100.0,14.0,22.9193352,120.2170451
08BEAC0A089E,2023-08-05,08:09:26,31.3,100.0,0.0,23.12107103,120.4585091
08BEAC0A0344,2023-08-05,08:10:04,31.2,100.0,19.0,24.960122,121.178153
08BEAC0A0508,2023-08-05,08:10:16,32.5,100.0,8.0,23.138713,120.324702
08BEAC0A04EC,2023-08-05,08:10:31,31.3,100.0,18.0,24.936085,121.223586
08BEAC0A080E,2023-08-05,08:10:37,33.6,100.0,7.0,23.158097,120.170618
08BEAC0A0678,2023-08-05,08:11:11,32.3,100.0,10.0,23.139376,120.138374
08BEAC0A084E,2023-08-05,08:11:19,33.2,100.0,10.0,24.9785086,121.3061612
08BEAC0A0774,2023-08-05,08:11:37,32.8,100.0,6.0,22.992411,120.294135
08BEAC0A06FA,2023-08-05,08:11:46,31.7,100.0,0.0,23.04435,120.470196
08BEAC0A0742,2023-08-05,08:11:46,32.7,100.0,12.0,23.003578,120.240161
08BEAC0A0156,2023-08-05,08:11:51,30.1,100.0,0.0,24.0838267,120.752756
08BEAC0A0398,2023-08-05,08:11:54,32.0,100.0,7.0,24.1494507,120.6816876
08BEAC0A06A6,2023-08-05,08:12:15,33.2,100.0,11.0,22.977305,120.186438
08BEAC0A019A,2023-08-05,08:12:18,32.1,100.0,11.0,23.3199,120.34515
08BEAC0A0296,2023-08-05,08:12:24,32.3,100.0,8.0,23.741269,120.401443
08BEAC0A0218,2023-08-05,08:12:28,30.7,100.0,12.0,23.6869687,120.5865383
08BEAC0A0464,2023-08-05,08:12:38,33.1,100.0,10.0,22.989813,120.203024
08BEAC0A0480,2023-08-05,08:12:42,31.7,100.0,9.0,23.190069,120.192365
08BEAC0A0226,2023-08-05,08:12:58,31.8,100.0,0.0,23.2174825,120.365091
08BEAC0A0830,2023-08-05,08:13:21,31.8,100.0,0.0,22.956295,120.248057
08BEAC0A0040,2023-08-05,08:13:37,32.1,100.0,0.0,22.99133,120.230478
08BEAC0A01AA,2023-08-05,08:13:55,33.3,81.0,21.0,24.9751,121.269826
08BEAC0A0640,2023-08-05,08:13:59,33.3,100.0,11.0,23.160034,120.18215
08BEAC0A0826,2023-08-05,08:14:01,32.3,100.0,9.0,23.0865158,120.3191882
08BEAC0A07A2,2023-08-05,08:14:16,32.5,100.0,19.0,25.10392038,121.2447143
08BEAC0A05AC,2023-08-05,08:14:22,32.1,100.0,0.0,22.912748,120.261227
08BEAC0A0340,2023-08-05,08:14:28,33.5,100.0,13.0,22.9193352,120.2170451
08BEAC0A089E,2023-08-05,08:14:44,31.2,100.0,0.0,23.12107103,120.4585091
08BEAC0A0344,2023-08-05,08:15:20,31.2,100.0,18.0,24.960122,121.178153
08BEAC0A0508,2023-08-05,08:15:33,32.6,100.0,9.0,23.138713,120.324702
08BEAC0A04EC,2023-08-05,08:15:49,31.6,100.0,17.0,24.936085,121.223586
08BEAC0A080E,2023-08-05,08:15:54,33.6,100.0,7.0,23.158097,120.170618
08BEAC0A084E,2023-08-05,08:16:55,33.3,100.0,10.0,24.9785086,121.3061612
08BEAC0A0774,2023-08-05,08:16:56,32.7,100.0,6.0,22.992411,120.294135
08BEAC0A06FA,2023-08-05,08:17:01,31.7,100.0,0.0,23.04435,120.470196
08BEAC0A0742,2023-08-05,08:17:04,32.6,100.0,10.0,23.003578,120.240161
08BEAC0A0156,2023-08-05,08:17:08,30.0,100.0,0.0,24.0838267,120.752756
08BEAC0A0398,2023-08-05,08:17:11,32.0,100.0,7.0,24.1494507,120.6816876
08BEAC0A06A6,2023-08-05,08:17:30,33.1,100.0,11.0,22.977305,120.186438
08BEAC0A019A,2023-08-05,08:17:33,32.1,100.0,12.0,23.3199,120.34515
08BEAC0A0296,2023-08-05,08:17:40,32.3,100.0,10.0,23.741269,120.401443
08BEAC0A0218,2023-08-05,08:17:47,30.7,100.0,12.0,23.6869687,120.5865383
08BEAC0A0464,2023-08-05,08:17:55,33.1,100.0,10.0,22.989813,120.203024
08BEAC0A0480,2023-08-05,08:17:59,31.7,100.0,9.0,23.190069,120.192365
08BEAC0A0226,2023-08-05,08:18:15,31.7,100.0,0.0,23.2174825,120.365091
08BEAC0A0830,2023-08-05,08:18:38,32.1,100.0,0.0,22.956295,120.248057
08BEAC0A0040,2023-08-05,08:18:55,32.3,100.0,0.0,22.99133,120.230478
08BEAC0A0640,2023-08-05,08:19:13,33.3,100.0,12.0,23.160034,120.18215
08BEAC0A0826,2023-08-05,08:19:16,32.3,100.0,9.0,23.0865158,120.3191882
08BEAC0A07A2,2023-08-05,08:19:32,32.2,100.0,18.0,25.10392038,121.2447143
08BEAC0A05AC,2023-08-05,08:19:39,32.0,100.0,2.0,22.912748,120.261227
08BEAC0A0340,2023-08-05,08:19:43,33.5,100.0,14.0,22.9193352,120.2170451
08BEAC0A089E,2023-08-05,08:20:01,31.1,100.0,0.0,23.12107103,120.4585091
08BEAC0A0344,2023-08-05,08:20:37,31.2,100.0,17.0,24.960122,121.178153
08BEAC0A0508,2023-08-05,08:20:50,32.5,100.0,8.0,23.138713,120.324702
08BEAC0A04EC,2023-08-05,08:21:06,31.7,100.0,18.0,24.936085,121.223586
08BEAC0A080E,2023-08-05,08:21:11,33.6,100.0,7.0,23.158097,120.170618
08BEAC0A0774,2023-08-05,08:22:14,32.8,100.0,5.0,22.992411,120.294135
08BEAC0A06FA,2023-08-05,08:22:19,31.7,100.0,0.0,23.04435,120.470196
08BEAC0A0742,2023-08-05,08:22:21,32.5,100.0,13.0,23.003578,120.240161
08BEAC0A084E,2023-08-05,08:22:25,33.2,100.0,9.0,24.9785086,121.3061612
08BEAC0A0156,2023-08-05,08:22:26,30.0,100.0,0.0,24.0838267,120.752756
08BEAC0A0398,2023-08-05,08:22:28,32.0,100.0,8.0,24.1494507,120.6816876
08BEAC0A0678,2023-08-05,08:22:36,32.5,100.0,10.0,23.139376,120.138374
08BEAC0A06A6,2023-08-05,08:22:45,33.1,100.0,11.0,22.977305,120.186438
08BEAC0A019A,2023-08-05,08:22:48,32.1,100.0,12.0,23.3199,120.34515
08BEAC0A0296,2023-08-05,08:22:55,32.3,100.0,10.0,23.741269,120.401443
08BEAC0A0218,2023-08-05,08:23:03,30.7,100.0,12.0,23.6869687,120.5865383
08BEAC0A0464,2023-08-05,08:23:11,32.8,100.0,10.0,22.989813,120.203024
08BEAC0A0480,2023-08-05,08:23:16,31.8,100.0,9.0,23.190069,120.192365
08BEAC0A0226,2023-08-05,08:23:35,31.7,100.0,0.0,23.2174825,120.365091
08BEAC0A0830,2023-08-05,08:23:54,31.7,100.0,0.0,22.956295,120.248057
08BEAC0A0040,2023-08-05,08:24:10,32.3,100.0,0.0,22.99133,120.230478
08BEAC0A01AA,2023-08-05,08:24:20,33.2,81.0,21.0,24.9751,121.269826
08BEAC0A0640,2023-08-05,08:24:30,33.3,100.0,12.0,23.160034,120.18215
08BEAC0A0826,2023-08-05,08:24:32,32.3,100.0,10.0,23.0865158,120.3191882
08BEAC0A07A2,2023-08-05,08:24:49,32.3,100.0,20.0,25.10392038,121.2447143
08BEAC0A0340,2023-08-05,08:24:58,33.6,100.0,14.0,22.9193352,120.2170451
08BEAC0A05AC,2023-08-05,08:24:58,32.1,100.0,1.0,22.912748,120.261227
08BEAC0A089E,2023-08-05,08:25:20,31.1,100.0,0.0,23.12107103,120.4585091
08BEAC0A0344,2023-08-05,08:25:53,31.2,100.0,16.0,24.960122,121.178153
08BEAC0A0508,2023-08-05,08:26:04,32.6,100.0,8.0,23.138713,120.324702
08BEAC0A04EC,2023-08-05,08:26:23,31.8,100.0,17.0,24.936085,121.223586
08BEAC0A080E,2023-08-05,08:26:27,33.6,100.0,7.0,23.158097,120.170618
08BEAC0A0774,2023-08-05,08:27:32,32.7,100.0,5.0,22.992411,120.294135
08BEAC0A06FA,2023-08-05,08:27:36,31.6,100.0,0.0,23.04435,120.470196
08BEAC0A0742,2023-08-05,08:27:38,32.3,100.0,11.0,23.003578,120.240161
08BEAC0A0156,2023-08-05,08:27:44,30.0,100.0,0.0,24.0838267,120.752756
08BEAC0A084E,2023-08-05,08:27:44,33.2,100.0,9.0,24.9785086,121.3061612
08BEAC0A0398,2023-08-05,08:27:45,32.0,100.0,8.0,24.1494507,120.6816876
08BEAC0A06A6,2023-08-05,08:28:02,33.1,100.0,12.0,22.977305,120.186438
08BEAC0A019A,2023-08-05,08:28:04,32.1,100.0,12.0,23.3199,120.34515
08BEAC0A0296,2023-08-05,08:28:13,32.3,100.0,10.0,23.741269,120.401443
08BEAC0A0218,2023-08-05,08:28:20,30.6,100.0,12.0,23.6869687,120.5865383
08BEAC0A0464,2023-08-05,08:28:30,32.8,100.0,10.0,22.989813,120.203024
08BEAC0A0480,2023-08-05,08:28:31,32.0,100.0,9.0,23.190069,120.192365
08BEAC0A0226,2023-08-05,08:28:50,31.7,100.0,0.0,23.2174825,120.365091
08BEAC0A0830,2023-08-05,08:29:10,31.5,100.0,0.0,22.956295,120.248057
08BEAC0A0040,2023-08-05,08:29:25,32.3,100.0,0.0,22.99133,120.230478
08BEAC0A01AA,2023-08-05,08:29:38,33.1,81.0,20.0,24.9751,121.269826
08BEAC0A0640,2023-08-05,08:29:46,33.3,100.0,11.0,23.160034,120.18215
08BEAC0A0826,2023-08-05,08:29:49,32.2,100.0,9.0,23.0865158,120.3191882
08BEAC0A07A2,2023-08-05,08:30:06,32.2,100.0,19.0,25.10392038,121.2447143
08BEAC0A0340,2023-08-05,08:30:13,33.6,100.0,16.0,22.9193352,120.2170451
08BEAC0A05AC,2023-08-05,08:30:16,32.3,100.0,0.0,22.912748,120.261227
08BEAC0A089E,2023-08-05,08:30:38,31.1,100.0,0.0,23.12107103,120.4585091
08BEAC0A0344,2023-08-05,08:31:10,31.2,100.0,17.0,24.960122,121.178153
08BEAC0A0508,2023-08-05,08:31:20,32.6,100.0,8.0,23.138713,120.324702
08BEAC0A04EC,2023-08-05,08:31:40,31.3,100.0,18.0,24.936085,121.223586
08BEAC0A080E,2023-08-05,08:31:43,33.6,100.0,7.0,23.158097,120.170618
08BEAC0A0774,2023-08-05,08:32:50,32.7,100.0,5.0,22.992411,120.294135
08BEAC0A06FA,2023-08-05,08:32:51,31.6,100.0,0.0,23.04435,120.470196
08BEAC0A0742,2023-08-05,08:32:58,31.6,100.0,10.0,23.003578,120.240161
08BEAC0A0156,2023-08-05,08:33:01,29.8,100.0,0.0,24.0838267,120.752756
08BEAC0A0398,2023-08-05,08:33:03,32.0,100.0,8.0,24.1494507,120.6816876
08BEAC0A06A6,2023-08-05,08:33:18,33.1,100.0,12.0,22.977305,120.186438
08BEAC0A019A,2023-08-05,08:33:21,32.0,100.0,12.0,23.3199,120.34515
08BEAC0A084E,2023-08-05,08:33:23,33.2,100.0,9.0,24.9785086,121.3061612
08BEAC0A0296,2023-08-05,08:33:28,32.3,100.0,11.0,23.741269,120.401443
08BEAC0A0218,2023-08-05,08:33:36,30.6,100.0,12.0,23.6869687,120.5865383
08BEAC0A0464,2023-08-05,08:33:47,32.8,100.0,11.0,22.989813,120.203024
08BEAC0A0480,2023-08-05,08:33:48,32.0,100.0,9.0,23.190069,120.192365
08BEAC0A0226,2023-08-05,08:34:06,31.6,100.0,0.0,23.2174825,120.365091
08BEAC0A0830,2023-08-05,08:34:26,31.5,100.0,0.0,22.956295,120.248057
08BEAC0A0040,2023-08-05,08:34:42,32.2,100.0,0.0,22.99133,120.230478
08BEAC0A01AA,2023-08-05,08:34:53,33.1,81.0,20.0,24.9751,121.269826
08BEAC0A0640,2023-08-05,08:35:01,33.3,100.0,11.0,23.160034,120.18215
08BEAC0A0826,2023-08-05,08:35:06,32.2,100.0,9.0,23.0865158,120.3191882
08BEAC0A07A2,2023-08-05,08:35:22,32.0,100.0,18.0,25.10392038,121.2447143
08BEAC0A0340,2023-08-05,08:35:32,33.6,100.0,14.0,22.9193352,120.2170451
08BEAC0A05AC,2023-08-05,08:35:35,32.1,100.0,1.0,22.912748,120.261227
08BEAC0A089E,2023-08-05,08:35:53,31.1,100.0,0.0,23.12107103,120.4585091
08BEAC0A0344,2023-08-05,08:36:26,31.2,100.0,18.0,24.960122,121.178153
08BEAC0A0508,2023-08-05,08:36:37,32.5,100.0,9.0,23.138713,120.324702
08BEAC0A04EC,2023-08-05,08:36:57,31.5,100.0,18.0,24.936085,121.223586
08BEAC0A080E,2023-08-05,08:36:59,33.6,100.0,6.0,23.158097,120.170618
08BEAC0A0774,2023-08-05,08:38:06,32.8,100.0,6.0,22.992411,120.294135
08BEAC0A06FA,2023-08-05,08:38:08,31.5,100.0,0.0,23.04435,120.470196
08BEAC0A0742,2023-08-05,08:38:18,31.5,100.0,11.0,23.003578,120.240161
08BEAC0A0156,2023-08-05,08:38:20,29.7,100.0,0.0,24.0838267,120.752756
08BEAC0A0398,2023-08-05,08:38:20,32.0,100.0,8.0,24.1494507,120.6816876
08BEAC0A06A6,2023-08-05,08:38:35,33.1,100.0,13.0,22.977305,120.186438
08BEAC0A019A,2023-08-05,08:38:37,32.0,100.0,11.0,23.3199,120.34515
08BEAC0A0296,2023-08-05,08:38:45,32.2,100.0,10.0,23.741269,120.401443
08BEAC0A0218,2023-08-05,08:38:52,30.7,100.0,11.0,23.6869687,120.5865383
08BEAC0A084E,2023-08-05,08:39:02,33.2,100.0,10.0,24.9785086,121.3061612
08BEAC0A0464,2023-08-05,08:39:06,33.0,100.0,12.0,22.989813,120.203024
08BEAC0A0480,2023-08-05,08:39:06,32.1,100.0,9.0,23.190069,120.192365
08BEAC0A0226,2023-08-05,08:39:24,31.7,100.0,0.0,23.2174825,120.365091
08BEAC0A0830,2023-08-05,08:39:42,31.3,100.0,0.0,22.956295,120.248057
08BEAC0A0678,2023-08-05,08:39:50,32.0,100.0,10.0,23.139376,120.138374
08BEAC0A0040,2023-08-05,08:39:59,32.0,100.0,0.0,22.99133,120.230478
08BEAC0A01AA,2023-08-05,08:40:11,33.1,81.0,20.0,24.9751,121.269826
08BEAC0A0640,2023-08-05,08:40:17,33.2,100.0,11.0,23.160034,120.18215
08BEAC0A0826,2023-08-05,08:40:24,32.2,100.0,10.0,23.0865158,120.3191882
08BEAC0A07A2,2023-08-05,08:40:40,32.0,100.0,18.0,25.10392038,121.2447143
08BEAC0A0340,2023-08-05,08:40:48,33.6,100.0,16.0,22.9193352,120.2170451
08BEAC0A05AC,2023-08-05,08:40:50,32.0,100.0,1.0,22.912748,120.261227
08BEAC0A089E,2023-08-05,08:41:09,31.1,100.0,0.0,23.12107103,120.4585091
08BEAC0A0344,2023-08-05,08:41:43,31.2,100.0,18.0,24.960122,121.178153
08BEAC0A0508,2023-08-05,08:41:56,32.2,100.0,9.0,23.138713,120.324702
08BEAC0A04EC,2023-08-05,08:42:11,31.6,100.0,18.0,24.936085,121.223586
08BEAC0A080E,2023-08-05,08:42:16,33.6,100.0,7.0,23.158097,120.170618
08BEAC0A0774,2023-08-05,08:43:21,32.8,100.0,4.0,22.992411,120.294135
08BEAC0A06FA,2023-08-05,08:43:25,31.5,100.0,0.0,23.04435,120.470196
08BEAC0A0742,2023-08-05,08:43:35,31.8,100.0,11.0,23.003578,120.240161
08BEAC0A0156,2023-08-05,08:43:37,29.7,100.0,0.0,24.0838267,120.752756
08BEAC0A0398,2023-08-05,08:43:39,31.8,100.0,8.0,24.1494507,120.6816876
08BEAC0A06A6,2023-08-05,08:43:49,33.1,100.0,10.0,22.977305,120.186438
08BEAC0A019A,2023-08-05,08:43:55,32.0,100.0,12.0,23.3199,120.34515
08BEAC0A0296,2023-08-05,08:44:00,32.3,100.0,10.0,23.741269,120.401443
08BEAC0A0218,2023-08-05,08:44:07,30.7,100.0,12.0,23.6869687,120.5865383
08BEAC0A0464,2023-08-05,08:44:22,33.0,100.0,11.0,22.989813,120.203024
08BEAC0A0480,2023-08-05,08:44:24,32.1,100.0,9.0,23.190069,120.192365
08BEAC0A084E,2023-08-05,08:44:25,33.2,100.0,10.0,24.9785086,121.3061612
08BEAC0A0226,2023-08-05,08:44:40,31.7,100.0,0.0,23.2174825,120.365091
08BEAC0A0830,2023-08-05,08:45:00,31.0,100.0,0.0,22.956295,120.248057
08BEAC0A0040,2023-08-05,08:45:16,32.0,100.0,0.0,22.99133,120.230478
08BEAC0A01AA,2023-08-05,08:45:26,33.1,81.0,19.0,24.9751,121.269826
08BEAC0A0640,2023-08-05,08:45:32,33.2,100.0,13.0,23.160034,120.18215
08BEAC0A0826,2023-08-05,08:45:42,32.3,100.0,9.0,23.0865158,120.3191882
08BEAC0A07A2,2023-08-05,08:45:57,31.8,100.0,18.0,25.10392038,121.2447143
08BEAC0A0340,2023-08-05,08:46:03,33.6,100.0,13.0,22.9193352,120.2170451
08BEAC0A05AC,2023-08-05,08:46:07,32.0,100.0,0.0,22.912748,120.261227
08BEAC0A089E,2023-08-05,08:46:26,31.0,100.0,0.0,23.12107103,120.4585091
08BEAC0A0344,2023-08-05,08:46:59,31.1,100.0,18.0,24.960122,121.178153
08BEAC0A0508,2023-08-05,08:47:14,32.5,100.0,10.0,23.138713,120.324702
08BEAC0A04EC,2023-08-05,08:47:27,31.5,100.0,19.0,24.936085,121.223586
08BEAC0A080E,2023-08-05,08:47:33,33.6,100.0,8.0,23.158097,120.170618
08BEAC0A0774,2023-08-05,08:48:37,32.5,100.0,5.0,22.992411,120.294135
08BEAC0A06FA,2023-08-05,08:48:40,31.5,100.0,0.0,23.04435,120.470196
08BEAC0A0742,2023-08-05,08:48:50,32.0,100.0,11.0,23.003578,120.240161
08BEAC0A0156,2023-08-05,08:48:56,29.6,100.0,0.0,24.0838267,120.752756
08BEAC0A0398,2023-08-05,08:48:56,32.0,100.0,8.0,24.1494507,120.6816876
08BEAC0A06A6,2023-08-05,08:49:06,33.0,100.0,11.0,22.977305,120.186438
08BEAC0A019A,2023-08-05,08:49:10,32.0,100.0,12.0,23.3199,120.34515
08BEAC0A0296,2023-08-05,08:49:15,32.3,100.0,9.0,23.741269,120.401443
08BEAC0A0218,2023-08-05,08:49:22,30.8,100.0,11.0,23.6869687,120.5865383
08BEAC0A0464,2023-08-05,08:49:39,33.1,100.0,12.0,22.989813,120.203024
08BEAC0A0480,2023-08-05,08:49:39,32.1,100.0,9.0,23.190069,120.192365
08BEAC0A0226,2023-08-05,08:49:57,31.7,100.0,0.0,23.2174825,120.365091
08BEAC0A084E,2023-08-05,08:50:14,33.2,100.0,9.0,24.9785086,121.3061612
08BEAC0A0830,2023-08-05,08:50:18,31.5,100.0,0.0,22.956295,120.248057
08BEAC0A0040,2023-08-05,08:50:35,32.0,100.0,0.0,22.99133,120.230478
08BEAC0A01AA,2023-08-05,08:50:44,33.0,81.0,19.0,24.9751,121.269826
08BEAC0A0640,2023-08-05,08:50:48,33.2,100.0,12.0,23.160034,120.18215
08BEAC0A0678,2023-08-05,08:50:51,32.0,100.0,11.0,23.139376,120.138374
08BEAC0A0826,2023-08-05,08:51:00,32.2,100.0,9.0,23.0865158,120.3191882
08BEAC0A07A2,2023-08-05,08:51:14,32.0,100.0,18.0,25.10392038,121.2447143
08BEAC0A0340,2023-08-05,08:51:18,33.5,100.0,14.0,22.9193352,120.2170451
08BEAC0A05AC,2023-08-05,08:51:24,32.1,100.0,1.0,22.912748,120.261227
08BEAC0A089E,2023-08-05,08:51:41,31.1,100.0,0.0,23.12107103,120.4585091
08BEAC0A0344,2023-08-05,08:52:18,31.1,100.0,18.0,24.960122,121.178153
08BEAC0A0508,2023-08-05,08:52:30,32.1,100.0,9.0,23.138713,120.324702
08BEAC0A04EC,2023-08-05,08:52:42,31.6,100.0,18.0,24.936085,121.223586
08BEAC0A080E,2023-08-05,08:52:50,33.6,100.0,7.0,23.158097,120.170618
08BEAC0A0774,2023-08-05,08:53:55,32.3,100.0,5.0,22.992411,120.294135
08BEAC0A06FA,2023-08-05,08:53:57,31.5,100.0,0.0,23.04435,120.470196
08BEAC0A0742,2023-08-05,08:54:09,32.2,100.0,11.0,23.003578,120.240161
08BEAC0A0156,2023-08-05,08:54:15,29.6,100.0,0.0,24.0838267,120.752756
08BEAC0A0398,2023-08-05,08:54:15,31.8,100.0,9.0,24.1494507,120.6816876
08BEAC0A06A6,2023-08-05,08:54:23,33.0,100.0,11.0,22.977305,120.186438
08BEAC0A019A,2023-08-05,08:54:25,32.0,100.0,13.0,23.3199,120.34515
08BEAC0A0296,2023-08-05,08:54:30,32.2,100.0,11.0,23.741269,120.401443
08BEAC0A0218,2023-08-05,08:54:38,31.0,100.0,11.0,23.6869687,120.5865383
08BEAC0A0464,2023-08-05,08:54:54,33.1,100.0,11.0,22.989813,120.203024
08BEAC0A0480,2023-08-05,08:54:55,32.1,100.0,9.0,23.190069,120.192365
08BEAC0A0226,2023-08-05,08:55:14,31.7,100.0,0.0,23.2174825,120.365091
08BEAC0A0830,2023-08-05,08:55:33,31.7,100.0,0.0,22.956295,120.248057
08BEAC0A084E,2023-08-05,08:55:37,33.1,100.0,9.0,24.9785086,121.3061612
08BEAC0A0040,2023-08-05,08:55:53,31.7,100.0,0.0,22.99133,120.230478
08BEAC0A01AA,2023-08-05,08:55:59,33.0,81.0,20.0,24.9751,121.269826
08BEAC0A0640,2023-08-05,08:56:03,33.1,100.0,12.0,23.160034,120.18215
08BEAC0A0678,2023-08-05,08:56:09,32.0,100.0,12.0,23.139376,120.138374
08BEAC0A0826,2023-08-05,08:56:17,32.1,100.0,9.0,23.0865158,120.3191882
08BEAC0A07A2,2023-08-05,08:56:30,31.8,100.0,19.0,25.10392038,121.2447143
08BEAC0A0340,2023-08-05,08:56:35,33.6,100.0,15.0,22.9193352,120.2170451
08BEAC0A05AC,2023-08-05,08:56:42,32.1,100.0,1.0,22.912748,120.261227
08BEAC0A089E,2023-08-05,08:56:58,31.0,100.0,0.0,23.12107103,120.4585091
08BEAC0A0344,2023-08-05,08:57:33,31.1,100.0,18.0,24.960122,121.178153
08BEAC0A0508,2023-08-05,08:57:46,32.2,100.0,10.0,23.138713,120.324702
08BEAC0A04EC,2023-08-05,08:57:57,31.5,100.0,18.0,24.936085,121.223586
08BEAC0A080E,2023-08-05,08:58:05,33.6,100.0,6.0,23.158097,120.170618
08BEAC0A0774,2023-08-05,08:59:11,32.3,100.0,4.0,22.992411,120.294135
08BEAC0A06FA,2023-08-05,08:59:13,31.6,100.0,0.0,23.04435,120.470196
08BEAC0A0742,2023-08-05,08:59:28,32.5,100.0,10.0,23.003578,120.240161
08BEAC0A0398,2023-08-05,08:59:30,31.8,100.0,9.0,24.1494507,120.6816876
08BEAC0A0156,2023-08-05,08:59:32,29.6,100.0,0.0,24.0838267,120.752756
08BEAC0A06A6,2023-08-05,08:59:40,33.0,100.0,11.0,22.977305,120.186438
08BEAC0A019A,2023-08-05,08:59:42,32.0,100.0,11.0,23.3199,120.34515
08BEAC0A0296,2023-08-05,08:59:46,32.3,100.0,11.0,23.741269,120.401443
08BEAC0A0218,2023-08-05,08:59:54,30.8,100.0,11.0,23.6869687,120.5865383
08BEAC0A0480,2023-08-05,09:00:10,32.2,100.0,10.0,23.190069,120.192365
08BEAC0A0464,2023-08-05,09:00:12,33.1,100.0,12.0,22.989813,120.203024
08BEAC0A0226,2023-08-05,09:00:31,31.8,100.0,0.0,23.2174825,120.365091
08BEAC0A0040,2023-08-05,09:01:13,31.6,100.0,0.0,22.99133,120.230478
08BEAC0A01AA,2023-08-05,09:01:16,33.1,81.0,20.0,24.9751,121.269826
08BEAC0A0640,2023-08-05,09:01:19,33.1,100.0,14.0,23.160034,120.18215
08BEAC0A0678,2023-08-05,09:01:27,32.1,100.0,12.0,23.139376,120.138374
08BEAC0A0826,2023-08-05,09:01:34,32.1,100.0,9.0,23.0865158,120.3191882
08BEAC0A084E,2023-08-05,09:01:35,33.1,100.0,10.0,24.9785086,121.3061612
08BEAC0A07A2,2023-08-05,09:01:46,31.8,100.0,18.0,25.10392038,121.2447143
08BEAC0A0340,2023-08-05,09:01:51,33.6,100.0,16.0,22.9193352,120.2170451
08BEAC0A05AC,2023-08-05,09:01:59,32.2,100.0,1.0,22.912748,120.261227
08BEAC0A089E,2023-08-05,09:02:14,31.0,100.0,0.0,23.12107103,120.4585091
08BEAC0A0344,2023-08-05,09:02:49,31.1,100.0,16.0,24.960122,121.178153
08BEAC0A0508,2023-08-05,09:03:03,32.1,100.0,9.0,23.138713,120.324702
08BEAC0A04EC,2023-08-05,09:03:13,31.7,100.0,18.0,24.936085,121.223586
08BEAC0A080E,2023-08-05,09:03:21,33.6,100.0,7.0,23.158097,120.170618
08BEAC0A0774,2023-08-05,09:04:27,32.3,100.0,5.0,22.992411,120.294135
08BEAC0A06FA,2023-08-05,09:04:29,31.5,100.0,0.0,23.04435,120.470196
08BEAC0A0398,2023-08-05,09:04:47,31.8,100.0,9.0,24.1494507,120.6816876
08BEAC0A0742,2023-08-05,09:04:47,32.1,100.0,12.0,23.003578,120.240161
08BEAC0A0156,2023-08-05,09:04:50,29.6,100.0,0.0,24.0838267,120.752756
08BEAC0A06A6,2023-08-05,09:04:56,32.8,100.0,13.0,22.977305,120.186438
08BEAC0A019A,2023-08-05,09:04:57,32.0,100.0,12.0,23.3199,120.34515
08BEAC0A0296,2023-08-05,09:05:02,32.2,100.0,14.0,23.741269,120.401443
08BEAC0A0218,2023-08-05,09:05:08,30.8,100.0,10.0,23.6869687,120.5865383
08BEAC0A0464,2023-08-05,09:05:29,33.0,100.0,11.0,22.989813,120.203024
08BEAC0A0226,2023-08-05,09:05:47,32.0,100.0,0.0,23.2174825,120.365091
08BEAC0A0830,2023-08-05,09:05:58,31.2,100.0,0.0,22.956295,120.248057
08BEAC0A0040,2023-08-05,09:06:28,31.7,100.0,0.0,22.99133,120.230478
08BEAC0A01AA,2023-08-05,09:06:33,33.1,81.0,20.0,24.9751,121.269826
08BEAC0A0640,2023-08-05,09:06:35,33.0,100.0,13.0,23.160034,120.18215
08BEAC0A0826,2023-08-05,09:06:50,32.2,100.0,10.0,23.0865158,120.3191882
08BEAC0A07A2,2023-08-05,09:07:02,31.8,100.0,20.0,25.10392038,121.2447143
08BEAC0A0340,2023-08-05,09:07:07,33.5,100.0,15.0,22.9193352,120.2170451
08BEAC0A084E,2023-08-05,09:07:07,33.1,100.0,10.0,24.9785086,121.3061612
08BEAC0A05AC,2023-08-05,09:07:14,32.1,100.0,1.0,22.912748,120.261227
08BEAC0A089E,2023-08-05,09:07:34,31.0,100.0,0.0,23.12107103,120.4585091
08BEAC0A0344,2023-08-05,09:08:07,31.1,100.0,16.0,24.960122,121.178153
08BEAC0A0508,2023-08-05,09:08:19,32.1,100.0,8.0,23.138713,120.324702
08BEAC0A080E,2023-08-05,09:08:40,33.6,100.0,9.0,23.158097,120.170618
08BEAC0A0774,2023-08-05,09:09:41,32.3,100.0,5.0,22.992411,120.294135
08BEAC0A06FA,2023-08-05,09:09:47,31.5,100.0,0.0,23.04435,120.470196
08BEAC0A0398,2023-08-05,09:10:05,31.8,100.0,10.0,24.1494507,120.6816876
08BEAC0A0156,2023-08-05,09:10:08,29.7,100.0,0.0,24.0838267,120.752756
08BEAC0A0742,2023-08-05,09:10:08,31.8,100.0,11.0,23.003578,120.240161
08BEAC0A06A6,2023-08-05,09:10:12,32.8,100.0,12.0,22.977305,120.186438
08BEAC0A019A,2023-08-05,09:10:13,32.0,100.0,12.0,23.3199,120.34515
08BEAC0A0296,2023-08-05,09:10:20,32.2,100.0,12.0,23.741269,120.401443
08BEAC0A0218,2023-08-05,09:10:25,30.8,100.0,11.0,23.6869687,120.5865383
08BEAC0A0480,2023-08-05,09:10:40,32.2,100.0,9.0,23.190069,120.192365
08BEAC0A0464,2023-08-05,09:10:45,32.8,100.0,11.0,22.989813,120.203024
08BEAC0A0226,2023-08-05,09:11:02,32.0,100.0,0.0,23.2174825,120.365091
08BEAC0A0830,2023-08-05,09:11:16,31.3,100.0,0.0,22.956295,120.248057
08BEAC0A0040,2023-08-05,09:11:45,31.7,100.0,0.0,22.99133,120.230478
08BEAC0A01AA,2023-08-05,09:11:51,33.1,80.0,19.0,24.9751,121.269826
08BEAC0A0640,2023-08-05,09:11:53,33.0,100.0,14.0,23.160034,120.18215
08BEAC0A0826,2023-08-05,09:12:04,32.2,100.0,9.0,23.0865158,120.3191882
08BEAC0A07A2,2023-08-05,09:12:18,31.7,100.0,20.0,25.10392038,121.2447143
08BEAC0A0340,2023-08-05,09:12:26,33.6,100.0,17.0,22.9193352,120.2170451
08BEAC0A05AC,2023-08-05,09:12:32,32.0,100.0,1.0,22.912748,120.261227
08BEAC0A084E,2023-08-05,09:12:46,33.1,100.0,10.0,24.9785086,121.3061612
08BEAC0A089E,2023-08-05,09:12:51,31.0,100.0,0.0,23.12107103,120.4585091
08BEAC0A0344,2023-08-05,09:13:22,31.1,100.0,15.0,24.960122,121.178153
08BEAC0A0508,2023-08-05,09:13:33,32.2,100.0,9.0,23.138713,120.324702
08BEAC0A04EC,2023-08-05,09:13:41,31.7,100.0,16.0,24.936085,121.223586
08BEAC0A080E,2023-08-05,09:13:54,33.5,100.0,9.0,23.158097,120.170618
08BEAC0A0780,2023-08-05,09:14:27,30.7,100.0,0.0,23.048983,120.174614
08BEAC0A0774,2023-08-05,09:14:58,32.3,100.0,5.0,22.992411,120.294135
08BEAC0A06FA,2023-08-05,09:15:01,31.5,100.0,0.0,23.04435,120.470196
08BEAC0A0398,2023-08-05,09:15:19,32.0,100.0,9.0,24.1494507,120.6816876
08BEAC0A0156,2023-08-05,09:15:27,29.7,100.0,0.0,24.0838267,120.752756
08BEAC0A0742,2023-08-05,09:15:28,31.7,100.0,11.0,23.003578,120.240161
08BEAC0A06A6,2023-08-05,09:15:30,32.8,100.0,13.0,22.977305,120.186438
08BEAC0A019A,2023-08-05,09:15:31,32.1,100.0,12.0,23.3199,120.34515
08BEAC0A0296,2023-08-05,09:15:35,32.2,100.0,11.0,23.741269,120.401443
08BEAC0A0218,2023-08-05,09:15:41,30.8,100.0,11.0,23.6869687,120.5865383
08BEAC0A0480,2023-08-05,09:15:54,32.2,100.0,10.0,23.190069,120.192365
08BEAC0A0464,2023-08-05,09:16:01,32.3,100.0,12.0,22.989813,120.203024
08BEAC0A0226,2023-08-05,09:16:18,32.0,100.0,0.0,23.2174825,120.365091
08BEAC0A0830,2023-08-05,09:16:33,31.6,100.0,0.0,22.956295,120.248057
08BEAC0A0040,2023-08-05,09:17:01,31.7,100.0,0.0,22.99133,120.230478
08BEAC0A01AA,2023-08-05,09:17:08,33.1,80.0,18.0,24.9751,121.269826
08BEAC0A0640,2023-08-05,09:17:09,32.8,100.0,12.0,23.160034,120.18215
08BEAC0A0826,2023-08-05,09:17:22,32.3,100.0,9.0,23.0865158,120.3191882
08BEAC0A07A2,2023-08-05,09:17:34,31.7,100.0,18.0,25.10392038,121.2447143
08BEAC0A0340,2023-08-05,09:17:41,33.6,100.0,18.0,22.9193352,120.2170451
08BEAC0A05AC,2023-08-05,09:17:48,32.0,100.0,1.0,22.912748,120.261227
08BEAC0A089E,2023-08-05,09:18:11,31.1,100.0,0.0,23.12107103,120.4585091
08BEAC0A084E,2023-08-05,09:18:27,33.1,100.0,10.0,24.9785086,121.3061612
08BEAC0A0344,2023-08-05,09:18:40,31.2,100.0,15.0,24.960122,121.178153
08BEAC0A0678,2023-08-05,09:18:43,32.1,100.0,11.0,23.139376,120.138374
08BEAC0A0508,2023-08-05,09:18:49,32.1,100.0,10.0,23.138713,120.324702
08BEAC0A04EC,2023-08-05,09:18:59,31.7,100.0,16.0,24.936085,121.223586
08BEAC0A080E,2023-08-05,09:19:11,33.6,100.0,10.0,23.158097,120.170618
08BEAC0A06FA,2023-08-05,09:20:17,31.3,100.0,0.0,23.04435,120.470196
08BEAC0A0774,2023-08-05,09:20:18,32.3,100.0,5.0,22.992411,120.294135
08BEAC0A0398,2023-08-05,09:20:36,32.0,100.0,9.0,24.1494507,120.6816876
08BEAC0A0156,2023-08-05,09:20:44,29.7,100.0,0.0,24.0838267,120.752756
08BEAC0A06A6,2023-08-05,09:20:48,32.7,100.0,13.0,22.977305,120.186438
08BEAC0A019A,2023-08-05,09:20:49,32.1,100.0,12.0,23.3199,120.34515
08BEAC0A0742,2023-08-05,09:20:52,31.0,100.0,12.0,23.003578,120.240161
08BEAC0A0296,2023-08-05,09:20:53,32.1,100.0,11.0,23.741269,120.401443
08BEAC0A0218,2023-08-05,09:20:56,30.8,100.0,11.0,23.6869687,120.5865383
08BEAC0A0480,2023-08-05,09:21:11,32.2,100.0,9.0,23.190069,120.192365
08BEAC0A0464,2023-08-05,09:21:17,32.3,100.0,12.0,22.989813,120.203024
08BEAC0A0226,2023-08-05,09:21:35,31.8,100.0,0.0,23.2174825,120.365091
08BEAC0A0830,2023-08-05,09:21:52,31.7,100.0,0.0,22.956295,120.248057
08BEAC0A0040,2023-08-05,09:22:17,32.0,100.0,0.0,22.99133,120.230478
08BEAC0A0640,2023-08-05,09:22:25,32.8,100.0,13.0,23.160034,120.18215
08BEAC0A01AA,2023-08-05,09:22:26,33.1,80.0,18.0,24.9751,121.269826
08BEAC0A0826,2023-08-05,09:22:40,32.2,100.0,10.0,23.0865158,120.3191882
08BEAC0A07A2,2023-08-05,09:22:49,32.1,100.0,17.0,25.10392038,121.2447143
08BEAC0A0340,2023-08-05,09:22:59,33.7,100.0,17.0,22.9193352,120.2170451
08BEAC0A05AC,2023-08-05,09:23:07,32.1,100.0,0.0,22.912748,120.261227
08BEAC0A089E,2023-08-05,09:23:28,31.0,100.0,0.0,23.12107103,120.4585091
08BEAC0A084E,2023-08-05,09:23:44,33.1,100.0,9.0,24.9785086,121.3061612
08BEAC0A0344,2023-08-05,09:23:57,31.2,100.0,14.0,24.960122,121.178153
08BEAC0A0678,2023-08-05,09:24:03,32.2,100.0,11.0,23.139376,120.138374
08BEAC0A0508,2023-08-05,09:24:05,32.0,100.0,10.0,23.138713,120.324702
08BEAC0A04EC,2023-08-05,09:24:14,31.3,100.0,14.0,24.936085,121.223586
08BEAC0A080E,2023-08-05,09:24:30,33.6,100.0,9.0,23.158097,120.170618
08BEAC0A06FA,2023-08-05,09:25:34,31.2,100.0,0.0,23.04435,120.470196
08BEAC0A0774,2023-08-05,09:25:35,32.5,100.0,5.0,22.992411,120.294135
08BEAC0A0398,2023-08-05,09:25:51,31.7,100.0,10.0,24.1494507,120.6816876
08BEAC0A0156,2023-08-05,09:26:01,29.7,100.0,0.0,24.0838267,120.752756
08BEAC0A06A6,2023-08-05,09:26:05,32.6,100.0,13.0,22.977305,120.186438
08BEAC0A019A,2023-08-05,09:26:06,32.1,100.0,11.0,23.3199,120.34515
08BEAC0A0296,2023-08-05,09:26:09,32.1,100.0,10.0,23.741269,120.401443
08BEAC0A0742,2023-08-05,09:26:12,31.3,100.0,13.0,23.003578,120.240161
08BEAC0A0218,2023-08-05,09:26:14,30.7,100.0,11.0,23.6869687,120.5865383
08BEAC0A0480,2023-08-05,09:26:28,32.2,100.0,9.0,23.190069,120.192365
08BEAC0A0464,2023-08-05,09:26:34,32.3,100.0,12.0,22.989813,120.203024
08BEAC0A0226,2023-08-05,09:26:52,31.8,100.0,0.0,23.2174825,120.365091
08BEAC0A0830,2023-08-05,09:27:07,31.5,100.0,0.0,22.956295,120.248057
08BEAC0A0040,2023-08-05,09:27:34,32.0,100.0,0.0,22.99133,120.230478
08BEAC0A01AA,2023-08-05,09:27:41,33.1,80.0,16.0,24.9751,121.269826
08BEAC0A0640,2023-08-05,09:27:41,32.8,100.0,14.0,23.160034,120.18215
08BEAC0A0826,2023-08-05,09:27:56,32.2,100.0,9.0,23.0865158,120.3191882
08BEAC0A07A2,2023-08-05,09:28:06,32.2,100.0,17.0,25.10392038,121.2447143
08BEAC0A0340,2023-08-05,09:28:13,33.6,100.0,14.0,22.9193352,120.2170451
08BEAC0A05AC,2023-08-05,09:28:21,32.1,100.0,0.0,22.912748,120.261227
08BEAC0A089E,2023-08-05,09:28:44,31.0,100.0,0.0,23.12107103,120.4585091
08BEAC0A0344,2023-08-05,09:29:14,31.2,100.0,14.0,24.960122,121.178153
08BEAC0A0508,2023-08-05,09:29:23,32.0,100.0,9.0,23.138713,120.324702
08BEAC0A04EC,2023-08-05,09:29:32,31.5,100.0,15.0,24.936085,121.223586
08BEAC0A084E,2023-08-05,09:29:32,33.1,100.0,10.0,24.9785086,121.3061612
08BEAC0A0678,2023-08-05,09:29:42,31.8,100.0,11.0,23.139376,120.138374
08BEAC0A06FA,2023-08-05,09:30:49,31.1,100.0,0.0,23.04435,120.470196
08BEAC0A0774,2023-08-05,09:30:51,32.5,100.0,5.0,22.992411,120.294135
08BEAC0A0398,2023-08-05,09:31:06,31.8,100.0,10.0,24.1494507,120.6816876
08BEAC0A0156,2023-08-05,09:31:18,29.7,100.0,0.0,24.0838267,120.752756
08BEAC0A019A,2023-08-05,09:31:20,32.1,100.0,11.0,23.3199,120.34515
08BEAC0A06A6,2023-08-05,09:31:22,32.7,100.0,14.0,22.977305,120.186438
08BEAC0A0296,2023-08-05,09:31:26,32.1,100.0,11.0,23.741269,120.401443
08BEAC0A0742,2023-08-05,09:31:28,31.6,100.0,11.0,23.003578,120.240161
08BEAC0A0218,2023-08-05,09:31:33,30.7,100.0,11.0,23.6869687,120.5865383
08BEAC0A0480,2023-08-05,09:31:45,32.2,100.0,9.0,23.190069,120.192365
08BEAC0A0464,2023-08-05,09:31:50,32.3,100.0,12.0,22.989813,120.203024
08BEAC0A0226,2023-08-05,09:32:11,31.8,100.0,0.0,23.2174825,120.365091
08BEAC0A0830,2023-08-05,09:32:24,31.3,100.0,0.0,22.956295,120.248057
08BEAC0A0040,2023-08-05,09:32:51,32.0,100.0,0.0,22.99133,120.230478
08BEAC0A01AA,2023-08-05,09:32:56,33.1,80.0,17.0,24.9751,121.269826
08BEAC0A0640,2023-08-05,09:33:00,32.8,100.0,15.0,23.160034,120.18215
08BEAC0A0826,2023-08-05,09:33:13,32.1,100.0,9.0,23.0865158,120.3191882
08BEAC0A07A2,2023-08-05,09:33:24,32.2,100.0,16.0,25.10392038,121.2447143
08BEAC0A0340,2023-08-05,09:33:28,33.5,100.0,16.0,22.9193352,120.2170451
08BEAC0A05AC,2023-08-05,09:33:38,32.0,100.0,1.0,22.912748,120.261227
08BEAC0A089E,2023-08-05,09:34:01,31.0,100.0,0.0,23.12107103,120.4585091
08BEAC0A0344,2023-08-05,09:34:30,31.2,100.0,14.0,24.960122,121.178153
08BEAC0A0508,2023-08-05,09:34:40,32.0,100.0,9.0,23.138713,120.324702
08BEAC0A04EC,2023-08-05,09:34:48,31.7,100.0,14.0,24.936085,121.223586
08BEAC0A0678,2023-08-05,09:35:00,32.1,100.0,12.0,23.139376,120.138374
08BEAC0A080E,2023-08-05,09:35:00,33.6,100.0,10.0,23.158097,120.170618
08BEAC0A084E,2023-08-05,09:35:11,33.1,100.0,9.0,24.9785086,121.3061612
08BEAC0A06FA,2023-08-05,09:36:06,31.1,100.0,0.0,23.04435,120.470196
08BEAC0A0774,2023-08-05,09:36:07,32.3,100.0,5.0,22.992411,120.294135
08BEAC0A0398,2023-08-05,09:36:22,31.8,100.0,11.0,24.1494507,120.6816876
08BEAC0A0156,2023-08-05,09:36:33,29.7,100.0,0.0,24.0838267,120.752756
08BEAC0A019A,2023-08-05,09:36:36,32.0,100.0,11.0,23.3199,120.34515
08BEAC0A06A6,2023-08-05,09:36:39,32.7,100.0,13.0,22.977305,120.186438
08BEAC0A0296,2023-08-05,09:36:42,32.1,100.0,10.0,23.741269,120.401443
08BEAC0A0742,2023-08-05,09:36:47,31.6,100.0,14.0,23.003578,120.240161
08BEAC0A0218,2023-08-05,09:36:49,30.6,100.0,11.0,23.6869687,120.5865383
08BEAC0A0464,2023-08-05,09:37:07,32.5,100.0,11.0,22.989813,120.203024
08BEAC0A0226,2023-08-05,09:37:29,31.7,100.0,0.0,23.2174825,120.365091
08BEAC0A0830,2023-08-05,09:37:40,31.3,100.0,0.0,22.956295,120.248057
08BEAC0A0040,2023-08-05,09:38:07,31.8,100.0,0.0,22.99133,120.230478
08BEAC0A01AA,2023-08-05,09:38:11,33.2,79.0,16.0,24.9751,121.269826
08BEAC0A0640,2023-08-05,09:38:15,32.8,100.0,16.0,23.160034,120.18215
08BEAC0A0826,2023-08-05,09:38:30,32.2,100.0,9.0,23.0865158,120.3191882
08BEAC0A07A2,2023-08-05,09:38:43,32.2,100.0,16.0,25.10392038,121.2447143
08BEAC0A0340,2023-08-05,09:38:47,33.5,100.0,15.0,22.9193352,120.2170451
08BEAC0A05AC,2023-08-05,09:38:55,32.0,100.0,0.0,22.912748,120.261227
08BEAC0A089E,2023-08-05,09:39:16,31.0,100.0,0.0,23.12107103,120.4585091
08BEAC0A0344,2023-08-05,09:39:46,31.2,100.0,15.0,24.960122,121.178153
08BEAC0A0508,2023-08-05,09:39:55,31.8,100.0,9.0,23.138713,120.324702
08BEAC0A04EC,2023-08-05,09:40:04,32.0,100.0,14.0,24.936085,121.223586
08BEAC0A080E,2023-08-05,09:40:16,33.6,100.0,10.0,23.158097,120.170618
08BEAC0A0678,2023-08-05,09:40:19,32.0,100.0,11.0,23.139376,120.138374
08BEAC0A084E,2023-08-05,09:40:51,33.1,100.0,9.0,24.9785086,121.3061612
08BEAC0A06FA,2023-08-05,09:41:22,31.0,100.0,0.0,23.04435,120.470196
08BEAC0A0774,2023-08-05,09:41:24,32.2,100.0,5.0,22.992411,120.294135
08BEAC0A0398,2023-08-05,09:41:38,31.8,100.0,11.0,24.1494507,120.6816876
08BEAC0A0156,2023-08-05,09:41:50,29.6,100.0,0.0,24.0838267,120.752756
08BEAC0A019A,2023-08-05,09:41:53,32.0,100.0,11.0,23.3199,120.34515
08BEAC0A06A6,2023-08-05,09:41:54,32.6,100.0,13.0,22.977305,120.186438
08BEAC0A0296,2023-08-05,09:41:58,32.1,100.0,10.0,23.741269,120.401443
08BEAC0A0742,2023-08-05,09:42:05,31.6,100.0,13.0,23.003578,120.240161
08BEAC0A0218,2023-08-05,09:42:06,30.6,100.0,11.0,23.6869687,120.5865383
08BEAC0A0480,2023-08-05,09:42:14,32.2,100.0,9.0,23.190069,120.192365
08BEAC0A0464,2023-08-05,09:42:24,32.3,100.0,13.0,22.989813,120.203024
08BEAC0A0226,2023-08-05,09:42:46,31.7,100.0,0.0,23.2174825,120.365091
08BEAC0A0830,2023-08-05,09:42:59,31.3,100.0,0.0,22.956295,120.248057
08BEAC0A0040,2023-08-05,09:43:24,31.7,100.0,0.0,22.99133,120.230478
08BEAC0A01AA,2023-08-05,09:43:28,33.2,79.0,16.0,24.9751,121.269826
08BEAC0A0640,2023-08-05,09:43:31,32.7,100.0,15.0,23.160034,120.18215
08BEAC0A0826,2023-08-05,09:43:47,32.1,100.0,9.0,23.0865158,120.3191882
08BEAC0A07A2,2023-08-05,09:43:59,32.2,100.0,17.0,25.10392038,121.2447143
08BEAC0A0340,2023-08-05,09:44:02,33.3,100.0,15.0,22.9193352,120.2170451
08BEAC0A05AC,2023-08-05,09:44:12,32.1,100.0,1.0,22.912748,120.261227
08BEAC0A089E,2023-08-05,09:44:32,31.0,100.0,0.0,23.12107103,120.4585091
08BEAC0A0344,2023-08-05,09:45:02,31.2,100.0,14.0,24.960122,121.178153
08BEAC0A0508,2023-08-05,09:45:10,32.0,100.0,9.0,23.138713,120.324702
08BEAC0A04EC,2023-08-05,09:45:20,32.0,100.0,15.0,24.936085,121.223586
08BEAC0A080E,2023-08-05,09:45:36,33.5,100.0,10.0,23.158097,120.170618
08BEAC0A084E,2023-08-05,09:46:32,33.1,100.0,9.0,24.9785086,121.3061612
08BEAC0A06FA,2023-08-05,09:46:38,31.0,100.0,0.0,23.04435,120.470196
08BEAC0A0774,2023-08-05,09:46:39,32.3,100.0,5.0,22.992411,120.294135
08BEAC0A0398,2023-08-05,09:46:56,31.8,100.0,12.0,24.1494507,120.6816876
08BEAC0A0156,2023-08-05,09:47:06,29.7,100.0,0.0,24.0838267,120.752756
08BEAC0A019A,2023-08-05,09:47:09,32.0,100.0,10.0,23.3199,120.34515
08BEAC0A06A6,2023-08-05,09:47:10,32.6,100.0,14.0,22.977305,120.186438
08BEAC0A0296,2023-08-05,09:47:13,32.1,100.0,9.0,23.741269,120.401443
08BEAC0A0742,2023-08-05,09:47:22,31.3,100.0,12.0,23.003578,120.240161
08BEAC0A0218,2023-08-05,09:47:24,30.5,100.0,10.0,23.6869687,120.5865383
08BEAC0A0480,2023-08-05,09:47:30,32.2,100.0,10.0,23.190069,120.192365
08BEAC0A0464,2023-08-05,09:47:41,32.3,100.0,14.0,22.989813,120.203024
08BEAC0A0226,2023-08-05,09:48:03,31.7,100.0,0.0,23.2174825,120.365091
08BEAC0A0830,2023-08-05,09:48:16,31.3,100.0,0.0,22.956295,120.248057
08BEAC0A01AA,2023-08-05,09:48:42,33.2,79.0,16.0,24.9751,121.269826
08BEAC0A0040,2023-08-05,09:48:43,31.7,100.0,0.0,22.99133,120.230478
08BEAC0A0640,2023-08-05,09:48:47,32.7,100.0,16.0,23.160034,120.18215
08BEAC0A0826,2023-08-05,09:49:03,32.1,100.0,10.0,23.0865158,120.3191882
08BEAC0A07A2,2023-08-05,09:49:14,32.0,100.0,19.0,25.10392038,121.2447143
08BEAC0A0340,2023-08-05,09:49:18,33.2,100.0,16.0,22.9193352,120.2170451
08BEAC0A05AC,2023-08-05,09:49:30,32.0,100.0,0.0,22.912748,120.261227
08BEAC0A089E,2023-08-05,09:49:48,31.0,100.0,0.0,23.12107103,120.4585091
08BEAC0A0344,2023-08-05,09:50:18,31.1,100.0,14.0,24.960122,121.178153
08BEAC0A0508,2023-08-05,09:50:26,31.8,100.0,10.0,23.138713,120.324702
08BEAC0A04EC,2023-08-05,09:50:38,31.3,100.0,13.0,24.936085,121.223586
08BEAC0A080E,2023-08-05,09:50:51,33.5,100.0,10.0,23.158097,120.170618
08BEAC0A0678,2023-08-05,09:51:19,31.8,100.0,12.0,23.139376,120.138374
08BEAC0A06FA,2023-08-05,09:51:53,31.0,100.0,0.0,23.04435,120.470196
08BEAC0A0774,2023-08-05,09:51:56,32.2,100.0,6.0,22.992411,120.294135
08BEAC0A084E,2023-08-05,09:51:57,33.0,100.0,9.0,24.9785086,121.3061612
08BEAC0A0398,2023-08-05,09:52:12,31.8,100.0,12.0,24.1494507,120.6816876
08BEAC0A0156,2023-08-05,09:52:22,29.7,100.0,0.0,24.0838267,120.752756
08BEAC0A019A,2023-08-05,09:52:25,31.8,100.0,10.0,23.3199,120.34515
08BEAC0A06A6,2023-08-05,09:52:26,32.6,100.0,13.0,22.977305,120.186438
08BEAC0A0296,2023-08-05,09:52:30,32.1,100.0,12.0,23.741269,120.401443
08BEAC0A0218,2023-08-05,09:52:40,30.5,100.0,11.0,23.6869687,120.5865383
08BEAC0A0742,2023-08-05,09:52:41,31.5,100.0,13.0,23.003578,120.240161
08BEAC0A0480,2023-08-05,09:52:48,32.2,100.0,10.0,23.190069,120.192365
08BEAC0A0464,2023-08-05,09:52:58,32.3,100.0,15.0,22.989813,120.203024
08BEAC0A0226,2023-08-05,09:53:18,31.6,100.0,0.0,23.2174825,120.365091
08BEAC0A0830,2023-08-05,09:53:32,31.3,100.0,0.0,22.956295,120.248057
08BEAC0A01AA,2023-08-05,09:54:00,33.3,79.0,16.0,24.9751,121.269826
08BEAC0A0040,2023-08-05,09:54:01,31.8,100.0,0.0,22.99133,120.230478
08BEAC0A0640,2023-08-05,09:54:03,32.6,100.0,13.0,23.160034,120.18215
08BEAC0A0826,2023-08-05,09:54:18,32.0,100.0,10.0,23.0865158,120.3191882
08BEAC0A07A2,2023-08-05,09:54:30,32.0,100.0,19.0,25.10392038,121.2447143
08BEAC0A0340,2023-08-05,09:54:36,33.3,100.0,16.0,22.9193352,120.2170451
08BEAC0A089E,2023-08-05,09:55:07,31.1,100.0,0.0,23.12107103,120.4585091
08BEAC0A0344,2023-08-05,09:55:33,31.1,100.0,14.0,24.960122,121.178153
08BEAC0A0508,2023-08-05,09:55:42,31.8,100.0,9.0,23.138713,120.324702
08BEAC0A04EC,2023-08-05,09:55:54,31.3,100.0,13.0,24.936085,121.223586
08BEAC0A080E,2023-08-05,09:56:07,33.5,100.0,10.0,23.158097,120.170618
08BEAC0A0678,2023-08-05,09:56:39,32.0,100.0,11.0,23.139376,120.138374
08BEAC0A06FA,2023-08-05,09:57:10,31.1,100.0,0.0,23.04435,120.470196
08BEAC0A0774,2023-08-05,09:57:12,32.2,100.0,7.0,22.992411,120.294135
08BEAC0A0398,2023-08-05,09:57:28,31.8,100.0,13.0,24.1494507,120.6816876
08BEAC0A0156,2023-08-05,09:57:38,29.7,100.0,0.0,24.0838267,120.752756
08BEAC0A019A,2023-08-05,09:57:42,31.8,100.0,11.0,23.3199,120.34515
08BEAC0A06A6,2023-08-05,09:57:44,32.5,100.0,14.0,22.977305,120.186438
08BEAC0A0296,2023-08-05,09:57:47,32.1,100.0,11.0,23.741269,120.401443
08BEAC0A0218,2023-08-05,09:57:56,30.3,100.0,10.0,23.6869687,120.5865383
08BEAC0A084E,2023-08-05,09:57:57,33.1,100.0,9.0,24.9785086,121.3061612
08BEAC0A0742,2023-08-05,09:58:00,31.7,100.0,12.0,23.003578,120.240161
08BEAC0A0480,2023-08-05,09:58:04,32.2,100.0,9.0,23.190069,120.192365
08BEAC0A0464,2023-08-05,09:58:16,32.2,100.0,14.0,22.989813,120.203024
08BEAC0A0226,2023-08-05,09:58:33,31.6,100.0,0.0,23.2174825,120.365091
08BEAC0A0830,2023-08-05,09:58:50,31.2,100.0,0.0,22.956295,120.248057
08BEAC0A01AA,2023-08-05,09:59:16,33.2,78.0,15.0,24.9751,121.269826
08BEAC0A0040,2023-08-05,09:59:18,31.7,100.0,0.0,22.99133,120.230478
08BEAC0A0640,2023-08-05,09:59:19,32.6,100.0,14.0,23.160034,120.18215
08BEAC0A0826,2023-08-05,09:59:35,31.8,100.0,10.0,23.0865158,120.3191882
08BEAC0A07A2,2023-08-05,09:59:47,32.0,100.0,19.0,25.10392038,121.2447143
08BEAC0A0340,2023-08-05,09:59:55,33.3,100.0,16.0,22.9193352,120.2170451
08BEAC0A05AC,2023-08-05,09:59:55,31.8,100.0,0.0,22.912748,120.261227
08BEAC0A089E,2023-08-05,10:00:23,31.1,100.0,0.0,23.12107103,120.4585091
08BEAC0A0508,2023-08-05,10:00:58,31.8,100.0,9.0,23.138713,120.324702
08BEAC0A04EC,2023-08-05,10:01:12,31.3,100.0,13.0,24.936085,121.223586
08BEAC0A080E,2023-08-05,10:01:22,33.5,100.0,9.0,23.158097,120.170618
08BEAC0A0678,2023-08-05,10:02:03,32.0,100.0,12.0,23.139376,120.138374
08BEAC0A06FA,2023-08-05,10:02:25,31.0,100.0,0.0,23.04435,120.470196
08BEAC0A0774,2023-08-05,10:02:29,32.2,100.0,5.0,22.992411,120.294135
08BEAC0A0398,2023-08-05,10:02:46,31.8,100.0,13.0,24.1494507,120.6816876
08BEAC0A0156,2023-08-05,10:02:55,29.7,100.0,0.0,24.0838267,120.752756
08BEAC0A019A,2023-08-05,10:02:58,31.7,100.0,11.0,23.3199,120.34515
08BEAC0A06A6,2023-08-05,10:03:01,32.6,100.0,12.0,22.977305,120.186438
08BEAC0A0296,2023-08-05,10:03:03,32.1,100.0,9.0,23.741269,120.401443
08BEAC0A0218,2023-08-05,10:03:11,30.3,100.0,11.0,23.6869687,120.5865383
08BEAC0A0480,2023-08-05,10:03:20,32.3,100.0,10.0,23.190069,120.192365
08BEAC0A0742,2023-08-05,10:03:20,31.7,100.0,13.0,23.003578,120.240161
08BEAC0A084E,2023-08-05,10:03:24,33.1,100.0,9.0,24.9785086,121.3061612
08BEAC0A0464,2023-08-05,10:03:32,32.5,100.0,13.0,22.989813,120.203024
08BEAC0A0226,2023-08-05,10:03:48,31.3,100.0,0.0,23.2174825,120.365091
08BEAC0A0830,2023-08-05,10:04:07,31.3,100.0,0.0,22.956295,120.248057
08BEAC0A01AA,2023-08-05,10:04:31,33.2,78.0,16.0,24.9751,121.269826
08BEAC0A0040,2023-08-05,10:04:33,31.8,100.0,0.0,22.99133,120.230478
08BEAC0A0640,2023-08-05,10:04:35,32.6,100.0,14.0,23.160034,120.18215
08BEAC0A0826,2023-08-05,10:04:51,31.8,100.0,11.0,23.0865158,120.3191882
08BEAC0A07A2,2023-08-05,10:05:03,32.0,100.0,19.0,25.10392038,121.2447143
08BEAC0A0340,2023-08-05,10:05:11,33.2,100.0,15.0,22.9193352,120.2170451
08BEAC0A05AC,2023-08-05,10:05:14,31.8,100.0,1.0,22.912748,120.261227
08BEAC0A089E,2023-08-05,10:05:39,31.1,100.0,0.0,23.12107103,120.4585091
08BEAC0A0508,2023-08-05,10:06:14,31.7,100.0,10.0,23.138713,120.324702
08BEAC0A04EC,2023-08-05,10:06:29,31.2,100.0,14.0,24.936085,121.223586
08BEAC0A0344,2023-08-05,10:06:31,31.1,100.0,14.0,24.960122,121.178153
08BEAC0A080E,2023-08-05,10:06:38,33.5,100.0,10.0,23.158097,120.170618
08BEAC0A0678,2023-08-05,10:07:19,32.0,100.0,11.0,23.139376,120.138374
08BEAC0A06FA,2023-08-05,10:07:40,31.0,100.0,0.0,23.04435,120.470196
08BEAC0A0774,2023-08-05,10:07:45,32.2,100.0,6.0,22.992411,120.294135
08BEAC0A0398,2023-08-05,10:08:03,31.8,100.0,12.0,24.1494507,120.6816876
08BEAC0A0156,2023-08-05,10:08:11,29.7,100.0,0.0,24.0838267,120.752756
08BEAC0A019A,2023-08-05,10:08:14,31.7,100.0,10.0,23.3199,120.34515
08BEAC0A06A6,2023-08-05,10:08:18,32.6,100.0,14.0,22.977305,120.186438
08BEAC0A0296,2023-08-05,10:08:20,32.1,100.0,12.0,23.741269,120.401443
08BEAC0A0218,2023-08-05,10:08:26,30.2,100.0,11.0,23.6869687,120.5865383
08BEAC0A0480,2023-08-05,10:08:35,32.3,100.0,10.0,23.190069,120.192365
08BEAC0A0742,2023-08-05,10:08:42,31.8,100.0,12.0,23.003578,120.240161
08BEAC0A0464,2023-08-05,10:08:51,32.5,100.0,13.0,22.989813,120.203024
08BEAC0A084E,2023-08-05,10:08:55,33.0,100.0,9.0,24.9785086,121.3061612
08BEAC0A0226,2023-08-05,10:09:04,31.5,100.0,0.0,23.2174825,120.365091
08BEAC0A0830,2023-08-05,10:09:22,31.2,100.0,0.0,22.956295,120.248057
08BEAC0A01AA,2023-08-05,10:09:46,33.2,78.0,15.0,24.9751,121.269826
08BEAC0A0040,2023-08-05,10:09:51,31.7,100.0,0.0,22.99133,120.230478
08BEAC0A0640,2023-08-05,10:09:51,32.6,100.0,15.0,23.160034,120.18215
08BEAC0A0826,2023-08-05,10:10:10,31.8,100.0,10.0,23.0865158,120.3191882
08BEAC0A07A2,2023-08-05,10:10:20,31.8,100.0,17.0,25.10392038,121.2447143
08BEAC0A0340,2023-08-05,10:10:27,33.2,100.0,15.0,22.9193352,120.2170451
08BEAC0A05AC,2023-08-05,10:10:32,31.7,100.0,0.0,22.912748,120.261227
08BEAC0A089E,2023-08-05,10:10:54,31.1,100.0,0.0,23.12107103,120.4585091
08BEAC0A0508,2023-08-05,10:11:32,31.6,100.0,10.0,23.138713,120.324702
08BEAC0A04EC,2023-08-05,10:11:44,31.2,100.0,13.0,24.936085,121.223586
08BEAC0A0344,2023-08-05,10:11:48,31.1,100.0,14.0,24.960122,121.178153
08BEAC0A080E,2023-08-05,10:11:54,33.5,100.0,10.0,23.158097,120.170618
08BEAC0A0678,2023-08-05,10:12:41,32.1,100.0,12.0,23.139376,120.138374
08BEAC0A0774,2023-08-05,10:13:04,32.2,100.0,6.0,22.992411,120.294135
08BEAC0A0398,2023-08-05,10:13:21,31.8,100.0,13.0,24.1494507,120.6816876
08BEAC0A0156,2023-08-05,10:13:27,29.7,100.0,0.0,24.0838267,120.752756
08BEAC0A019A,2023-08-05,10:13:31,31.6,100.0,10.0,23.3199,120.34515
08BEAC0A06A6,2023-08-05,10:13:34,32.6,100.0,13.0,22.977305,120.186438
08BEAC0A0296,2023-08-05,10:13:35,32.0,100.0,13.0,23.741269,120.401443
08BEAC0A0218,2023-08-05,10:13:43,30.0,100.0,11.0,23.6869687,120.5865383
08BEAC0A0480,2023-08-05,10:13:52,32.3,100.0,10.0,23.190069,120.192365
08BEAC0A0742,2023-08-05,10:14:00,31.8,100.0,11.0,23.003578,120.240161
08BEAC0A0464,2023-08-05,10:14:08,32.3,100.0,14.0,22.989813,120.203024
08BEAC0A0226,2023-08-05,10:14:19,31.5,100.0,0.0,23.2174825,120.365091
08BEAC0A084E,2023-08-05,10:14:24,33.1,100.0,10.0,24.9785086,121.3061612
08BEAC0A0830,2023-08-05,10:14:38,31.1,100.0,0.0,22.956295,120.248057
08BEAC0A01AA,2023-08-05,10:15:01,33.1,78.0,16.0,24.9751,121.269826
08BEAC0A0640,2023-08-05,10:15:08,32.5,100.0,14.0,23.160034,120.18215
08BEAC0A0826,2023-08-05,10:15:29,31.8,100.0,10.0,23.0865158,120.3191882
08BEAC0A07A2,2023-08-05,10:15:38,31.7,100.0,17.0,25.10392038,121.2447143
08BEAC0A0340,2023-08-05,10:15:43,33.2,100.0,16.0,22.9193352,120.2170451
08BEAC0A05AC,2023-08-05,10:15:50,31.7,100.0,0.0,22.912748,120.261227
08BEAC0A089E,2023-08-05,10:16:12,31.0,100.0,0.0,23.12107103,120.4585091
08BEAC0A0508,2023-08-05,10:16:49,31.6,100.0,10.0,23.138713,120.324702
08BEAC0A04EC,2023-08-05,10:16:59,31.3,100.0,16.0,24.936085,121.223586
08BEAC0A0344,2023-08-05,10:17:05,31.1,100.0,14.0,24.960122,121.178153
08BEAC0A080E,2023-08-05,10:17:09,33.5,100.0,9.0,23.158097,120.170618
08BEAC0A06FA,2023-08-05,10:18:06,30.6,100.0,0.0,23.04435,120.470196
08BEAC0A0678,2023-08-05,10:18:07,32.0,100.0,12.0,23.139376,120.138374
08BEAC0A0780,2023-08-05,10:18:07,30.3,100.0,0.0,23.048983,120.174614
08BEAC0A0774,2023-08-05,10:18:19,32.2,100.0,5.0,22.992411,120.294135
08BEAC0A0398,2023-08-05,10:18:36,31.8,100.0,13.0,24.1494507,120.6816876
08BEAC0A0156,2023-08-05,10:18:43,29.7,100.0,0.0,24.0838267,120.752756
08BEAC0A019A,2023-08-05,10:18:46,31.6,100.0,10.0,23.3199,120.34515
08BEAC0A0296,2023-08-05,10:18:50,32.0,100.0,12.0,23.741269,120.401443
08BEAC0A06A6,2023-08-05,10:18:50,32.6,100.0,13.0,22.977305,120.186438
08BEAC0A0218,2023-08-05,10:18:58,30.0,100.0,12.0,23.6869687,120.5865383
08BEAC0A0480,2023-08-05,10:19:07,32.3,100.0,10.0,23.190069,120.192365
08BEAC0A0742,2023-08-05,10:19:18,31.7,100.0,13.0,23.003578,120.240161
08BEAC0A0464,2023-08-05,10:19:25,32.3,100.0,15.0,22.989813,120.203024
08BEAC0A0226,2023-08-05,10:19:35,31.5,100.0,0.0,23.2174825,120.365091
08BEAC0A0830,2023-08-05,10:19:57,30.8,100.0,0.0,22.956295,120.248057
08BEAC0A084E,2023-08-05,10:20:01,33.0,100.0,9.0,24.9785086,121.3061612
08BEAC0A01AA,2023-08-05,10:20:18,33.2,79.0,16.0,24.9751,121.269826
08BEAC0A0040,2023-08-05,10:20:21,31.7,100.0,0.0,22.99133,120.230478
08BEAC0A0640,2023-08-05,10:20:27,32.5,100.0,15.0,23.160034,120.18215
08BEAC0A0826,2023-08-05,10:20:44,31.8,100.0,10.0,23.0865158,120.3191882
08BEAC0A07A2,2023-08-05,10:20:53,31.5,100.0,17.0,25.10392038,121.2447143
08BEAC0A0340,2023-08-05,10:20:57,33.2,100.0,16.0,22.9193352,120.2170451
08BEAC0A05AC,2023-08-05,10:21:09,31.7,100.0,0.0,22.912748,120.261227
08BEAC0A089E,2023-08-05,10:21:30,31.0,100.0,0.0,23.12107103,120.4585091
08BEAC0A0508,2023-08-05,10:22:05,31.5,100.0,10.0,23.138713,120.324702
08BEAC0A04EC,2023-08-05,10:22:16,30.8,100.0,14.0,24.936085,121.223586
08BEAC0A0344,2023-08-05,10:22:20,31.1,100.0,15.0,24.960122,121.178153
08BEAC0A080E,2023-08-05,10:22:29,33.5,100.0,9.0,23.158097,120.170618
08BEAC0A06FA,2023-08-05,10:23:23,30.6,100.0,0.0,23.04435,120.470196
08BEAC0A0678,2023-08-05,10:23:34,32.1,100.0,13.0,23.139376,120.138374
08BEAC0A0774,2023-08-05,10:23:37,32.1,100.0,5.0,22.992411,120.294135
08BEAC0A0398,2023-08-05,10:23:53,31.8,100.0,13.0,24.1494507,120.6816876
08BEAC0A0156,2023-08-05,10:24:01,29.7,100.0,0.0,24.0838267,120.752756
08BEAC0A019A,2023-08-05,10:24:02,31.6,100.0,11.0,23.3199,120.34515
08BEAC0A0296,2023-08-05,10:24:06,32.0,100.0,12.0,23.741269,120.401443
08BEAC0A06A6,2023-08-05,10:24:07,32.6,100.0,13.0,22.977305,120.186438
08BEAC0A0218,2023-08-05,10:24:12,29.8,100.0,11.0,23.6869687,120.5865383
08BEAC0A0480,2023-08-05,10:24:24,32.3,100.0,9.0,23.190069,120.192365
08BEAC0A0742,2023-08-05,10:24:38,31.2,100.0,12.0,23.003578,120.240161
08BEAC0A0464,2023-08-05,10:24:42,32.3,100.0,13.0,22.989813,120.203024
08BEAC0A0226,2023-08-05,10:24:51,31.3,100.0,0.0,23.2174825,120.365091
08BEAC0A0830,2023-08-05,10:25:13,30.8,100.0,0.0,22.956295,120.248057
08BEAC0A084E,2023-08-05,10:25:26,33.0,100.0,9.0,24.9785086,121.3061612
08BEAC0A01AA,2023-08-05,10:25:33,33.3,79.0,16.0,24.9751,121.269826
08BEAC0A0040,2023-08-05,10:25:37,31.7,100.0,0.0,22.99133,120.230478
08BEAC0A0640,2023-08-05,10:25:44,32.5,100.0,15.0,23.160034,120.18215
08BEAC0A0826,2023-08-05,10:26:00,32.0,100.0,9.0,23.0865158,120.3191882
08BEAC0A07A2,2023-08-05,10:26:10,31.5,100.0,16.0,25.10392038,121.2447143
08BEAC0A0340,2023-08-05,10:26:12,33.2,100.0,16.0,22.9193352,120.2170451
08BEAC0A089E,2023-08-05,10:26:48,30.8,100.0,0.0,23.12107103,120.4585091
08BEAC0A0508,2023-08-05,10:27:21,31.5,100.0,11.0,23.138713,120.324702
08BEAC0A04EC,2023-08-05,10:27:33,30.7,100.0,14.0,24.936085,121.223586
08BEAC0A0344,2023-08-05,10:27:37,31.1,100.0,17.0,24.960122,121.178153
08BEAC0A080E,2023-08-05,10:27:45,33.5,100.0,9.0,23.158097,120.170618
08BEAC0A06FA,2023-08-05,10:28:39,30.5,100.0,0.0,23.04435,120.470196
08BEAC0A0678,2023-08-05,10:28:49,32.1,100.0,12.0,23.139376,120.138374
08BEAC0A0774,2023-08-05,10:28:55,32.1,100.0,5.0,22.992411,120.294135
08BEAC0A0398,2023-08-05,10:29:08,31.8,100.0,14.0,24.1494507,120.6816876
08BEAC0A0156,2023-08-05,10:29:18,29.7,100.0,0.0,24.0838267,120.752756
08BEAC0A019A,2023-08-05,10:29:19,31.7,100.0,11.0,23.3199,120.34515
08BEAC0A0296,2023-08-05,10:29:21,32.0,100.0,12.0,23.741269,120.401443
08BEAC0A06A6,2023-08-05,10:29:22,32.5,100.0,13.0,22.977305,120.186438
08BEAC0A0218,2023-08-05,10:29:29,29.7,100.0,12.0,23.6869687,120.5865383
08BEAC0A0480,2023-08-05,10:29:40,32.3,100.0,10.0,23.190069,120.192365
08BEAC0A0742,2023-08-05,10:29:56,31.5,100.0,13.0,23.003578,120.240161
08BEAC0A0464,2023-08-05,10:29:58,32.2,100.0,13.0,22.989813,120.203024
08BEAC0A0226,2023-08-05,10:30:09,31.3,100.0,0.0,23.2174825,120.365091
08BEAC0A0830,2023-08-05,10:30:30,30.8,100.0,0.0,22.956295,120.248057
08BEAC0A01AA,2023-08-05,10:30:50,33.2,79.0,16.0,24.9751,121.269826
08BEAC0A0040,2023-08-05,10:30:57,31.7,100.0,0.0,22.99133,120.230478
08BEAC0A0640,2023-08-05,10:31:00,32.5,100.0,17.0,23.160034,120.18215
08BEAC0A084E,2023-08-05,10:31:07,33.0,100.0,9.0,24.9785086,121.3061612
08BEAC0A0826,2023-08-05,10:31:16,31.8,100.0,9.0,23.0865158,120.3191882
08BEAC0A07A2,2023-08-05,10:31:25,31.5,100.0,15.0,25.10392038,121.2447143
08BEAC0A0340,2023-08-05,10:31:30,33.2,100.0,17.0,22.9193352,120.2170451
08BEAC0A05AC,2023-08-05,10:31:36,31.8,100.0,0.0,22.912748,120.261227
08BEAC0A089E,2023-08-05,10:32:04,30.6,100.0,0.0,23.12107103,120.4585091
08BEAC0A0508,2023-08-05,10:32:37,31.6,100.0,11.0,23.138713,120.324702
08BEAC0A04EC,2023-08-05,10:32:49,30.8,100.0,14.0,24.936085,121.223586
08BEAC0A0344,2023-08-05,10:32:53,31.0,100.0,15.0,24.960122,121.178153
08BEAC0A080E,2023-08-05,10:33:01,33.5,100.0,9.0,23.158097,120.170618
08BEAC0A06FA,2023-08-05,10:33:59,30.6,100.0,0.0,23.04435,120.470196
08BEAC0A0678,2023-08-05,10:34:09,32.1,100.0,12.0,23.139376,120.138374
08BEAC0A0774,2023-08-05,10:34:10,32.1,100.0,6.0,22.992411,120.294135
08BEAC0A0398,2023-08-05,10:34:24,31.8,100.0,13.0,24.1494507,120.6816876
08BEAC0A0156,2023-08-05,10:34:35,29.7,100.0,0.0,24.0838267,120.752756
08BEAC0A019A,2023-08-05,10:34:38,31.7,100.0,12.0,23.3199,120.34515
08BEAC0A0296,2023-08-05,10:34:39,32.0,100.0,13.0,23.741269,120.401443
08BEAC0A06A6,2023-08-05,10:34:41,32.5,100.0,13.0,22.977305,120.186438
08BEAC0A0218,2023-08-05,10:34:45,29.7,100.0,12.0,23.6869687,120.5865383
08BEAC0A0480,2023-08-05,10:34:57,32.2,100.0,10.0,23.190069,120.192365
08BEAC0A0742,2023-08-05,10:35:13,31.5,100.0,12.0,23.003578,120.240161
08BEAC0A0464,2023-08-05,10:35:15,32.2,100.0,13.0,22.989813,120.203024
08BEAC0A0226,2023-08-05,10:35:27,31.5,100.0,0.0,23.2174825,120.365091
08BEAC0A0830,2023-08-05,10:35:45,31.1,100.0,0.0,22.956295,120.248057
08BEAC0A01AA,2023-08-05,10:36:06,33.1,79.0,14.0,24.9751,121.269826
08BEAC0A0040,2023-08-05,10:36:13,31.7,100.0,0.0,22.99133,120.230478
08BEAC0A0640,2023-08-05,10:36:17,32.5,100.0,19.0,23.160034,120.18215
08BEAC0A084E,2023-08-05,10:36:23,33.0,100.0,9.0,24.9785086,121.3061612
08BEAC0A0826,2023-08-05,10:36:32,31.7,100.0,10.0,23.0865158,120.3191882
08BEAC0A07A2,2023-08-05,10:36:41,31.5,100.0,15.0,25.10392038,121.2447143
08BEAC0A0340,2023-08-05,10:36:48,33.2,100.0,19.0,22.9193352,120.2170451
08BEAC0A05AC,2023-08-05,10:36:55,31.8,100.0,0.0,22.912748,120.261227
08BEAC0A089E,2023-08-05,10:37:21,30.5,100.0,0.0,23.12107103,120.4585091
08BEAC0A0508,2023-08-05,10:37:53,31.5,100.0,12.0,23.138713,120.324702
08BEAC0A04EC,2023-08-05,10:38:05,31.0,100.0,14.0,24.936085,121.223586
08BEAC0A0344,2023-08-05,10:38:10,31.0,100.0,13.0,24.960122,121.178153
08BEAC0A080E,2023-08-05,10:38:16,33.5,100.0,9.0,23.158097,120.170618
08BEAC0A06FA,2023-08-05,10:39:17,30.6,100.0,0.0,23.04435,120.470196
08BEAC0A0774,2023-08-05,10:39:26,32.1,100.0,6.0,22.992411,120.294135
08BEAC0A0678,2023-08-05,10:39:31,32.1,100.0,13.0,23.139376,120.138374
08BEAC0A0398,2023-08-05,10:39:39,31.8,100.0,14.0,24.1494507,120.6816876
08BEAC0A0156,2023-08-05,10:39:50,29.7,100.0,0.0,24.0838267,120.752756
08BEAC0A019A,2023-08-05,10:39:56,31.6,100.0,11.0,23.3199,120.34515
08BEAC0A0296,2023-08-05,10:39:56,32.0,100.0,12.0,23.741269,120.401443
08BEAC0A06A6,2023-08-05,10:39:57,32.5,100.0,13.0,22.977305,120.186438
08BEAC0A0218,2023-08-05,10:40:01,29.7,100.0,13.0,23.6869687,120.5865383
08BEAC0A0480,2023-08-05,10:40:14,32.3,100.0,10.0,23.190069,120.192365
08BEAC0A0742,2023-08-05,10:40:29,31.6,100.0,13.0,23.003578,120.240161
08BEAC0A0464,2023-08-05,10:40:32,32.0,100.0,14.0,22.989813,120.203024
08BEAC0A0226,2023-08-05,10:40:43,31.5,100.0,0.0,23.2174825,120.365091
08BEAC0A0830,2023-08-05,10:41:02,31.2,100.0,0.0,22.956295,120.248057
08BEAC0A01AA,2023-08-05,10:41:22,33.0,79.0,15.0,24.9751,121.269826
08BEAC0A0640,2023-08-05,10:41:34,32.5,100.0,15.0,23.160034,120.18215
08BEAC0A0826,2023-08-05,10:41:47,31.7,100.0,10.0,23.0865158,120.3191882
08BEAC0A07A2,2023-08-05,10:41:56,31.6,100.0,15.0,25.10392038,121.2447143
08BEAC0A0040,2023-08-05,10:41:58,31.8,100.0,0.0,22.99133,120.230478
08BEAC0A0340,2023-08-05,10:42:04,33.1,100.0,17.0,22.9193352,120.2170451
08BEAC0A084E,2023-08-05,10:42:10,33.0,100.0,8.0,24.9785086,121.3061612
08BEAC0A05AC,2023-08-05,10:42:11,31.8,100.0,1.0,22.912748,120.261227
08BEAC0A089E,2023-08-05,10:42:36,30.5,100.0,0.0,23.12107103,120.4585091
08BEAC0A0508,2023-08-05,10:43:12,31.3,100.0,12.0,23.138713,120.324702
08BEAC0A04EC,2023-08-05,10:43:22,30.8,100.0,14.0,24.936085,121.223586
08BEAC0A0344,2023-08-05,10:43:25,31.0,100.0,13.0,24.960122,121.178153
08BEAC0A080E,2023-08-05,10:43:31,33.5,100.0,10.0,23.158097,120.170618
08BEAC0A06FA,2023-08-05,10:44:35,30.6,100.0,0.0,23.04435,120.470196
08BEAC0A0774,2023-08-05,10:44:43,32.2,100.0,6.0,22.992411,120.294135
08BEAC0A0678,2023-08-05,10:44:51,32.1,100.0,13.0,23.139376,120.138374
08BEAC0A0398,2023-08-05,10:44:54,31.8,100.0,13.0,24.1494507,120.6816876
08BEAC0A0156,2023-08-05,10:45:06,29.6,100.0,0.0,24.0838267,120.752756
08BEAC0A0296,2023-08-05,10:45:11,32.0,100.0,11.0,23.741269,120.401443
08BEAC0A019A,2023-08-05,10:45:12,31.6,100.0,11.0,23.3199,120.34515
08BEAC0A06A6,2023-08-05,10:45:14,32.5,100.0,14.0,22.977305,120.186438
08BEAC0A0480,2023-08-05,10:45:31,32.3,100.0,10.0,23.190069,120.192365
08BEAC0A0742,2023-08-05,10:45:48,31.5,100.0,13.0,23.003578,120.240161
08BEAC0A0464,2023-08-05,10:45:50,32.0,100.0,14.0,22.989813,120.203024
08BEAC0A0226,2023-08-05,10:46:00,31.3,100.0,0.0,23.2174825,120.365091
08BEAC0A0830,2023-08-05,10:46:18,31.2,100.0,0.0,22.956295,120.248057
08BEAC0A01AA,2023-08-05,10:46:37,33.1,79.0,15.0,24.9751,121.269826
08BEAC0A0640,2023-08-05,10:46:51,32.5,100.0,18.0,23.160034,120.18215
08BEAC0A0826,2023-08-05,10:47:04,31.8,100.0,10.0,23.0865158,120.3191882
08BEAC0A07A2,2023-08-05,10:47:13,31.5,100.0,15.0,25.10392038,121.2447143
08BEAC0A0340,2023-08-05,10:47:21,33.1,100.0,16.0,22.9193352,120.2170451
08BEAC0A05AC,2023-08-05,10:47:29,31.8,100.0,0.0,22.912748,120.261227
08BEAC0A089E,2023-08-05,10:47:53,30.5,100.0,0.0,23.12107103,120.4585091
08BEAC0A084E,2023-08-05,10:47:55,33.0,100.0,9.0,24.9785086,121.3061612
08BEAC0A0508,2023-08-05,10:48:26,31.3,100.0,11.0,23.138713,120.324702
08BEAC0A04EC,2023-08-05,10:48:38,30.6,100.0,13.0,24.936085,121.223586
08BEAC0A0344,2023-08-05,10:48:41,31.0,100.0,13.0,24.960122,121.178153
08BEAC0A080E,2023-08-05,10:48:48,33.5,100.0,9.0,23.158097,120.170618
08BEAC0A06FA,2023-08-05,10:49:54,30.6,100.0,0.0,23.04435,120.470196
08BEAC0A0774,2023-08-05,10:50:00,32.2,100.0,6.0,22.992411,120.294135
08BEAC0A0678,2023-08-05,10:50:08,32.1,100.0,13.0,23.139376,120.138374
08BEAC0A0398,2023-08-05,10:50:09,32.0,100.0,14.0,24.1494507,120.6816876
08BEAC0A0156,2023-08-05,10:50:25,29.6,100.0,0.0,24.0838267,120.752756
08BEAC0A0296,2023-08-05,10:50:28,31.8,100.0,10.0,23.741269,120.401443
08BEAC0A019A,2023-08-05,10:50:29,31.6,100.0,12.0,23.3199,120.34515
08BEAC0A06A6,2023-08-05,10:50:32,32.2,100.0,14.0,22.977305,120.186438
08BEAC0A0480,2023-08-05,10:50:47,32.3,100.0,11.0,23.190069,120.192365
08BEAC0A0742,2023-08-05,10:51:05,31.3,100.0,14.0,23.003578,120.240161
08BEAC0A0464,2023-08-05,10:51:07,32.0,100.0,14.0,22.989813,120.203024
08BEAC0A0226,2023-08-05,10:51:16,31.3,100.0,0.0,23.2174825,120.365091
08BEAC0A0830,2023-08-05,10:51:34,31.2,100.0,0.0,22.956295,120.248057
08BEAC0A01AA,2023-08-05,10:51:52,33.2,78.0,15.0,24.9751,121.269826
08BEAC0A0640,2023-08-05,10:52:09,32.5,100.0,17.0,23.160034,120.18215
08BEAC0A0826,2023-08-05,10:52:19,31.8,100.0,9.0,23.0865158,120.3191882
08BEAC0A0040,2023-08-05,10:52:26,31.7,100.0,0.0,22.99133,120.230478
08BEAC0A07A2,2023-08-05,10:52:31,31.5,100.0,16.0,25.10392038,121.2447143
08BEAC0A0340,2023-08-05,10:52:37,33.0,100.0,15.0,22.9193352,120.2170451
08BEAC0A05AC,2023-08-05,10:52:44,32.0,100.0,0.0,22.912748,120.261227
08BEAC0A089E,2023-08-05,10:53:09,30.5,100.0,0.0,23.12107103,120.4585091
08BEAC0A084E,2023-08-05,10:53:19,33.0,100.0,9.0,24.9785086,121.3061612
08BEAC0A0508,2023-08-05,10:53:43,31.3,100.0,10.0,23.138713,120.324702
08BEAC0A04EC,2023-08-05,10:53:54,30.7,100.0,13.0,24.936085,121.223586
08BEAC0A0344,2023-08-05,10:53:59,31.0,100.0,14.0,24.960122,121.178153
08BEAC0A080E,2023-08-05,10:54:03,33.3,100.0,9.0,23.158097,120.170618
08BEAC0A06FA,2023-08-05,10:55:11,30.6,100.0,0.0,23.04435,120.470196
08BEAC0A0774,2023-08-05,10:55:17,32.0,100.0,6.0,22.992411,120.294135
08BEAC0A0398,2023-08-05,10:55:24,31.8,100.0,14.0,24.1494507,120.6816876
08BEAC0A0678,2023-08-05,10:55:28,32.1,100.0,13.0,23.139376,120.138374
08BEAC0A0156,2023-08-05,10:55:42,29.6,100.0,0.0,24.0838267,120.752756
08BEAC0A019A,2023-08-05,10:55:46,31.6,100.0,12.0,23.3199,120.34515
08BEAC0A0296,2023-08-05,10:55:46,31.8,100.0,12.0,23.741269,120.401443
08BEAC0A06A6,2023-08-05,10:55:49,32.3,100.0,14.0,22.977305,120.186438
08BEAC0A0480,2023-08-05,10:56:03,32.3,100.0,12.0,23.190069,120.192365
08BEAC0A0464,2023-08-05,10:56:22,32.1,100.0,13.0,22.989813,120.203024
08BEAC0A0218,2023-08-05,10:56:23,29.8,100.0,13.0,23.6869687,120.5865383
08BEAC0A0742,2023-08-05,10:56:26,31.1,100.0,13.0,23.003578,120.240161
08BEAC0A0226,2023-08-05,10:56:31,31.2,100.0,0.0,23.2174825,120.365091
08BEAC0A0830,2023-08-05,10:56:49,31.1,100.0,0.0,22.956295,120.248057
08BEAC0A01AA,2023-08-05,10:57:09,33.0,78.0,14.0,24.9751,121.269826
08BEAC0A0640,2023-08-05,10:57:26,32.3,100.0,16.0,23.160034,120.18215
08BEAC0A0826,2023-08-05,10:57:34,31.8,100.0,9.0,23.0865158,120.3191882
08BEAC0A0040,2023-08-05,10:57:40,31.7,100.0,0.0,22.99133,120.230478
08BEAC0A07A2,2023-08-05,10:57:47,31.5,100.0,16.0,25.10392038,121.2447143
08BEAC0A0340,2023-08-05,10:57:53,33.0,100.0,14.0,22.9193352,120.2170451
08BEAC0A05AC,2023-08-05,10:58:01,31.7,100.0,0.0,22.912748,120.261227
08BEAC0A089E,2023-08-05,10:58:25,30.3,100.0,0.0,23.12107103,120.4585091
08BEAC0A084E,2023-08-05,10:58:50,33.0,100.0,8.0,24.9785086,121.3061612
08BEAC0A0508,2023-08-05,10:58:59,31.5,100.0,11.0,23.138713,120.324702
08BEAC0A04EC,2023-08-05,10:59:11,30.6,100.0,13.0,24.936085,121.223586
08BEAC0A0344,2023-08-05,10:59:14,30.8,100.0,13.0,24.960122,121.178153
08BEAC0A080E,2023-08-05,10:59:18,33.3,100.0,9.0,23.158097,120.170618
08BEAC0A06FA,2023-08-05,11:00:30,30.6,100.0,0.0,23.04435,120.470196
08BEAC0A0774,2023-08-05,11:00:34,31.8,100.0,6.0,22.992411,120.294135
08BEAC0A0398,2023-08-05,11:00:40,31.8,100.0,13.0,24.1494507,120.6816876
08BEAC0A0678,2023-08-05,11:00:53,32.2,100.0,13.0,23.139376,120.138374
08BEAC0A0156,2023-08-05,11:00:57,29.5,100.0,0.0,24.0838267,120.752756
08BEAC0A019A,2023-08-05,11:01:07,31.6,100.0,11.0,23.3199,120.34515
08BEAC0A06A6,2023-08-05,11:01:07,32.3,100.0,13.0,22.977305,120.186438
08BEAC0A0480,2023-08-05,11:01:18,32.3,100.0,10.0,23.190069,120.192365
08BEAC0A0218,2023-08-05,11:01:38,29.8,100.0,12.0,23.6869687,120.5865383
08BEAC0A0464,2023-08-05,11:01:39,32.0,100.0,13.0,22.989813,120.203024
08BEAC0A0226,2023-08-05,11:01:47,31.2,100.0,0.0,23.2174825,120.365091
08BEAC0A0742,2023-08-05,11:01:47,31.2,100.0,14.0,23.003578,120.240161
08BEAC0A0830,2023-08-05,11:02:06,30.8,100.0,0.0,22.956295,120.248057
08BEAC0A01AA,2023-08-05,11:02:24,33.1,78.0,15.0,24.9751,121.269826
08BEAC0A0640,2023-08-05,11:02:42,32.3,100.0,27.0,23.160034,120.18215
08BEAC0A0826,2023-08-05,11:02:53,32.0,100.0,10.0,23.0865158,120.3191882
08BEAC0A0040,2023-08-05,11:03:00,31.7,100.0,0.0,22.99133,120.230478
08BEAC0A07A2,2023-08-05,11:03:04,31.6,100.0,15.0,25.10392038,121.2447143
08BEAC0A0340,2023-08-05,11:03:09,33.0,100.0,16.0,22.9193352,120.2170451
08BEAC0A05AC,2023-08-05,11:03:18,31.7,100.0,0.0,22.912748,120.261227
08BEAC0A089E,2023-08-05,11:03:44,30.2,100.0,0.0,23.12107103,120.4585091
08BEAC0A0508,2023-08-05,11:04:15,31.5,100.0,13.0,23.138713,120.324702
08BEAC0A084E,2023-08-05,11:04:24,33.0,100.0,9.0,24.9785086,121.3061612
08BEAC0A04EC,2023-08-05,11:04:27,30.7,100.0,14.0,24.936085,121.223586
08BEAC0A0344,2023-08-05,11:04:30,30.8,100.0,12.0,24.960122,121.178153
08BEAC0A080E,2023-08-05,11:04:35,33.5,100.0,8.0,23.158097,120.170618
08BEAC0A06FA,2023-08-05,11:05:47,30.6,100.0,0.0,23.04435,120.470196
08BEAC0A0774,2023-08-05,11:05:51,31.7,100.0,6.0,22.992411,120.294135
08BEAC0A0398,2023-08-05,11:05:56,31.8,100.0,14.0,24.1494507,120.6816876
08BEAC0A0156,2023-08-05,11:06:14,29.5,100.0,0.0,24.0838267,120.752756
08BEAC0A0296,2023-08-05,11:06:15,31.8,100.0,10.0,23.741269,120.401443
08BEAC0A019A,2023-08-05,11:06:23,31.3,100.0,12.0,23.3199,120.34515
08BEAC0A0678,2023-08-05,11:06:23,32.1,100.0,13.0,23.139376,120.138374
08BEAC0A06A6,2023-08-05,11:06:24,32.5,100.0,13.0,22.977305,120.186438
08BEAC0A0480,2023-08-05,11:06:34,32.3,100.0,11.0,23.190069,120.192365
08BEAC0A0464,2023-08-05,11:06:55,32.0,100.0,13.0,22.989813,120.203024
08BEAC0A0218,2023-08-05,11:06:59,29.8,100.0,12.0,23.6869687,120.5865383
08BEAC0A0226,2023-08-05,11:07:05,31.1,100.0,0.0,23.2174825,120.365091
08BEAC0A0742,2023-08-05,11:07:05,31.3,100.0,12.0,23.003578,120.240161
08BEAC0A0830,2023-08-05,11:07:22,31.1,100.0,0.0,22.956295,120.248057
08BEAC0A01AA,2023-08-05,11:07:39,33.0,79.0,14.0,24.9751,121.269826
08BEAC0A0640,2023-08-05,11:07:58,32.3,100.0,19.0,23.160034,120.18215
08BEAC0A0826,2023-08-05,11:08:12,31.8,100.0,10.0,23.0865158,120.3191882
08BEAC0A0040,2023-08-05,11:08:17,31.7,100.0,0.0,22.99133,120.230478
08BEAC0A07A2,2023-08-05,11:08:21,31.3,100.0,13.0,25.10392038,121.2447143
08BEAC0A0340,2023-08-05,11:08:26,33.0,100.0,16.0,22.9193352,120.2170451
08BEAC0A05AC,2023-08-05,11:08:36,31.6,100.0,0.0,22.912748,120.261227
08BEAC0A089E,2023-08-05,11:09:00,30.2,100.0,0.0,23.12107103,120.4585091
08BEAC0A0508,2023-08-05,11:09:31,31.5,100.0,16.0,23.138713,120.324702
08BEAC0A04EC,2023-08-05,11:09:42,30.6,100.0,13.0,24.936085,121.223586
08BEAC0A0344,2023-08-05,11:09:46,30.8,100.0,12.0,24.960122,121.178153
08BEAC0A080E,2023-08-05,11:09:54,33.5,100.0,8.0,23.158097,120.170618
08BEAC0A084E,2023-08-05,11:10:00,33.0,100.0,9.0,24.9785086,121.3061612
08BEAC0A06FA,2023-08-05,11:11:03,30.6,100.0,0.0,23.04435,120.470196
08BEAC0A0774,2023-08-05,11:11:07,31.8,100.0,6.0,22.992411,120.294135
08BEAC0A0398,2023-08-05,11:11:11,31.7,100.0,13.0,24.1494507,120.6816876
08BEAC0A0156,2023-08-05,11:11:31,29.5,100.0,0.0,24.0838267,120.752756
08BEAC0A0296,2023-08-05,11:11:31,31.7,100.0,13.0,23.741269,120.401443
08BEAC0A019A,2023-08-05,11:11:39,31.3,100.0,13.0,23.3199,120.34515
08BEAC0A0678,2023-08-05,11:11:40,32.1,100.0,13.0,23.139376,120.138374
08BEAC0A06A6,2023-08-05,11:11:40,32.3,100.0,14.0,22.977305,120.186438
08BEAC0A0480,2023-08-05,11:11:50,32.3,100.0,11.0,23.190069,120.192365
08BEAC0A0464,2023-08-05,11:12:11,32.0,100.0,15.0,22.989813,120.203024
08BEAC0A0218,2023-08-05,11:12:16,29.8,100.0,12.0,23.6869687,120.5865383
08BEAC0A0226,2023-08-05,11:12:21,31.1,100.0,0.0,23.2174825,120.365091
08BEAC0A0742,2023-08-05,11:12:23,31.3,100.0,12.0,23.003578,120.240161
08BEAC0A0830,2023-08-05,11:12:40,31.0,100.0,0.0,22.956295,120.248057
08BEAC0A01AA,2023-08-05,11:12:55,33.1,78.0,15.0,24.9751,121.269826
08BEAC0A0640,2023-08-05,11:13:14,32.3,100.0,19.0,23.160034,120.18215
08BEAC0A0826,2023-08-05,11:13:28,32.0,100.0,10.0,23.0865158,120.3191882
08BEAC0A0040,2023-08-05,11:13:34,31.7,100.0,0.0,22.99133,120.230478
08BEAC0A07A2,2023-08-05,11:13:38,31.3,100.0,15.0,25.10392038,121.2447143
08BEAC0A0340,2023-08-05,11:13:41,33.0,100.0,16.0,22.9193352,120.2170451
08BEAC0A05AC,2023-08-05,11:13:51,31.6,100.0,0.0,22.912748,120.261227
08BEAC0A089E,2023-08-05,11:14:16,30.1,100.0,0.0,23.12107103,120.4585091
08BEAC0A0508,2023-08-05,11:14:46,31.3,100.0,14.0,23.138713,120.324702
08BEAC0A04EC,2023-08-05,11:14:59,30.7,100.0,14.0,24.936085,121.223586
08BEAC0A0344,2023-08-05,11:15:03,30.8,100.0,13.0,24.960122,121.178153
08BEAC0A080E,2023-08-05,11:15:10,33.5,100.0,9.0,23.158097,120.170618
08BEAC0A084E,2023-08-05,11:15:42,32.8,100.0,8.0,24.9785086,121.3061612
08BEAC0A06FA,2023-08-05,11:16:19,30.6,100.0,0.0,23.04435,120.470196
08BEAC0A0774,2023-08-05,11:16:24,32.0,100.0,6.0,22.992411,120.294135
08BEAC0A0398,2023-08-05,11:16:27,31.8,100.0,14.0,24.1494507,120.6816876
08BEAC0A0156,2023-08-05,11:16:47,29.5,100.0,0.0,24.0838267,120.752756
08BEAC0A0296,2023-08-05,11:16:49,31.8,100.0,10.0,23.741269,120.401443
08BEAC0A019A,2023-08-05,11:16:55,31.3,100.0,13.0,23.3199,120.34515
08BEAC0A06A6,2023-08-05,11:16:57,32.3,100.0,13.0,22.977305,120.186438
08BEAC0A0678,2023-08-05,11:17:00,32.0,100.0,13.0,23.139376,120.138374
08BEAC0A0480,2023-08-05,11:17:06,32.3,100.0,9.0,23.190069,120.192365
08BEAC0A0464,2023-08-05,11:17:27,32.1,100.0,13.0,22.989813,120.203024
08BEAC0A0218,2023-08-05,11:17:33,29.7,100.0,11.0,23.6869687,120.5865383
08BEAC0A0226,2023-08-05,11:17:38,31.2,100.0,0.0,23.2174825,120.365091
08BEAC0A0742,2023-08-05,11:17:42,31.3,100.0,13.0,23.003578,120.240161
08BEAC0A0830,2023-08-05,11:17:59,31.0,100.0,0.0,22.956295,120.248057
08BEAC0A01AA,2023-08-05,11:18:11,33.0,78.0,15.0,24.9751,121.269826
08BEAC0A0640,2023-08-05,11:18:30,32.3,100.0,15.0,23.160034,120.18215
08BEAC0A0826,2023-08-05,11:18:44,31.8,100.0,10.0,23.0865158,120.3191882
08BEAC0A0040,2023-08-05,11:18:50,31.7,100.0,0.0,22.99133,120.230478
08BEAC0A07A2,2023-08-05,11:18:55,31.2,100.0,15.0,25.10392038,121.2447143
08BEAC0A0340,2023-08-05,11:18:56,33.0,100.0,15.0,22.9193352,120.2170451
08BEAC0A05AC,2023-08-05,11:19:08,31.8,100.0,0.0,22.912748,120.261227
08BEAC0A089E,2023-08-05,11:19:33,29.8,100.0,0.0,23.12107103,120.4585091
08BEAC0A0508,2023-08-05,11:20:03,31.5,100.0,11.0,23.138713,120.324702
08BEAC0A04EC,2023-08-05,11:20:14,30.7,100.0,14.0,24.936085,121.223586
08BEAC0A0344,2023-08-05,11:20:18,30.8,100.0,14.0,24.960122,121.178153
08BEAC0A080E,2023-08-05,11:20:26,33.5,100.0,9.0,23.158097,120.170618
08BEAC0A084E,2023-08-05,11:21:28,32.8,100.0,8.0,24.9785086,121.3061612
08BEAC0A06FA,2023-08-05,11:21:34,30.5,100.0,0.0,23.04435,120.470196
08BEAC0A0774,2023-08-05,11:21:41,32.0,100.0,6.0,22.992411,120.294135
08BEAC0A0398,2023-08-05,11:21:43,31.8,100.0,16.0,24.1494507,120.6816876
08BEAC0A0780,2023-08-05,11:21:47,30.1,100.0,0.0,23.048983,120.174614
08BEAC0A0156,2023-08-05,11:22:04,29.3,100.0,0.0,24.0838267,120.752756
08BEAC0A0296,2023-08-05,11:22:07,31.7,100.0,10.0,23.741269,120.401443
08BEAC0A019A,2023-08-05,11:22:10,31.3,100.0,13.0,23.3199,120.34515
08BEAC0A06A6,2023-08-05,11:22:14,32.3,100.0,13.0,22.977305,120.186438
08BEAC0A0678,2023-08-05,11:22:19,31.8,100.0,13.0,23.139376,120.138374
08BEAC0A0480,2023-08-05,11:22:22,32.3,100.0,10.0,23.190069,120.192365
08BEAC0A0464,2023-08-05,11:22:43,32.1,100.0,12.0,22.989813,120.203024
08BEAC0A0218,2023-08-05,11:22:48,29.7,100.0,11.0,23.6869687,120.5865383
08BEAC0A0226,2023-08-05,11:22:55,31.2,100.0,0.0,23.2174825,120.365091
08BEAC0A0742,2023-08-05,11:23:01,31.6,100.0,14.0,23.003578,120.240161
08BEAC0A0830,2023-08-05,11:23:16,31.2,100.0,0.0,22.956295,120.248057
08BEAC0A01AA,2023-08-05,11:23:28,33.0,79.0,15.0,24.9751,121.269826
08BEAC0A0640,2023-08-05,11:23:48,32.5,100.0,15.0,23.160034,120.18215
08BEAC0A0826,2023-08-05,11:24:00,32.0,100.0,10.0,23.0865158,120.3191882
08BEAC0A0040,2023-08-05,11:24:05,31.7,100.0,0.0,22.99133,120.230478
08BEAC0A07A2,2023-08-05,11:24:11,31.5,100.0,15.0,25.10392038,121.2447143
08BEAC0A0340,2023-08-05,11:24:15,33.1,100.0,16.0,22.9193352,120.2170451
08BEAC0A05AC,2023-08-05,11:24:24,32.0,100.0,0.0,22.912748,120.261227
08BEAC0A089E,2023-08-05,11:24:48,29.8,100.0,0.0,23.12107103,120.4585091
08BEAC0A0508,2023-08-05,11:25:19,31.3,100.0,12.0,23.138713,120.324702
08BEAC0A04EC,2023-08-05,11:25:29,30.8,100.0,14.0,24.936085,121.223586
08BEAC0A0344,2023-08-05,11:25:35,30.8,100.0,13.0,24.960122,121.178153
08BEAC0A080E,2023-08-05,11:25:42,33.3,100.0,8.0,23.158097,120.170618
08BEAC0A06FA,2023-08-05,11:26:51,30.5,100.0,0.0,23.04435,120.470196
08BEAC0A084E,2023-08-05,11:26:55,32.8,100.0,8.0,24.9785086,121.3061612
08BEAC0A0774,2023-08-05,11:26:56,32.1,100.0,6.0,22.992411,120.294135
08BEAC0A0398,2023-08-05,11:26:59,31.8,100.0,16.0,24.1494507,120.6816876
08BEAC0A0156,2023-08-05,11:27:21,29.5,100.0,0.0,24.0838267,120.752756
08BEAC0A0296,2023-08-05,11:27:24,31.7,100.0,10.0,23.741269,120.401443
08BEAC0A019A,2023-08-05,11:27:26,31.3,100.0,14.0,23.3199,120.34515
08BEAC0A06A6,2023-08-05,11:27:30,32.3,100.0,13.0,22.977305,120.186438
08BEAC0A0480,2023-08-05,11:27:37,32.3,100.0,10.0,23.190069,120.192365
08BEAC0A0678,2023-08-05,11:27:37,31.8,100.0,12.0,23.139376,120.138374
08BEAC0A0464,2023-08-05,11:28:02,32.2,100.0,13.0,22.989813,120.203024
08BEAC0A0218,2023-08-05,11:28:04,29.8,100.0,11.0,23.6869687,120.5865383
08BEAC0A0226,2023-08-05,11:28:13,31.1,100.0,0.0,23.2174825,120.365091
08BEAC0A0742,2023-08-05,11:28:22,31.7,100.0,13.0,23.003578,120.240161
08BEAC0A0830,2023-08-05,11:28:31,31.2,100.0,0.0,22.956295,120.248057
08BEAC0A01AA,2023-08-05,11:28:43,33.1,78.0,15.0,24.9751,121.269826
08BEAC0A0640,2023-08-05,11:29:05,32.3,100.0,19.0,23.160034,120.18215
08BEAC0A0826,2023-08-05,11:29:18,31.8,100.0,10.0,23.0865158,120.3191882
08BEAC0A0040,2023-08-05,11:29:22,31.6,100.0,0.0,22.99133,120.230478
08BEAC0A07A2,2023-08-05,11:29:27,31.6,100.0,14.0,25.10392038,121.2447143
08BEAC0A0340,2023-08-05,11:29:32,33.1,100.0,15.0,22.9193352,120.2170451
08BEAC0A05AC,2023-08-05,11:29:40,32.1,100.0,0.0,22.912748,120.261227
08BEAC0A089E,2023-08-05,11:30:08,29.8,100.0,0.0,23.12107103,120.4585091
08BEAC0A0508,2023-08-05,11:30:37,31.3,100.0,11.0,23.138713,120.324702
08BEAC0A04EC,2023-08-05,11:30:46,30.6,100.0,14.0,24.936085,121.223586
08BEAC0A0344,2023-08-05,11:30:50,30.8,100.0,13.0,24.960122,121.178153
08BEAC0A080E,2023-08-05,11:30:58,33.3,100.0,8.0,23.158097,120.170618
08BEAC0A06FA,2023-08-05,11:32:09,30.5,100.0,0.0,23.04435,120.470196
08BEAC0A084E,2023-08-05,11:32:12,32.8,100.0,8.0,24.9785086,121.3061612
08BEAC0A0774,2023-08-05,11:32:13,32.0,100.0,7.0,22.992411,120.294135
08BEAC0A0398,2023-08-05,11:32:17,31.7,100.0,15.0,24.1494507,120.6816876
08BEAC0A0156,2023-08-05,11:32:37,29.5,100.0,0.0,24.0838267,120.752756
08BEAC0A0296,2023-08-05,11:32:39,31.8,100.0,10.0,23.741269,120.401443
08BEAC0A019A,2023-08-05,11:32:43,31.3,100.0,13.0,23.3199,120.34515
08BEAC0A06A6,2023-08-05,11:32:44,32.3,100.0,13.0,22.977305,120.186438
08BEAC0A0480,2023-08-05,11:32:55,32.3,100.0,10.0,23.190069,120.192365
08BEAC0A0678,2023-08-05,11:32:55,32.0,100.0,12.0,23.139376,120.138374
08BEAC0A0464,2023-08-05,11:33:18,32.2,100.0,13.0,22.989813,120.203024
08BEAC0A0218,2023-08-05,11:33:21,29.8,100.0,11.0,23.6869687,120.5865383
08BEAC0A0226,2023-08-05,11:33:32,31.1,100.0,0.0,23.2174825,120.365091
08BEAC0A0742,2023-08-05,11:33:43,32.0,100.0,13.0,23.003578,120.240161
08BEAC0A0830,2023-08-05,11:33:47,31.1,100.0,0.0,22.956295,120.248057
08BEAC0A01AA,2023-08-05,11:33:57,33.1,78.0,14.0,24.9751,121.269826
08BEAC0A0640,2023-08-05,11:34:20,32.3,100.0,17.0,23.160034,120.18215
08BEAC0A0826,2023-08-05,11:34:34,31.7,100.0,9.0,23.0865158,120.3191882
08BEAC0A0040,2023-08-05,11:34:41,31.6,100.0,0.0,22.99133,120.230478
08BEAC0A07A2,2023-08-05,11:34:43,31.3,100.0,13.0,25.10392038,121.2447143
08BEAC0A0340,2023-08-05,11:34:50,33.1,100.0,17.0,22.9193352,120.2170451
08BEAC0A05AC,2023-08-05,11:34:55,32.1,100.0,0.0,22.912748,120.261227
08BEAC0A089E,2023-08-05,11:35:25,29.8,100.0,0.0,23.12107103,120.4585091
08BEAC0A0508,2023-08-05,11:35:54,31.3,100.0,11.0,23.138713,120.324702
08BEAC0A04EC,2023-08-05,11:36:02,30.6,100.0,14.0,24.936085,121.223586
08BEAC0A0344,2023-08-05,11:36:07,31.1,100.0,12.0,24.960122,121.178153
08BEAC0A080E,2023-08-05,11:36:14,33.5,100.0,9.0,23.158097,120.170618
08BEAC0A06FA,2023-08-05,11:37:27,30.5,100.0,0.0,23.04435,120.470196
08BEAC0A0774,2023-08-05,11:37:29,32.0,100.0,6.0,22.992411,120.294135
08BEAC0A0398,2023-08-05,11:37:33,31.7,100.0,14.0,24.1494507,120.6816876
08BEAC0A084E,2023-08-05,11:37:36,32.8,100.0,9.0,24.9785086,121.3061612
08BEAC0A0156,2023-08-05,11:37:54,29.5,100.0,0.0,24.0838267,120.752756
08BEAC0A0296,2023-08-05,11:37:55,31.7,100.0,10.0,23.741269,120.401443
08BEAC0A019A,2023-08-05,11:37:58,31.3,100.0,15.0,23.3199,120.34515
08BEAC0A06A6,2023-08-05,11:37:59,32.2,100.0,13.0,22.977305,120.186438
08BEAC0A0480,2023-08-05,11:38:10,32.2,100.0,10.0,23.190069,120.192365
08BEAC0A0678,2023-08-05,11:38:15,31.8,100.0,13.0,23.139376,120.138374
08BEAC0A0464,2023-08-05,11:38:35,32.1,100.0,10.0,22.989813,120.203024
08BEAC0A0218,2023-08-05,11:38:36,29.7,100.0,12.0,23.6869687,120.5865383
08BEAC0A0226,2023-08-05,11:38:48,31.1,100.0,0.0,23.2174825,120.365091
08BEAC0A0742,2023-08-05,11:39:01,31.5,100.0,12.0,23.003578,120.240161
08BEAC0A0830,2023-08-05,11:39:02,31.0,100.0,0.0,22.956295,120.248057
08BEAC0A01AA,2023-08-05,11:39:13,33.1,78.0,15.0,24.9751,121.269826
08BEAC0A0640,2023-08-05,11:39:36,32.3,100.0,16.0,23.160034,120.18215
08BEAC0A0826,2023-08-05,11:39:49,31.7,100.0,10.0,23.0865158,120.3191882
08BEAC0A0040,2023-08-05,11:39:56,31.6,100.0,0.0,22.99133,120.230478
08BEAC0A07A2,2023-08-05,11:39:59,31.5,100.0,12.0,25.10392038,121.2447143
08BEAC0A0340,2023-08-05,11:40:05,33.1,100.0,16.0,22.9193352,120.2170451
08BEAC0A05AC,2023-08-05,11:40:12,32.1,100.0,0.0,22.912748,120.261227
08BEAC0A089E,2023-08-05,11:40:40,29.7,100.0,0.0,23.12107103,120.4585091
08BEAC0A0508,2023-08-05,11:41:13,31.3,100.0,12.0,23.138713,120.324702
08BEAC0A04EC,2023-08-05,11:41:19,30.6,100.0,14.0,24.936085,121.223586
08BEAC0A0344,2023-08-05,11:41:22,31.2,100.0,12.0,24.960122,121.178153
08BEAC0A080E,2023-08-05,11:41:31,33.3,100.0,8.0,23.158097,120.170618
08BEAC0A0774,2023-08-05,11:42:44,31.8,100.0,6.0,22.992411,120.294135
08BEAC0A06FA,2023-08-05,11:42:46,30.3,100.0,0.0,23.04435,120.470196
08BEAC0A0398,2023-08-05,11:42:49,31.7,100.0,14.0,24.1494507,120.6816876
08BEAC0A084E,2023-08-05,11:43:02,32.7,100.0,8.0,24.9785086,121.3061612
08BEAC0A0156,2023-08-05,11:43:13,29.5,100.0,0.0,24.0838267,120.752756
08BEAC0A019A,2023-08-05,11:43:14,31.3,100.0,15.0,23.3199,120.34515
08BEAC0A0296,2023-08-05,11:43:14,31.7,100.0,11.0,23.741269,120.401443
08BEAC0A06A6,2023-08-05,11:43:15,32.3,100.0,12.0,22.977305,120.186438
08BEAC0A0480,2023-08-05,11:43:27,32.3,100.0,11.0,23.190069,120.192365
08BEAC0A0678,2023-08-05,11:43:41,32.0,100.0,12.0,23.139376,120.138374
08BEAC0A0464,2023-08-05,11:43:51,32.0,100.0,13.0,22.989813,120.203024
08BEAC0A0218,2023-08-05,11:43:52,29.7,100.0,11.0,23.6869687,120.5865383
08BEAC0A0226,2023-08-05,11:44:04,31.1,100.0,0.0,23.2174825,120.365091
08BEAC0A0830,2023-08-05,11:44:18,31.1,100.0,0.0,22.956295,120.248057
08BEAC0A0742,2023-08-05,11:44:22,31.5,100.0,12.0,23.003578,120.240161
08BEAC0A01AA,2023-08-05,11:44:30,33.0,79.0,14.0,24.9751,121.269826
08BEAC0A0640,2023-08-05,11:44:51,32.3,100.0,16.0,23.160034,120.18215
08BEAC0A0826,2023-08-05,11:45:05,31.8,100.0,10.0,23.0865158,120.3191882
08BEAC0A0040,2023-08-05,11:45:11,31.6,100.0,0.0,22.99133,120.230478
08BEAC0A07A2,2023-08-05,11:45:15,31.5,100.0,12.0,25.10392038,121.2447143
08BEAC0A0340,2023-08-05,11:45:22,33.0,100.0,16.0,22.9193352,120.2170451
08BEAC0A05AC,2023-08-05,11:45:32,32.1,100.0,0.0,22.912748,120.261227
08BEAC0A089E,2023-08-05,11:45:56,29.7,100.0,0.0,23.12107103,120.4585091
08BEAC0A0508,2023-08-05,11:46:28,31.1,100.0,11.0,23.138713,120.324702
08BEAC0A04EC,2023-08-05,11:46:34,30.7,100.0,15.0,24.936085,121.223586
08BEAC0A0344,2023-08-05,11:46:39,31.1,100.0,13.0,24.960122,121.178153
08BEAC0A080E,2023-08-05,11:46:49,33.3,100.0,9.0,23.158097,120.170618
08BEAC0A0774,2023-08-05,11:48:01,31.8,100.0,6.0,22.992411,120.294135
08BEAC0A06FA,2023-08-05,11:48:03,30.3,100.0,0.0,23.04435,120.470196
08BEAC0A0398,2023-08-05,11:48:06,31.7,100.0,14.0,24.1494507,120.6816876
08BEAC0A084E,2023-08-05,11:48:24,32.7,100.0,9.0,24.9785086,121.3061612
08BEAC0A019A,2023-08-05,11:48:29,31.3,100.0,14.0,23.3199,120.34515
08BEAC0A0156,2023-08-05,11:48:30,29.5,100.0,0.0,24.0838267,120.752756
08BEAC0A0296,2023-08-05,11:48:30,31.6,100.0,9.0,23.741269,120.401443
08BEAC0A06A6,2023-08-05,11:48:32,32.3,100.0,12.0,22.977305,120.186438
08BEAC0A0480,2023-08-05,11:48:42,32.3,100.0,10.0,23.190069,120.192365
08BEAC0A0678,2023-08-05,11:48:57,32.0,100.0,13.0,23.139376,120.138374
08BEAC0A0464,2023-08-05,11:49:07,31.8,100.0,12.0,22.989813,120.203024
08BEAC0A0218,2023-08-05,11:49:10,29.7,100.0,11.0,23.6869687,120.5865383
08BEAC0A0226,2023-08-05,11:49:21,31.1,100.0,0.0,23.2174825,120.365091
08BEAC0A0830,2023-08-05,11:49:34,31.1,100.0,0.0,22.956295,120.248057
08BEAC0A0742,2023-08-05,11:49:42,31.7,100.0,14.0,23.003578,120.240161
08BEAC0A01AA,2023-08-05,11:49:47,33.1,78.0,14.0,24.9751,121.269826
08BEAC0A0640,2023-08-05,11:50:07,32.3,100.0,21.0,23.160034,120.18215
08BEAC0A0826,2023-08-05,11:50:21,31.8,100.0,10.0,23.0865158,120.3191882
08BEAC0A0040,2023-08-05,11:50:27,31.5,100.0,0.0,22.99133,120.230478
08BEAC0A07A2,2023-08-05,11:50:32,31.3,100.0,13.0,25.10392038,121.2447143
08BEAC0A0340,2023-08-05,11:50:40,33.0,100.0,15.0,22.9193352,120.2170451
08BEAC0A05AC,2023-08-05,11:50:49,32.0,100.0,0.0,22.912748,120.261227
08BEAC0A089E,2023-08-05,11:51:12,29.6,100.0,0.0,23.12107103,120.4585091
08BEAC0A0508,2023-08-05,11:51:44,31.3,100.0,11.0,23.138713,120.324702
08BEAC0A04EC,2023-08-05,11:51:50,30.7,100.0,14.0,24.936085,121.223586
08BEAC0A0344,2023-08-05,11:51:53,31.2,100.0,12.0,24.960122,121.178153
08BEAC0A080E,2023-08-05,11:52:05,33.3,100.0,8.0,23.158097,120.170618
08BEAC0A0774,2023-08-05,11:53:17,31.8,100.0,5.0,22.992411,120.294135
08BEAC0A0398,2023-08-05,11:53:21,31.7,100.0,14.0,24.1494507,120.6816876
08BEAC0A06FA,2023-08-05,11:53:22,30.2,100.0,0.0,23.04435,120.470196
08BEAC0A0156,2023-08-05,11:53:45,29.5,100.0,0.0,24.0838267,120.752756
08BEAC0A019A,2023-08-05,11:53:45,31.3,100.0,14.0,23.3199,120.34515
08BEAC0A0296,2023-08-05,11:53:47,31.6,100.0,10.0,23.741269,120.401443
08BEAC0A06A6,2023-08-05,11:53:48,32.3,100.0,12.0,22.977305,120.186438
08BEAC0A084E,2023-08-05,11:53:52,32.7,100.0,8.0,24.9785086,121.3061612
08BEAC0A0480,2023-08-05,11:53:58,32.3,100.0,11.0,23.190069,120.192365
08BEAC0A0678,2023-08-05,11:54:15,32.0,100.0,12.0,23.139376,120.138374
08BEAC0A0464,2023-08-05,11:54:24,31.7,100.0,12.0,22.989813,120.203024
08BEAC0A0218,2023-08-05,11:54:25,29.7,100.0,11.0,23.6869687,120.5865383
08BEAC0A0226,2023-08-05,11:54:36,31.1,100.0,0.0,23.2174825,120.365091
08BEAC0A0830,2023-08-05,11:54:51,31.0,100.0,0.0,22.956295,120.248057
08BEAC0A01AA,2023-08-05,11:55:03,33.1,78.0,14.0,24.9751,121.269826
08BEAC0A0742,2023-08-05,11:55:03,31.8,100.0,12.0,23.003578,120.240161
08BEAC0A0640,2023-08-05,11:55:23,32.2,100.0,16.0,23.160034,120.18215
08BEAC0A0826,2023-08-05,11:55:37,31.7,100.0,10.0,23.0865158,120.3191882
08BEAC0A0040,2023-08-05,11:55:46,31.6,100.0,0.0,22.99133,120.230478
08BEAC0A07A2,2023-08-05,11:55:49,31.6,100.0,13.0,25.10392038,121.2447143
08BEAC0A0340,2023-08-05,11:55:56,33.0,100.0,17.0,22.9193352,120.2170451
08BEAC0A05AC,2023-08-05,11:56:05,32.1,100.0,0.0,22.912748,120.261227
08BEAC0A089E,2023-08-05,11:56:30,29.7,100.0,0.0,23.12107103,120.4585091
08BEAC0A0508,2023-08-05,11:57:01,31.3,100.0,13.0,23.138713,120.324702
08BEAC0A04EC,2023-08-05,11:57:07,30.7,100.0,13.0,24.936085,121.223586
08BEAC0A0344,2023-08-05,11:57:09,31.1,100.0,12.0,24.960122,121.178153
08BEAC0A080E,2023-08-05,11:57:21,33.3,100.0,8.0,23.158097,120.170618
08BEAC0A0774,2023-08-05,11:58:34,31.7,100.0,6.0,22.992411,120.294135
08BEAC0A0398,2023-08-05,11:58:36,31.7,100.0,14.0,24.1494507,120.6816876
08BEAC0A06FA,2023-08-05,11:58:40,30.2,100.0,0.0,23.04435,120.470196
08BEAC0A019A,2023-08-05,11:59:01,31.3,100.0,14.0,23.3199,120.34515
08BEAC0A0156,2023-08-05,11:59:02,29.5,100.0,0.0,24.0838267,120.752756
08BEAC0A0296,2023-08-05,11:59:04,31.6,100.0,9.0,23.741269,120.401443
08BEAC0A06A6,2023-08-05,11:59:06,32.2,100.0,13.0,22.977305,120.186438
08BEAC0A0480,2023-08-05,11:59:13,32.3,100.0,10.0,23.190069,120.192365
08BEAC0A084E,2023-08-05,11:59:24,32.7,100.0,8.0,24.9785086,121.3061612
08BEAC0A0678,2023-08-05,11:59:31,32.0,100.0,12.0,23.139376,120.138374
08BEAC0A0218,2023-08-05,11:59:42,29.7,100.0,11.0,23.6869687,120.5865383
08BEAC0A0464,2023-08-05,11:59:42,31.7,100.0,13.0,22.989813,120.203024
08BEAC0A0226,2023-08-05,11:59:52,31.0,100.0,0.0,23.2174825,120.365091
08BEAC0A0830,2023-08-05,12:00:06,31.1,100.0,0.0,22.956295,120.248057
08BEAC0A01AA,2023-08-05,12:00:21,33.1,78.0,14.0,24.9751,121.269826
08BEAC0A0742,2023-08-05,12:00:23,31.7,100.0,13.0,23.003578,120.240161
08BEAC0A0640,2023-08-05,12:00:39,32.2,100.0,15.0,23.160034,120.18215
08BEAC0A0826,2023-08-05,12:00:53,31.7,100.0,9.0,23.0865158,120.3191882
08BEAC0A0040,2023-08-05,12:01:05,31.5,100.0,0.0,22.99133,120.230478
08BEAC0A07A2,2023-08-05,12:01:10,31.3,100.0,13.0,25.10392038,121.2447143
08BEAC0A0340,2023-08-05,12:01:14,33.1,100.0,16.0,22.9193352,120.2170451
08BEAC0A05AC,2023-08-05,12:01:20,32.0,100.0,0.0,22.912748,120.261227
08BEAC0A089E,2023-08-05,12:01:47,29.5,100.0,0.0,23.12107103,120.4585091
08BEAC0A0508,2023-08-05,12:02:17,31.5,100.0,12.0,23.138713,120.324702
08BEAC0A0344,2023-08-05,12:02:24,31.0,100.0,12.0,24.960122,121.178153
08BEAC0A04EC,2023-08-05,12:02:26,30.5,100.0,14.0,24.936085,121.223586
08BEAC0A080E,2023-08-05,12:02:36,33.3,100.0,9.0,23.158097,120.170618
08BEAC0A0774,2023-08-05,12:03:51,31.7,100.0,5.0,22.992411,120.294135
08BEAC0A0398,2023-08-05,12:03:54,31.7,100.0,13.0,24.1494507,120.6816876
08BEAC0A06FA,2023-08-05,12:03:55,30.2,100.0,0.0,23.04435,120.470196
08BEAC0A019A,2023-08-05,12:04:17,31.2,100.0,13.0,23.3199,120.34515
08BEAC0A0156,2023-08-05,12:04:19,29.5,100.0,0.0,24.0838267,120.752756
08BEAC0A0296,2023-08-05,12:04:21,31.6,100.0,10.0,23.741269,120.401443
08BEAC0A06A6,2023-08-05,12:04:21,32.3,100.0,13.0,22.977305,120.186438
08BEAC0A0480,2023-08-05,12:04:31,32.3,100.0,9.0,23.190069,120.192365
08BEAC0A0678,2023-08-05,12:04:51,32.0,100.0,12.0,23.139376,120.138374
08BEAC0A0464,2023-08-05,12:04:57,31.7,100.0,13.0,22.989813,120.203024
08BEAC0A0218,2023-08-05,12:05:01,29.8,100.0,11.0,23.6869687,120.5865383
08BEAC0A0226,2023-08-05,12:05:09,30.8,100.0,0.0,23.2174825,120.365091
08BEAC0A084E,2023-08-05,12:05:12,32.7,100.0,8.0,24.9785086,121.3061612
08BEAC0A0830,2023-08-05,12:05:25,31.1,100.0,0.0,22.956295,120.248057
08BEAC0A01AA,2023-08-05,12:05:37,33.1,78.0,14.0,24.9751,121.269826
08BEAC0A0742,2023-08-05,12:05:44,31.7,100.0,14.0,23.003578,120.240161
08BEAC0A0640,2023-08-05,12:05:56,32.1,100.0,15.0,23.160034,120.18215
08BEAC0A0826,2023-08-05,12:06:08,31.7,100.0,10.0,23.0865158,120.3191882
08BEAC0A0040,2023-08-05,12:06:23,31.5,100.0,0.0,22.99133,120.230478
08BEAC0A07A2,2023-08-05,12:06:28,31.6,100.0,11.0,25.10392038,121.2447143
08BEAC0A0340,2023-08-05,12:06:30,33.1,100.0,15.0,22.9193352,120.2170451
08BEAC0A05AC,2023-08-05,12:06:36,31.8,100.0,0.0,22.912748,120.261227
08BEAC0A089E,2023-08-05,12:07:02,29.3,100.0,0.0,23.12107103,120.4585091
08BEAC0A0508,2023-08-05,12:07:34,31.3,100.0,14.0,23.138713,120.324702
08BEAC0A04EC,2023-08-05,12:07:40,30.3,100.0,13.0,24.936085,121.223586
08BEAC0A0344,2023-08-05,12:07:41,31.0,100.0,11.0,24.960122,121.178153
08BEAC0A080E,2023-08-05,12:07:53,33.3,100.0,8.0,23.158097,120.170618
08BEAC0A0774,2023-08-05,12:09:05,31.7,100.0,5.0,22.992411,120.294135
08BEAC0A0398,2023-08-05,12:09:11,31.7,100.0,14.0,24.1494507,120.6816876
08BEAC0A06FA,2023-08-05,12:09:12,30.2,100.0,0.0,23.04435,120.470196
08BEAC0A019A,2023-08-05,12:09:34,31.2,100.0,13.0,23.3199,120.34515
08BEAC0A0156,2023-08-05,12:09:35,29.6,100.0,0.0,24.0838267,120.752756
08BEAC0A0296,2023-08-05,12:09:36,31.6,100.0,12.0,23.741269,120.401443
08BEAC0A06A6,2023-08-05,12:09:38,32.2,100.0,13.0,22.977305,120.186438
08BEAC0A0480,2023-08-05,12:09:49,32.3,100.0,11.0,23.190069,120.192365
08BEAC0A0678,2023-08-05,12:10:07,32.1,100.0,12.0,23.139376,120.138374
08BEAC0A0464,2023-08-05,12:10:14,31.7,100.0,12.0,22.989813,120.203024
08BEAC0A0218,2023-08-05,12:10:21,29.8,100.0,10.0,23.6869687,120.5865383
08BEAC0A0226,2023-08-05,12:10:25,31.0,100.0,0.0,23.2174825,120.365091
08BEAC0A0830,2023-08-05,12:10:41,30.8,100.0,0.0,22.956295,120.248057
08BEAC0A084E,2023-08-05,12:10:48,32.7,100.0,8.0,24.9785086,121.3061612
08BEAC0A01AA,2023-08-05,12:10:51,33.0,78.0,15.0,24.9751,121.269826
08BEAC0A0742,2023-08-05,12:11:02,31.6,100.0,13.0,23.003578,120.240161
08BEAC0A0640,2023-08-05,12:11:12,32.2,100.0,13.0,23.160034,120.18215
08BEAC0A0826,2023-08-05,12:11:25,31.8,100.0,10.0,23.0865158,120.3191882
08BEAC0A0040,2023-08-05,12:11:38,31.6,100.0,0.0,22.99133,120.230478
08BEAC0A07A2,2023-08-05,12:11:45,31.3,100.0,10.0,25.10392038,121.2447143
08BEAC0A0340,2023-08-05,12:11:46,33.1,100.0,14.0,22.9193352,120.2170451
08BEAC0A05AC,2023-08-05,12:11:53,32.0,100.0,0.0,22.912748,120.261227
08BEAC0A089E,2023-08-05,12:12:17,29.2,100.0,0.0,23.12107103,120.4585091
08BEAC0A0508,2023-08-05,12:12:50,31.3,100.0,13.0,23.138713,120.324702
08BEAC0A04EC,2023-08-05,12:12:55,30.3,100.0,12.0,24.936085,121.223586
08BEAC0A0344,2023-08-05,12:12:57,31.0,100.0,12.0,24.960122,121.178153
08BEAC0A080E,2023-08-05,12:13:10,33.3,100.0,8.0,23.158097,120.170618
08BEAC0A0774,2023-08-05,12:14:19,31.7,100.0,6.0,22.992411,120.294135
08BEAC0A0398,2023-08-05,12:14:28,31.6,100.0,13.0,24.1494507,120.6816876
08BEAC0A06FA,2023-08-05,12:14:28,30.2,100.0,0.0,23.04435,120.470196
08BEAC0A019A,2023-08-05,12:14:49,31.2,100.0,15.0,23.3199,120.34515
08BEAC0A0156,2023-08-05,12:14:51,29.5,100.0,0.0,24.0838267,120.752756
08BEAC0A0296,2023-08-05,12:14:52,31.6,100.0,12.0,23.741269,120.401443
08BEAC0A06A6,2023-08-05,12:14:52,32.2,100.0,13.0,22.977305,120.186438
08BEAC0A0480,2023-08-05,12:15:04,32.3,100.0,9.0,23.190069,120.192365
08BEAC0A0678,2023-08-05,12:15:24,32.0,100.0,12.0,23.139376,120.138374
08BEAC0A0464,2023-08-05,12:15:30,31.7,100.0,12.0,22.989813,120.203024
08BEAC0A0218,2023-08-05,12:15:39,29.7,100.0,10.0,23.6869687,120.5865383
08BEAC0A0226,2023-08-05,12:15:42,31.1,100.0,0.0,23.2174825,120.365091
08BEAC0A0830,2023-08-05,12:15:57,30.8,100.0,0.0,22.956295,120.248057
08BEAC0A01AA,2023-08-05,12:16:08,33.1,78.0,14.0,24.9751,121.269826
08BEAC0A084E,2023-08-05,12:16:12,32.7,100.0,8.0,24.9785086,121.3061612
08BEAC0A0742,2023-08-05,12:16:19,31.8,100.0,13.0,23.003578,120.240161
08BEAC0A0640,2023-08-05,12:16:30,32.2,100.0,16.0,23.160034,120.18215
08BEAC0A0826,2023-08-05,12:16:43,31.8,100.0,9.0,23.0865158,120.3191882
08BEAC0A0040,2023-08-05,12:16:55,31.6,100.0,0.0,22.99133,120.230478
08BEAC0A07A2,2023-08-05,12:16:59,31.6,100.0,11.0,25.10392038,121.2447143
08BEAC0A0340,2023-08-05,12:17:03,33.1,100.0,15.0,22.9193352,120.2170451
08BEAC0A05AC,2023-08-05,12:17:10,32.0,100.0,0.0,22.912748,120.261227
08BEAC0A089E,2023-08-05,12:17:34,29.5,100.0,0.0,23.12107103,120.4585091
08BEAC0A0508,2023-08-05,12:18:05,31.3,100.0,12.0,23.138713,120.324702
08BEAC0A04EC,2023-08-05,12:18:12,30.3,100.0,11.0,24.936085,121.223586
08BEAC0A0344,2023-08-05,12:18:15,30.8,100.0,12.0,24.960122,121.178153
08BEAC0A080E,2023-08-05,12:18:29,33.3,100.0,8.0,23.158097,120.170618
08BEAC0A0774,2023-08-05,12:19:37,31.7,100.0,5.0,22.992411,120.294135
08BEAC0A0398,2023-08-05,12:19:42,31.6,100.0,13.0,24.1494507,120.6816876
08BEAC0A06FA,2023-08-05,12:19:42,30.2,100.0,0.0,23.04435,120.470196
08BEAC0A019A,2023-08-05,12:20:06,31.3,100.0,15.0,23.3199,120.34515
08BEAC0A06A6,2023-08-05,12:20:08,32.2,100.0,13.0,22.977305,120.186438
08BEAC0A0156,2023-08-05,12:20:09,29.5,100.0,0.0,24.0838267,120.752756
08BEAC0A0296,2023-08-05,12:20:09,31.5,100.0,10.0,23.741269,120.401443
08BEAC0A0480,2023-08-05,12:20:22,32.3,100.0,10.0,23.190069,120.192365
08BEAC0A0678,2023-08-05,12:20:39,32.0,100.0,12.0,23.139376,120.138374
08BEAC0A0464,2023-08-05,12:20:45,31.7,100.0,13.0,22.989813,120.203024
08BEAC0A0218,2023-08-05,12:20:56,29.7,100.0,10.0,23.6869687,120.5865383
08BEAC0A0226,2023-08-05,12:20:59,31.0,100.0,0.0,23.2174825,120.365091
08BEAC0A0830,2023-08-05,12:21:13,30.8,100.0,0.0,22.956295,120.248057
08BEAC0A01AA,2023-08-05,12:21:24,33.1,78.0,14.0,24.9751,121.269826
08BEAC0A084E,2023-08-05,12:21:35,32.6,100.0,8.0,24.9785086,121.3061612
08BEAC0A0742,2023-08-05,12:21:40,31.0,100.0,13.0,23.003578,120.240161
08BEAC0A0640,2023-08-05,12:21:46,32.3,100.0,16.0,23.160034,120.18215
08BEAC0A0826,2023-08-05,12:21:59,31.8,100.0,10.0,23.0865158,120.3191882
08BEAC0A0040,2023-08-05,12:22:13,31.6,100.0,0.0,22.99133,120.230478
08BEAC0A07A2,2023-08-05,12:22:18,31.5,100.0,12.0,25.10392038,121.2447143
08BEAC0A0340,2023-08-05,12:22:20,33.1,100.0,15.0,22.9193352,120.2170451
08BEAC0A05AC,2023-08-05,12:22:27,32.1,100.0,0.0,22.912748,120.261227
08BEAC0A089E,2023-08-05,12:22:50,29.6,100.0,0.0,23.12107103,120.4585091
08BEAC0A0508,2023-08-05,12:23:22,31.3,100.0,11.0,23.138713,120.324702
08BEAC0A04EC,2023-08-05,12:23:27,30.3,100.0,12.0,24.936085,121.223586
08BEAC0A0344,2023-08-05,12:23:30,31.0,100.0,12.0,24.960122,121.178153
08BEAC0A080E,2023-08-05,12:23:46,33.3,100.0,8.0,23.158097,120.170618
08BEAC0A0774,2023-08-05,12:24:53,31.8,100.0,6.0,22.992411,120.294135
08BEAC0A06FA,2023-08-05,12:24:57,30.1,100.0,0.0,23.04435,120.470196
08BEAC0A0398,2023-08-05,12:24:59,31.7,100.0,12.0,24.1494507,120.6816876
08BEAC0A019A,2023-08-05,12:25:22,31.3,100.0,14.0,23.3199,120.34515
08BEAC0A0156,2023-08-05,12:25:25,29.5,100.0,0.0,24.0838267,120.752756
08BEAC0A06A6,2023-08-05,12:25:25,32.1,100.0,12.0,22.977305,120.186438
08BEAC0A0296,2023-08-05,12:25:26,31.6,100.0,10.0,23.741269,120.401443
08BEAC0A0780,2023-08-05,12:25:28,30.2,100.0,0.0,23.048983,120.174614
08BEAC0A0480,2023-08-05,12:25:37,32.3,100.0,9.0,23.190069,120.192365
08BEAC0A0678,2023-08-05,12:26:01,32.1,100.0,12.0,23.139376,120.138374
08BEAC0A0464,2023-08-05,12:26:04,31.7,100.0,11.0,22.989813,120.203024
08BEAC0A0218,2023-08-05,12:26:12,29.7,100.0,10.0,23.6869687,120.5865383
08BEAC0A0226,2023-08-05,12:26:15,31.0,100.0,0.0,23.2174825,120.365091
08BEAC0A0830,2023-08-05,12:26:29,30.7,100.0,0.0,22.956295,120.248057
08BEAC0A01AA,2023-08-05,12:26:41,33.1,77.0,13.0,24.9751,121.269826
08BEAC0A084E,2023-08-05,12:26:59,32.6,100.0,8.0,24.9785086,121.3061612
08BEAC0A0640,2023-08-05,12:27:02,32.2,100.0,14.0,23.160034,120.18215
08BEAC0A0742,2023-08-05,12:27:02,31.5,100.0,13.0,23.003578,120.240161
08BEAC0A0826,2023-08-05,12:27:16,31.8,100.0,10.0,23.0865158,120.3191882
08BEAC0A0040,2023-08-05,12:27:29,31.5,100.0,0.0,22.99133,120.230478
08BEAC0A07A2,2023-08-05,12:27:35,31.6,100.0,14.0,25.10392038,121.2447143
08BEAC0A0340,2023-08-05,12:27:37,33.1,100.0,15.0,22.9193352,120.2170451
08BEAC0A05AC,2023-08-05,12:27:43,32.1,100.0,0.0,22.912748,120.261227
08BEAC0A089E,2023-08-05,12:28:07,29.6,100.0,0.0,23.12107103,120.4585091
08BEAC0A0508,2023-08-05,12:28:40,31.2,100.0,14.0,23.138713,120.324702
08BEAC0A04EC,2023-08-05,12:28:43,30.2,100.0,11.0,24.936085,121.223586
08BEAC0A0344,2023-08-05,12:28:47,30.7,100.0,11.0,24.960122,121.178153
08BEAC0A080E,2023-08-05,12:29:06,33.3,100.0,8.0,23.158097,120.170618
08BEAC0A0774,2023-08-05,12:30:10,31.8,100.0,6.0,22.992411,120.294135
08BEAC0A06FA,2023-08-05,12:30:12,30.1,100.0,0.0,23.04435,120.470196
08BEAC0A0398,2023-08-05,12:30:16,31.7,100.0,13.0,24.1494507,120.6816876
08BEAC0A019A,2023-08-05,12:30:40,31.2,100.0,15.0,23.3199,120.34515
08BEAC0A06A6,2023-08-05,12:30:41,32.2,100.0,14.0,22.977305,120.186438
08BEAC0A0156,2023-08-05,12:30:42,29.5,100.0,0.0,24.0838267,120.752756
08BEAC0A0296,2023-08-05,12:30:42,31.6,100.0,11.0,23.741269,120.401443
08BEAC0A0480,2023-08-05,12:30:52,32.3,100.0,10.0,23.190069,120.192365
08BEAC0A0678,2023-08-05,12:31:17,32.0,100.0,12.0,23.139376,120.138374
08BEAC0A0464,2023-08-05,12:31:20,31.7,100.0,13.0,22.989813,120.203024
08BEAC0A0218,2023-08-05,12:31:28,29.6,100.0,10.0,23.6869687,120.5865383
08BEAC0A0226,2023-08-05,12:31:29,31.0,100.0,0.0,23.2174825,120.365091
08BEAC0A0830,2023-08-05,12:31:45,31.0,100.0,0.0,22.956295,120.248057
08BEAC0A01AA,2023-08-05,12:31:56,33.1,77.0,13.0,24.9751,121.269826
08BEAC0A0640,2023-08-05,12:32:18,32.2,100.0,15.0,23.160034,120.18215
08BEAC0A0742,2023-08-05,12:32:21,31.5,100.0,13.0,23.003578,120.240161
08BEAC0A0826,2023-08-05,12:32:31,31.8,100.0,9.0,23.0865158,120.3191882
08BEAC0A084E,2023-08-05,12:32:32,32.6,100.0,8.0,24.9785086,121.3061612
08BEAC0A0040,2023-08-05,12:32:45,31.6,100.0,0.0,22.99133,120.230478
08BEAC0A07A2,2023-08-05,12:32:51,31.6,100.0,13.0,25.10392038,121.2447143
08BEAC0A0340,2023-08-05,12:32:53,33.0,100.0,14.0,22.9193352,120.2170451
08BEAC0A05AC,2023-08-05,12:32:59,32.1,100.0,0.0,22.912748,120.261227
08BEAC0A089E,2023-08-05,12:33:25,29.3,100.0,0.0,23.12107103,120.4585091
08BEAC0A0508,2023-08-05,12:33:55,31.2,100.0,13.0,23.138713,120.324702
08BEAC0A04EC,2023-08-05,12:33:59,30.3,100.0,13.0,24.936085,121.223586
08BEAC0A0344,2023-08-05,12:34:03,30.7,100.0,12.0,24.960122,121.178153
08BEAC0A080E,2023-08-05,12:34:23,33.3,100.0,8.0,23.158097,120.170618
08BEAC0A0774,2023-08-05,12:35:25,31.8,100.0,5.0,22.992411,120.294135
08BEAC0A06FA,2023-08-05,12:35:29,30.1,100.0,0.0,23.04435,120.470196
08BEAC0A0398,2023-08-05,12:35:32,31.6,100.0,13.0,24.1494507,120.6816876
08BEAC0A019A,2023-08-05,12:35:55,31.1,100.0,14.0,23.3199,120.34515
08BEAC0A06A6,2023-08-05,12:35:57,32.2,100.0,14.0,22.977305,120.186438
08BEAC0A0156,2023-08-05,12:36:00,29.5,100.0,0.0,24.0838267,120.752756
08BEAC0A0296,2023-08-05,12:36:01,31.5,100.0,13.0,23.741269,120.401443
08BEAC0A0480,2023-08-05,12:36:08,32.3,100.0,10.0,23.190069,120.192365
08BEAC0A0678,2023-08-05,12:36:34,32.0,100.0,11.0,23.139376,120.138374
08BEAC0A0464,2023-08-05,12:36:38,31.8,100.0,12.0,22.989813,120.203024
08BEAC0A0218,2023-08-05,12:36:44,29.7,100.0,11.0,23.6869687,120.5865383
08BEAC0A0226,2023-08-05,12:36:46,31.0,100.0,0.0,23.2174825,120.365091
08BEAC0A0830,2023-08-05,12:37:01,31.1,100.0,0.0,22.956295,120.248057
08BEAC0A01AA,2023-08-05,12:37:13,33.1,77.0,13.0,24.9751,121.269826
08BEAC0A0640,2023-08-05,12:37:35,32.2,100.0,16.0,23.160034,120.18215
08BEAC0A0742,2023-08-05,12:37:40,31.7,100.0,13.0,23.003578,120.240161
08BEAC0A0826,2023-08-05,12:37:45,31.7,100.0,10.0,23.0865158,120.3191882
08BEAC0A084E,2023-08-05,12:37:52,32.6,100.0,8.0,24.9785086,121.3061612
08BEAC0A0040,2023-08-05,12:38:02,31.5,100.0,0.0,22.99133,120.230478
08BEAC0A07A2,2023-08-05,12:38:09,31.6,100.0,12.0,25.10392038,121.2447143
08BEAC0A0340,2023-08-05,12:38:10,33.0,100.0,13.0,22.9193352,120.2170451
08BEAC0A05AC,2023-08-05,12:38:16,32.0,100.0,0.0,22.912748,120.261227
08BEAC0A089E,2023-08-05,12:38:40,29.2,100.0,0.0,23.12107103,120.4585091
08BEAC0A0508,2023-08-05,12:39:10,31.2,100.0,12.0,23.138713,120.324702
08BEAC0A04EC,2023-08-05,12:39:16,30.5,100.0,11.0,24.936085,121.223586
08BEAC0A0344,2023-08-05,12:39:19,30.7,100.0,11.0,24.960122,121.178153
08BEAC0A080E,2023-08-05,12:39:40,33.3,100.0,8.0,23.158097,120.170618
08BEAC0A0774,2023-08-05,12:40:41,31.8,100.0,6.0,22.992411,120.294135
08BEAC0A06FA,2023-08-05,12:40:46,30.1,100.0,0.0,23.04435,120.470196
08BEAC0A0398,2023-08-05,12:40:48,31.7,100.0,13.0,24.1494507,120.6816876
08BEAC0A019A,2023-08-05,12:41:11,31.1,100.0,14.0,23.3199,120.34515
08BEAC0A06A6,2023-08-05,12:41:15,32.2,100.0,12.0,22.977305,120.186438
08BEAC0A0156,2023-08-05,12:41:17,29.5,100.0,0.0,24.0838267,120.752756
08BEAC0A0296,2023-08-05,12:41:18,31.5,100.0,14.0,23.741269,120.401443
08BEAC0A0480,2023-08-05,12:41:23,32.3,100.0,11.0,23.190069,120.192365
08BEAC0A0678,2023-08-05,12:41:53,32.0,100.0,12.0,23.139376,120.138374
08BEAC0A0218,2023-08-05,12:41:58,29.7,100.0,11.0,23.6869687,120.5865383
08BEAC0A0226,2023-08-05,12:42:03,31.0,100.0,0.0,23.2174825,120.365091
08BEAC0A0830,2023-08-05,12:42:19,31.1,100.0,0.0,22.956295,120.248057
08BEAC0A01AA,2023-08-05,12:42:30,33.1,77.0,13.0,24.9751,121.269826
08BEAC0A0640,2023-08-05,12:42:53,32.2,100.0,15.0,23.160034,120.18215
08BEAC0A0742,2023-08-05,12:42:59,31.5,100.0,11.0,23.003578,120.240161
08BEAC0A0826,2023-08-05,12:43:01,31.8,100.0,10.0,23.0865158,120.3191882
08BEAC0A0040,2023-08-05,12:43:17,31.6,100.0,0.0,22.99133,120.230478
08BEAC0A084E,2023-08-05,12:43:19,32.7,100.0,8.0,24.9785086,121.3061612
08BEAC0A07A2,2023-08-05,12:43:25,31.6,100.0,11.0,25.10392038,121.2447143
08BEAC0A0340,2023-08-05,12:43:27,33.1,100.0,14.0,22.9193352,120.2170451
08BEAC0A05AC,2023-08-05,12:43:34,32.0,100.0,0.0,22.912748,120.261227
08BEAC0A089E,2023-08-05,12:43:56,29.3,100.0,0.0,23.12107103,120.4585091
08BEAC0A0508,2023-08-05,12:44:26,31.2,100.0,12.0,23.138713,120.324702
08BEAC0A04EC,2023-08-05,12:44:31,30.3,100.0,11.0,24.936085,121.223586
08BEAC0A0344,2023-08-05,12:44:35,30.7,100.0,11.0,24.960122,121.178153
08BEAC0A080E,2023-08-05,12:44:57,33.3,100.0,8.0,23.158097,120.170618
08BEAC0A0774,2023-08-05,12:45:58,31.8,100.0,5.0,22.992411,120.294135
08BEAC0A06FA,2023-08-05,12:46:03,30.1,100.0,0.0,23.04435,120.470196
08BEAC0A0398,2023-08-05,12:46:05,31.7,100.0,12.0,24.1494507,120.6816876
08BEAC0A019A,2023-08-05,12:46:29,31.0,100.0,13.0,23.3199,120.34515
08BEAC0A06A6,2023-08-05,12:46:30,32.3,100.0,13.0,22.977305,120.186438
08BEAC0A0156,2023-08-05,12:46:34,29.6,100.0,0.0,24.0838267,120.752756
08BEAC0A0296,2023-08-05,12:46:35,31.5,100.0,14.0,23.741269,120.401443
08BEAC0A0480,2023-08-05,12:46:39,32.3,100.0,10.0,23.190069,120.192365
08BEAC0A0464,2023-08-05,12:47:08,31.8,100.0,12.0,22.989813,120.203024
08BEAC0A0678,2023-08-05,12:47:11,32.1,100.0,12.0,23.139376,120.138374
08BEAC0A0218,2023-08-05,12:47:14,29.7,100.0,10.0,23.6869687,120.5865383
08BEAC0A0226,2023-08-05,12:47:21,31.1,100.0,0.0,23.2174825,120.365091
08BEAC0A0830,2023-08-05,12:47:34,31.2,100.0,0.0,22.956295,120.248057
08BEAC0A01AA,2023-08-05,12:47:46,33.2,76.0,11.0,24.9751,121.269826
08BEAC0A0640,2023-08-05,12:48:09,32.2,100.0,14.0,23.160034,120.18215
08BEAC0A0826,2023-08-05,12:48:19,31.8,100.0,11.0,23.0865158,120.3191882
08BEAC0A0742,2023-08-05,12:48:21,31.7,100.0,13.0,23.003578,120.240161
08BEAC0A0040,2023-08-05,12:48:33,31.5,100.0,0.0,22.99133,120.230478
08BEAC0A0340,2023-08-05,12:48:42,33.1,100.0,14.0,22.9193352,120.2170451
08BEAC0A07A2,2023-08-05,12:48:43,31.6,100.0,11.0,25.10392038,121.2447143
08BEAC0A05AC,2023-08-05,12:48:51,32.1,100.0,0.0,22.912748,120.261227
08BEAC0A084E,2023-08-05,12:48:54,32.6,100.0,8.0,24.9785086,121.3061612
08BEAC0A089E,2023-08-05,12:49:11,29.5,100.0,0.0,23.12107103,120.4585091
08BEAC0A0508,2023-08-05,12:49:42,31.1,100.0,10.0,23.138713,120.324702
08BEAC0A04EC,2023-08-05,12:49:47,30.6,100.0,11.0,24.936085,121.223586
08BEAC0A0344,2023-08-05,12:49:50,30.7,100.0,12.0,24.960122,121.178153
08BEAC0A080E,2023-08-05,12:50:14,33.3,100.0,8.0,23.158097,120.170618
08BEAC0A0774,2023-08-05,12:51:15,31.8,100.0,5.0,22.992411,120.294135
08BEAC0A0398,2023-08-05,12:51:19,31.7,100.0,13.0,24.1494507,120.6816876
08BEAC0A06FA,2023-08-05,12:51:21,30.1,100.0,0.0,23.04435,120.470196
08BEAC0A06A6,2023-08-05,12:51:45,32.3,100.0,12.0,22.977305,120.186438
08BEAC0A019A,2023-08-05,12:51:47,31.0,100.0,14.0,23.3199,120.34515
08BEAC0A0156,2023-08-05,12:51:50,29.5,100.0,0.0,24.0838267,120.752756
08BEAC0A0296,2023-08-05,12:51:52,31.5,100.0,14.0,23.741269,120.401443
08BEAC0A0480,2023-08-05,12:51:54,32.3,100.0,11.0,23.190069,120.192365
08BEAC0A0464,2023-08-05,12:52:24,32.0,100.0,12.0,22.989813,120.203024
08BEAC0A0678,2023-08-05,12:52:29,32.0,100.0,11.0,23.139376,120.138374
08BEAC0A0218,2023-08-05,12:52:30,29.7,100.0,11.0,23.6869687,120.5865383
08BEAC0A0226,2023-08-05,12:52:37,31.0,100.0,0.0,23.2174825,120.365091
08BEAC0A0830,2023-08-05,12:52:52,31.3,100.0,0.0,22.956295,120.248057
08BEAC0A01AA,2023-08-05,12:53:02,33.1,76.0,12.0,24.9751,121.269826
08BEAC0A0640,2023-08-05,12:53:25,32.1,100.0,18.0,23.160034,120.18215
08BEAC0A0826,2023-08-05,12:53:34,31.8,100.0,10.0,23.0865158,120.3191882
08BEAC0A0742,2023-08-05,12:53:38,31.6,100.0,13.0,23.003578,120.240161
08BEAC0A0040,2023-08-05,12:53:50,31.5,100.0,0.0,22.99133,120.230478
08BEAC0A0340,2023-08-05,12:53:57,33.1,100.0,13.0,22.9193352,120.2170451
08BEAC0A07A2,2023-08-05,12:53:59,31.6,100.0,12.0,25.10392038,121.2447143
08BEAC0A05AC,2023-08-05,12:54:07,32.2,100.0,0.0,22.912748,120.261227
08BEAC0A084E,2023-08-05,12:54:20,32.6,100.0,7.0,24.9785086,121.3061612
08BEAC0A089E,2023-08-05,12:54:30,29.3,100.0,0.0,23.12107103,120.4585091
08BEAC0A0508,2023-08-05,12:54:58,31.0,100.0,10.0,23.138713,120.324702
08BEAC0A04EC,2023-08-05,12:55:04,30.5,100.0,12.0,24.936085,121.223586
08BEAC0A0344,2023-08-05,12:55:06,30.7,100.0,12.0,24.960122,121.178153
08BEAC0A080E,2023-08-05,12:55:32,33.3,100.0,8.0,23.158097,120.170618
08BEAC0A0774,2023-08-05,12:56:29,31.8,100.0,5.0,22.992411,120.294135
08BEAC0A0398,2023-08-05,12:56:35,31.8,100.0,13.0,24.1494507,120.6816876
08BEAC0A06FA,2023-08-05,12:56:37,30.1,100.0,0.0,23.04435,120.470196
08BEAC0A06A6,2023-08-05,12:57:00,32.3,100.0,11.0,22.977305,120.186438
08BEAC0A019A,2023-08-05,12:57:04,30.8,100.0,14.0,23.3199,120.34515
08BEAC0A0296,2023-08-05,12:57:07,31.5,100.0,13.0,23.741269,120.401443
08BEAC0A0156,2023-08-05,12:57:08,29.6,100.0,0.0,24.0838267,120.752756
08BEAC0A0480,2023-08-05,12:57:11,32.3,100.0,11.0,23.190069,120.192365
08BEAC0A0464,2023-08-05,12:57:42,32.1,100.0,12.0,22.989813,120.203024
08BEAC0A0218,2023-08-05,12:57:48,29.7,100.0,11.0,23.6869687,120.5865383
08BEAC0A0678,2023-08-05,12:57:52,32.0,100.0,11.0,23.139376,120.138374
08BEAC0A0226,2023-08-05,12:57:55,30.8,100.0,0.0,23.2174825,120.365091
08BEAC0A0830,2023-08-05,12:58:11,31.2,100.0,0.0,22.956295,120.248057
08BEAC0A01AA,2023-08-05,12:58:17,33.2,76.0,12.0,24.9751,121.269826
08BEAC0A0640,2023-08-05,12:58:40,32.1,100.0,14.0,23.160034,120.18215
08BEAC0A0826,2023-08-05,12:58:51,31.7,100.0,8.0,23.0865158,120.3191882
08BEAC0A0742,2023-08-05,12:59:00,31.1,100.0,13.0,23.003578,120.240161
08BEAC0A0040,2023-08-05,12:59:07,31.6,100.0,0.0,22.99133,120.230478
08BEAC0A0340,2023-08-05,12:59:13,33.1,100.0,14.0,22.9193352,120.2170451
08BEAC0A07A2,2023-08-05,12:59:17,31.5,100.0,11.0,25.10392038,121.2447143
08BEAC0A05AC,2023-08-05,12:59:23,32.2,100.0,0.0,22.912748,120.261227
08BEAC0A089E,2023-08-05,12:59:46,29.2,100.0,0.0,23.12107103,120.4585091
08BEAC0A084E,2023-08-05,12:59:53,32.6,100.0,8.0,24.9785086,121.3061612
08BEAC0A0508,2023-08-05,13:00:16,31.0,100.0,10.0,23.138713,120.324702
08BEAC0A04EC,2023-08-05,13:00:20,30.6,100.0,11.0,24.936085,121.223586
08BEAC0A080E,2023-08-05,13:00:49,33.3,100.0,8.0,23.158097,120.170618
08BEAC0A0774,2023-08-05,13:01:44,31.8,100.0,5.0,22.992411,120.294135
08BEAC0A0398,2023-08-05,13:01:51,31.7,100.0,13.0,24.1494507,120.6816876
08BEAC0A06A6,2023-08-05,13:02:16,32.3,100.0,11.0,22.977305,120.186438
08BEAC0A019A,2023-08-05,13:02:20,31.0,100.0,14.0,23.3199,120.34515
08BEAC0A0296,2023-08-05,13:02:22,31.5,100.0,12.0,23.741269,120.401443
08BEAC0A0480,2023-08-05,13:02:26,32.3,100.0,11.0,23.190069,120.192365
08BEAC0A0156,2023-08-05,13:02:27,29.5,100.0,0.0,24.0838267,120.752756
08BEAC0A0464,2023-08-05,13:02:59,31.8,100.0,10.0,22.989813,120.203024
08BEAC0A0218,2023-08-05,13:03:03,29.7,100.0,10.0,23.6869687,120.5865383
08BEAC0A0678,2023-08-05,13:03:09,31.8,100.0,11.0,23.139376,120.138374
08BEAC0A0226,2023-08-05,13:03:12,30.8,100.0,0.0,23.2174825,120.365091
08BEAC0A0830,2023-08-05,13:03:27,31.3,100.0,0.0,22.956295,120.248057
08BEAC0A01AA,2023-08-05,13:03:31,33.2,76.0,12.0,24.9751,121.269826
08BEAC0A0640,2023-08-05,13:03:56,32.2,100.0,16.0,23.160034,120.18215
08BEAC0A0826,2023-08-05,13:04:08,31.8,100.0,10.0,23.0865158,120.3191882
08BEAC0A0040,2023-08-05,13:04:23,31.6,100.0,0.0,22.99133,120.230478
08BEAC0A0340,2023-08-05,13:04:29,33.2,100.0,13.0,22.9193352,120.2170451
08BEAC0A0742,2023-08-05,13:04:30,31.3,100.0,12.0,23.003578,120.240161
08BEAC0A07A2,2023-08-05,13:04:35,31.3,100.0,11.0,25.10392038,121.2447143
08BEAC0A05AC,2023-08-05,13:04:39,32.1,100.0,1.0,22.912748,120.261227
08BEAC0A089E,2023-08-05,13:05:01,29.2,100.0,0.0,23.12107103,120.4585091
08BEAC0A084E,2023-08-05,13:05:19,32.6,100.0,7.0,24.9785086,121.3061612
08BEAC0A0508,2023-08-05,13:05:31,31.1,100.0,11.0,23.138713,120.324702
08BEAC0A04EC,2023-08-05,13:05:37,30.6,100.0,12.0,24.936085,121.223586
08BEAC0A080E,2023-08-05,13:06:05,33.3,100.0,8.0,23.158097,120.170618
08BEAC0A0774,2023-08-05,13:06:58,32.1,100.0,5.0,22.992411,120.294135
08BEAC0A06FA,2023-08-05,13:07:05,30.2,100.0,0.0,23.04435,120.470196
08BEAC0A0398,2023-08-05,13:07:07,31.8,100.0,13.0,24.1494507,120.6816876
08BEAC0A06A6,2023-08-05,13:07:31,32.3,100.0,11.0,22.977305,120.186438
08BEAC0A019A,2023-08-05,13:07:37,31.0,100.0,14.0,23.3199,120.34515
08BEAC0A0296,2023-08-05,13:07:38,31.6,100.0,11.0,23.741269,120.401443
08BEAC0A0156,2023-08-05,13:07:42,29.6,100.0,0.0,24.0838267,120.752756
08BEAC0A0480,2023-08-05,13:07:44,32.3,100.0,10.0,23.190069,120.192365
08BEAC0A0464,2023-08-05,13:08:14,32.0,100.0,11.0,22.989813,120.203024
08BEAC0A0218,2023-08-05,13:08:21,29.8,100.0,11.0,23.6869687,120.5865383
08BEAC0A0226,2023-08-05,13:08:30,30.8,100.0,0.0,23.2174825,120.365091
08BEAC0A0830,2023-08-05,13:08:43,31.0,100.0,0.0,22.956295,120.248057
08BEAC0A01AA,2023-08-05,13:08:47,33.1,76.0,12.0,24.9751,121.269826
08BEAC0A0640,2023-08-05,13:09:12,32.2,100.0,13.0,23.160034,120.18215
08BEAC0A0826,2023-08-05,13:09:25,31.8,100.0,9.0,23.0865158,120.3191882
08BEAC0A0040,2023-08-05,13:09:38,31.6,100.0,0.0,22.99133,120.230478
08BEAC0A0340,2023-08-05,13:09:46,33.1,100.0,11.0,22.9193352,120.2170451
08BEAC0A0742,2023-08-05,13:09:46,31.2,100.0,11.0,23.003578,120.240161
08BEAC0A07A2,2023-08-05,13:09:52,31.5,100.0,11.0,25.10392038,121.2447143
08BEAC0A05AC,2023-08-05,13:09:55,32.2,100.0,0.0,22.912748,120.261227
08BEAC0A089E,2023-08-05,13:10:19,29.2,100.0,0.0,23.12107103,120.4585091
08BEAC0A0344,2023-08-05,13:10:45,30.7,100.0,12.0,24.960122,121.178153
08BEAC0A0508,2023-08-05,13:10:47,31.2,100.0,10.0,23.138713,120.324702
08BEAC0A084E,2023-08-05,13:10:50,32.6,100.0,7.0,24.9785086,121.3061612
08BEAC0A04EC,2023-08-05,13:10:55,30.6,100.0,11.0,24.936085,121.223586
08BEAC0A0774,2023-08-05,13:12:14,32.0,100.0,7.0,22.992411,120.294135
08BEAC0A0398,2023-08-05,13:12:23,31.8,100.0,13.0,24.1494507,120.6816876
08BEAC0A06FA,2023-08-05,13:12:23,30.2,100.0,0.0,23.04435,120.470196
08BEAC0A06A6,2023-08-05,13:12:48,32.2,100.0,11.0,22.977305,120.186438
08BEAC0A019A,2023-08-05,13:12:52,31.0,100.0,15.0,23.3199,120.34515
08BEAC0A0296,2023-08-05,13:12:54,31.5,100.0,12.0,23.741269,120.401443
08BEAC0A0156,2023-08-05,13:12:58,29.5,100.0,0.0,24.0838267,120.752756
08BEAC0A0480,2023-08-05,13:13:02,32.3,100.0,11.0,23.190069,120.192365
08BEAC0A0464,2023-08-05,13:13:31,31.8,100.0,10.0,22.989813,120.203024
08BEAC0A0218,2023-08-05,13:13:37,29.8,100.0,10.0,23.6869687,120.5865383
08BEAC0A0226,2023-08-05,13:13:46,31.0,100.0,0.0,23.2174825,120.365091
08BEAC0A0678,2023-08-05,13:13:49,32.0,100.0,11.0,23.139376,120.138374
08BEAC0A0830,2023-08-05,13:14:02,31.1,100.0,0.0,22.956295,120.248057
08BEAC0A01AA,2023-08-05,13:14:05,33.2,76.0,13.0,24.9751,121.269826
08BEAC0A0640,2023-08-05,13:14:27,32.2,100.0,12.0,23.160034,120.18215
08BEAC0A0826,2023-08-05,13:14:42,31.8,100.0,9.0,23.0865158,120.3191882
08BEAC0A0040,2023-08-05,13:14:56,31.7,100.0,0.0,22.99133,120.230478
08BEAC0A0340,2023-08-05,13:15:01,33.2,100.0,12.0,22.9193352,120.2170451
08BEAC0A0742,2023-08-05,13:15:02,31.1,100.0,10.0,23.003578,120.240161
08BEAC0A07A2,2023-08-05,13:15:07,31.5,100.0,11.0,25.10392038,121.2447143
08BEAC0A089E,2023-08-05,13:15:35,29.1,100.0,0.0,23.12107103,120.4585091
08BEAC0A0344,2023-08-05,13:16:03,30.7,100.0,12.0,24.960122,121.178153
08BEAC0A0508,2023-08-05,13:16:04,31.2,100.0,10.0,23.138713,120.324702
08BEAC0A04EC,2023-08-05,13:16:11,30.3,100.0,11.0,24.936085,121.223586
08BEAC0A084E,2023-08-05,13:16:13,32.6,100.0,7.0,24.9785086,121.3061612
08BEAC0A080E,2023-08-05,13:16:37,33.3,100.0,8.0,23.158097,120.170618
08BEAC0A0774,2023-08-05,13:17:29,32.0,100.0,6.0,22.992411,120.294135
08BEAC0A0398,2023-08-05,13:17:38,31.8,100.0,12.0,24.1494507,120.6816876
08BEAC0A06FA,2023-08-05,13:17:40,30.2,100.0,0.0,23.04435,120.470196
08BEAC0A06A6,2023-08-05,13:18:05,32.3,100.0,10.0,22.977305,120.186438
08BEAC0A019A,2023-08-05,13:18:08,31.1,100.0,13.0,23.3199,120.34515
08BEAC0A0296,2023-08-05,13:18:09,31.5,100.0,13.0,23.741269,120.401443
08BEAC0A0156,2023-08-05,13:18:16,29.5,100.0,0.0,24.0838267,120.752756
08BEAC0A0480,2023-08-05,13:18:18,32.3,100.0,10.0,23.190069,120.192365
08BEAC0A0464,2023-08-05,13:18:46,31.7,100.0,10.0,22.989813,120.203024
08BEAC0A0226,2023-08-05,13:19:03,30.8,100.0,0.0,23.2174825,120.365091
08BEAC0A0678,2023-08-05,13:19:06,32.0,100.0,11.0,23.139376,120.138374
08BEAC0A0830,2023-08-05,13:19:18,31.1,100.0,0.0,22.956295,120.248057
08BEAC0A01AA,2023-08-05,13:19:21,33.0,76.0,11.0,24.9751,121.269826
08BEAC0A0640,2023-08-05,13:19:43,32.1,100.0,13.0,23.160034,120.18215
08BEAC0A0826,2023-08-05,13:19:57,31.8,100.0,10.0,23.0865158,120.3191882
08BEAC0A0040,2023-08-05,13:20:12,31.7,100.0,0.0,22.99133,120.230478
08BEAC0A0340,2023-08-05,13:20:18,33.2,100.0,12.0,22.9193352,120.2170451
08BEAC0A0742,2023-08-05,13:20:21,31.2,100.0,10.0,23.003578,120.240161
08BEAC0A05AC,2023-08-05,13:20:24,32.0,100.0,0.0,22.912748,120.261227
08BEAC0A07A2,2023-08-05,13:20:25,31.5,100.0,11.0,25.10392038,121.2447143
08BEAC0A089E,2023-08-05,13:20:52,29.1,100.0,0.0,23.12107103,120.4585091
08BEAC0A0344,2023-08-05,13:21:21,30.6,100.0,12.0,24.960122,121.178153
08BEAC0A0508,2023-08-05,13:21:23,31.3,100.0,10.0,23.138713,120.324702
08BEAC0A04EC,2023-08-05,13:21:30,30.3,100.0,12.0,24.936085,121.223586
08BEAC0A080E,2023-08-05,13:21:53,33.3,100.0,8.0,23.158097,120.170618
08BEAC0A084E,2023-08-05,13:21:56,32.6,100.0,7.0,24.9785086,121.3061612
08BEAC0A0774,2023-08-05,13:22:45,32.0,100.0,5.0,22.992411,120.294135
08BEAC0A0398,2023-08-05,13:22:57,31.7,100.0,12.0,24.1494507,120.6816876
08BEAC0A06FA,2023-08-05,13:23:01,30.1,100.0,0.0,23.04435,120.470196
08BEAC0A06A6,2023-08-05,13:23:21,32.3,100.0,10.0,22.977305,120.186438
08BEAC0A019A,2023-08-05,13:23:23,31.0,100.0,12.0,23.3199,120.34515
08BEAC0A0296,2023-08-05,13:23:25,31.5,100.0,13.0,23.741269,120.401443
08BEAC0A0156,2023-08-05,13:23:32,29.5,100.0,0.0,24.0838267,120.752756
08BEAC0A0480,2023-08-05,13:23:35,32.3,100.0,9.0,23.190069,120.192365
08BEAC0A0464,2023-08-05,13:24:02,31.8,100.0,9.0,22.989813,120.203024
08BEAC0A0226,2023-08-05,13:24:20,31.0,100.0,0.0,23.2174825,120.365091
08BEAC0A0678,2023-08-05,13:24:27,32.1,100.0,11.0,23.139376,120.138374
08BEAC0A0218,2023-08-05,13:24:34,30.0,100.0,10.0,23.6869687,120.5865383
08BEAC0A0830,2023-08-05,13:24:36,31.2,100.0,0.0,22.956295,120.248057
08BEAC0A01AA,2023-08-05,13:24:37,33.0,76.0,12.0,24.9751,121.269826
08BEAC0A0640,2023-08-05,13:25:00,32.2,100.0,12.0,23.160034,120.18215
08BEAC0A0826,2023-08-05,13:25:13,31.8,100.0,9.0,23.0865158,120.3191882
08BEAC0A0040,2023-08-05,13:25:29,31.7,100.0,0.0,22.99133,120.230478
08BEAC0A0340,2023-08-05,13:25:33,33.2,100.0,11.0,22.9193352,120.2170451
08BEAC0A0742,2023-08-05,13:25:42,31.2,100.0,10.0,23.003578,120.240161
08BEAC0A07A2,2023-08-05,13:25:42,31.3,100.0,11.0,25.10392038,121.2447143
08BEAC0A05AC,2023-08-05,13:25:43,32.1,100.0,0.0,22.912748,120.261227
08BEAC0A089E,2023-08-05,13:26:08,29.2,100.0,0.0,23.12107103,120.4585091
08BEAC0A0344,2023-08-05,13:26:36,30.7,100.0,12.0,24.960122,121.178153
08BEAC0A0508,2023-08-05,13:26:39,31.3,100.0,10.0,23.138713,120.324702
08BEAC0A04EC,2023-08-05,13:26:46,30.3,100.0,11.0,24.936085,121.223586
08BEAC0A080E,2023-08-05,13:27:13,33.3,100.0,8.0,23.158097,120.170618
08BEAC0A084E,2023-08-05,13:27:21,32.6,100.0,7.0,24.9785086,121.3061612
08BEAC0A0774,2023-08-05,13:28:00,32.0,100.0,5.0,22.992411,120.294135
08BEAC0A0398,2023-08-05,13:28:14,31.6,100.0,12.0,24.1494507,120.6816876
08BEAC0A06FA,2023-08-05,13:28:15,30.2,100.0,0.0,23.04435,120.470196
08BEAC0A06A6,2023-08-05,13:28:39,32.3,100.0,9.0,22.977305,120.186438
08BEAC0A019A,2023-08-05,13:28:40,31.0,100.0,13.0,23.3199,120.34515
08BEAC0A0296,2023-08-05,13:28:42,31.5,100.0,12.0,23.741269,120.401443
08BEAC0A0156,2023-08-05,13:28:47,29.5,100.0,0.0,24.0838267,120.752756
08BEAC0A0480,2023-08-05,13:28:51,32.3,100.0,10.0,23.190069,120.192365
08BEAC0A0780,2023-08-05,13:29:11,30.3,100.0,0.0,23.048983,120.174614
08BEAC0A0464,2023-08-05,13:29:19,31.8,100.0,9.0,22.989813,120.203024
08BEAC0A0226,2023-08-05,13:29:39,30.8,100.0,0.0,23.2174825,120.365091
08BEAC0A0678,2023-08-05,13:29:44,32.1,100.0,10.0,23.139376,120.138374
08BEAC0A0218,2023-08-05,13:29:49,30.0,100.0,11.0,23.6869687,120.5865383
08BEAC0A01AA,2023-08-05,13:29:54,33.0,77.0,12.0,24.9751,121.269826
08BEAC0A0830,2023-08-05,13:29:54,31.2,100.0,0.0,22.956295,120.248057
08BEAC0A0640,2023-08-05,13:30:17,32.1,100.0,13.0,23.160034,120.18215
08BEAC0A0826,2023-08-05,13:30:29,32.0,100.0,9.0,23.0865158,120.3191882
08BEAC0A0040,2023-08-05,13:30:45,31.7,100.0,0.0,22.99133,120.230478
08BEAC0A0340,2023-08-05,13:30:49,33.2,100.0,10.0,22.9193352,120.2170451
08BEAC0A07A2,2023-08-05,13:30:57,31.2,100.0,12.0,25.10392038,121.2447143
08BEAC0A05AC,2023-08-05,13:30:59,32.3,100.0,0.0,22.912748,120.261227
08BEAC0A0742,2023-08-05,13:31:14,31.3,100.0,10.0,23.003578,120.240161
08BEAC0A089E,2023-08-05,13:31:24,29.5,100.0,0.0,23.12107103,120.4585091
08BEAC0A0344,2023-08-05,13:31:53,30.6,100.0,11.0,24.960122,121.178153
08BEAC0A0508,2023-08-05,13:31:56,31.3,100.0,10.0,23.138713,120.324702
08BEAC0A04EC,2023-08-05,13:32:03,30.6,100.0,12.0,24.936085,121.223586
08BEAC0A080E,2023-08-05,13:32:31,33.3,100.0,8.0,23.158097,120.170618
08BEAC0A084E,2023-08-05,13:32:47,32.6,100.0,7.0,24.9785086,121.3061612
08BEAC0A0774,2023-08-05,13:33:15,32.0,100.0,4.0,22.992411,120.294135
08BEAC0A0398,2023-08-05,13:33:31,31.7,100.0,12.0,24.1494507,120.6816876
08BEAC0A06FA,2023-08-05,13:33:31,30.1,100.0,0.0,23.04435,120.470196
08BEAC0A06A6,2023-08-05,13:33:56,32.3,100.0,10.0,22.977305,120.186438
08BEAC0A019A,2023-08-05,13:33:57,31.0,100.0,13.0,23.3199,120.34515
08BEAC0A0296,2023-08-05,13:33:59,31.5,100.0,12.0,23.741269,120.401443
08BEAC0A0156,2023-08-05,13:34:04,29.5,100.0,0.0,24.0838267,120.752756
08BEAC0A0480,2023-08-05,13:34:06,32.3,100.0,10.0,23.190069,120.192365
08BEAC0A0464,2023-08-05,13:34:36,32.0,100.0,10.0,22.989813,120.203024
08BEAC0A0226,2023-08-05,13:34:55,30.8,100.0,0.0,23.2174825,120.365091
08BEAC0A0678,2023-08-05,13:35:00,32.1,100.0,10.0,23.139376,120.138374
08BEAC0A0218,2023-08-05,13:35:05,30.0,100.0,11.0,23.6869687,120.5865383
08BEAC0A01AA,2023-08-05,13:35:09,33.0,77.0,12.0,24.9751,121.269826
08BEAC0A0830,2023-08-05,13:35:13,31.0,100.0,0.0,22.956295,120.248057
08BEAC0A0640,2023-08-05,13:35:36,32.2,100.0,14.0,23.160034,120.18215
08BEAC0A0826,2023-08-05,13:35:45,31.8,100.0,9.0,23.0865158,120.3191882
08BEAC0A0040,2023-08-05,13:36:02,31.6,100.0,0.0,22.99133,120.230478
08BEAC0A0340,2023-08-05,13:36:06,33.1,100.0,10.0,22.9193352,120.2170451
08BEAC0A07A2,2023-08-05,13:36:14,31.2,100.0,13.0,25.10392038,121.2447143
08BEAC0A05AC,2023-08-05,13:36:17,32.5,100.0,0.0,22.912748,120.261227
08BEAC0A089E,2023-08-05,13:36:39,29.3,100.0,0.0,23.12107103,120.4585091
08BEAC0A0742,2023-08-05,13:36:48,31.3,100.0,10.0,23.003578,120.240161
08BEAC0A0344,2023-08-05,13:37:10,30.6,100.0,11.0,24.960122,121.178153
08BEAC0A0508,2023-08-05,13:37:12,31.3,100.0,9.0,23.138713,120.324702
08BEAC0A04EC,2023-08-05,13:37:19,30.5,100.0,12.0,24.936085,121.223586
08BEAC0A080E,2023-08-05,13:37:47,33.3,100.0,8.0,23.158097,120.170618
08BEAC0A084E,2023-08-05,13:38:18,32.6,100.0,7.0,24.9785086,121.3061612
08BEAC0A0774,2023-08-05,13:38:30,32.0,100.0,4.0,22.992411,120.294135
08BEAC0A0398,2023-08-05,13:38:46,31.7,100.0,13.0,24.1494507,120.6816876
08BEAC0A06FA,2023-08-05,13:38:49,30.1,100.0,0.0,23.04435,120.470196
08BEAC0A06A6,2023-08-05,13:39:12,32.3,100.0,8.0,22.977305,120.186438
08BEAC0A019A,2023-08-05,13:39:13,31.0,100.0,14.0,23.3199,120.34515
08BEAC0A0296,2023-08-05,13:39:14,31.5,100.0,13.0,23.741269,120.401443
08BEAC0A0156,2023-08-05,13:39:22,29.5,100.0,0.0,24.0838267,120.752756
08BEAC0A0480,2023-08-05,13:39:23,32.3,100.0,10.0,23.190069,120.192365
08BEAC0A0464,2023-08-05,13:39:51,32.0,100.0,9.0,22.989813,120.203024
08BEAC0A0226,2023-08-05,13:40:12,30.8,100.0,0.0,23.2174825,120.365091
08BEAC0A0678,2023-08-05,13:40:18,32.2,100.0,10.0,23.139376,120.138374
08BEAC0A01AA,2023-08-05,13:40:24,33.0,77.0,11.0,24.9751,121.269826
08BEAC0A0218,2023-08-05,13:40:24,30.0,100.0,10.0,23.6869687,120.5865383
08BEAC0A0830,2023-08-05,13:40:28,31.3,100.0,0.0,22.956295,120.248057
08BEAC0A0640,2023-08-05,13:40:51,32.2,100.0,12.0,23.160034,120.18215
08BEAC0A0826,2023-08-05,13:41:01,31.8,100.0,9.0,23.0865158,120.3191882
08BEAC0A0040,2023-08-05,13:41:17,31.5,100.0,0.0,22.99133,120.230478
08BEAC0A0340,2023-08-05,13:41:20,33.1,100.0,10.0,22.9193352,120.2170451
08BEAC0A07A2,2023-08-05,13:41:31,31.2,100.0,12.0,25.10392038,121.2447143
08BEAC0A05AC,2023-08-05,13:41:34,32.3,100.0,0.0,22.912748,120.261227
08BEAC0A089E,2023-08-05,13:41:53,29.0,100.0,0.0,23.12107103,120.4585091
08BEAC0A0742,2023-08-05,13:42:05,31.3,100.0,9.0,23.003578,120.240161
08BEAC0A0344,2023-08-05,13:42:26,30.6,100.0,12.0,24.960122,121.178153
08BEAC0A0508,2023-08-05,13:42:28,31.3,100.0,9.0,23.138713,120.324702
08BEAC0A04EC,2023-08-05,13:42:38,30.6,100.0,11.0,24.936085,121.223586
08BEAC0A080E,2023-08-05,13:43:06,33.3,100.0,7.0,23.158097,120.170618
08BEAC0A0774,2023-08-05,13:43:45,31.8,100.0,3.0,22.992411,120.294135
08BEAC0A084E,2023-08-05,13:43:58,32.6,100.0,7.0,24.9785086,121.3061612
08BEAC0A0398,2023-08-05,13:44:05,31.7,100.0,13.0,24.1494507,120.6816876
08BEAC0A06FA,2023-08-05,13:44:05,30.1,100.0,0.0,23.04435,120.470196
08BEAC0A019A,2023-08-05,13:44:28,31.0,100.0,13.0,23.3199,120.34515
08BEAC0A06A6,2023-08-05,13:44:29,32.2,100.0,8.0,22.977305,120.186438
08BEAC0A0296,2023-08-05,13:44:30,31.6,100.0,13.0,23.741269,120.401443
08BEAC0A0156,2023-08-05,13:44:38,29.5,100.0,0.0,24.0838267,120.752756
08BEAC0A0480,2023-08-05,13:44:38,32.3,100.0,9.0,23.190069,120.192365
08BEAC0A0464,2023-08-05,13:45:08,32.0,100.0,8.0,22.989813,120.203024
08BEAC0A0226,2023-08-05,13:45:29,30.8,100.0,0.0,23.2174825,120.365091
08BEAC0A0678,2023-08-05,13:45:36,32.1,100.0,10.0,23.139376,120.138374
08BEAC0A01AA,2023-08-05,13:45:40,32.7,78.0,11.0,24.9751,121.269826
08BEAC0A0218,2023-08-05,13:45:40,30.0,100.0,10.0,23.6869687,120.5865383
08BEAC0A0830,2023-08-05,13:45:45,31.3,100.0,0.0,22.956295,120.248057
08BEAC0A0640,2023-08-05,13:46:08,32.1,100.0,11.0,23.160034,120.18215
08BEAC0A0826,2023-08-05,13:46:17,32.0,100.0,9.0,23.0865158,120.3191882
08BEAC0A0040,2023-08-05,13:46:33,31.6,100.0,0.0,22.99133,120.230478
08BEAC0A0340,2023-08-05,13:46:38,33.1,100.0,10.0,22.9193352,120.2170451
08BEAC0A07A2,2023-08-05,13:46:47,31.1,100.0,12.0,25.10392038,121.2447143
08BEAC0A05AC,2023-08-05,13:46:50,32.3,100.0,0.0,22.912748,120.261227
08BEAC0A089E,2023-08-05,13:47:10,29.0,100.0,0.0,23.12107103,120.4585091
08BEAC0A0742,2023-08-05,13:47:29,31.2,100.0,9.0,23.003578,120.240161
08BEAC0A0344,2023-08-05,13:47:43,30.6,100.0,11.0,24.960122,121.178153
08BEAC0A0508,2023-08-05,13:47:45,31.3,100.0,9.0,23.138713,120.324702
08BEAC0A04EC,2023-08-05,13:47:55,30.2,100.0,12.0,24.936085,121.223586
08BEAC0A080E,2023-08-05,13:48:20,33.3,100.0,7.0,23.158097,120.170618
08BEAC0A0774,2023-08-05,13:49:02,31.8,100.0,3.0,22.992411,120.294135
08BEAC0A0398,2023-08-05,13:49:20,31.7,100.0,13.0,24.1494507,120.6816876
08BEAC0A06FA,2023-08-05,13:49:22,30.1,100.0,0.0,23.04435,120.470196
08BEAC0A019A,2023-08-05,13:49:43,31.1,100.0,11.0,23.3199,120.34515
08BEAC0A06A6,2023-08-05,13:49:44,32.1,100.0,9.0,22.977305,120.186438
08BEAC0A0296,2023-08-05,13:49:46,31.5,100.0,14.0,23.741269,120.401443
08BEAC0A084E,2023-08-05,13:49:49,32.6,100.0,7.0,24.9785086,121.3061612
08BEAC0A0156,2023-08-05,13:49:54,29.6,100.0,0.0,24.0838267,120.752756
08BEAC0A0480,2023-08-05,13:49:55,32.3,100.0,10.0,23.190069,120.192365
08BEAC0A0464,2023-08-05,13:50:25,32.0,100.0,8.0,22.989813,120.203024
08BEAC0A0226,2023-08-05,13:50:46,30.8,100.0,0.0,23.2174825,120.365091
08BEAC0A0218,2023-08-05,13:50:55,30.0,100.0,10.0,23.6869687,120.5865383
08BEAC0A01AA,2023-08-05,13:50:56,32.8,78.0,12.0,24.9751,121.269826
08BEAC0A0678,2023-08-05,13:50:58,32.2,100.0,9.0,23.139376,120.138374
08BEAC0A0830,2023-08-05,13:51:04,31.2,100.0,0.0,22.956295,120.248057
08BEAC0A0640,2023-08-05,13:51:23,32.2,100.0,12.0,23.160034,120.18215
08BEAC0A0826,2023-08-05,13:51:33,32.0,100.0,9.0,23.0865158,120.3191882
08BEAC0A0340,2023-08-05,13:51:57,33.2,100.0,9.0,22.9193352,120.2170451
08BEAC0A07A2,2023-08-05,13:52:04,31.2,100.0,13.0,25.10392038,121.2447143
08BEAC0A05AC,2023-08-05,13:52:06,32.6,100.0,0.0,22.912748,120.261227
08BEAC0A089E,2023-08-05,13:52:25,29.2,100.0,0.0,23.12107103,120.4585091
08BEAC0A0742,2023-08-05,13:52:54,31.1,100.0,8.0,23.003578,120.240161
08BEAC0A0344,2023-08-05,13:52:59,30.5,100.0,11.0,24.960122,121.178153
08BEAC0A0508,2023-08-05,13:53:02,31.3,100.0,8.0,23.138713,120.324702
08BEAC0A04EC,2023-08-05,13:53:15,29.8,100.0,12.0,24.936085,121.223586
08BEAC0A080E,2023-08-05,13:53:35,33.3,100.0,7.0,23.158097,120.170618
08BEAC0A0774,2023-08-05,13:54:17,31.8,100.0,4.0,22.992411,120.294135
08BEAC0A0398,2023-08-05,13:54:37,31.7,100.0,12.0,24.1494507,120.6816876
08BEAC0A06FA,2023-08-05,13:54:40,30.1,100.0,0.0,23.04435,120.470196
08BEAC0A019A,2023-08-05,13:55:00,31.1,100.0,12.0,23.3199,120.34515
08BEAC0A06A6,2023-08-05,13:55:01,32.2,100.0,8.0,22.977305,120.186438
08BEAC0A0296,2023-08-05,13:55:03,31.5,100.0,12.0,23.741269,120.401443
08BEAC0A0480,2023-08-05,13:55:10,32.3,100.0,10.0,23.190069,120.192365
08BEAC0A0156,2023-08-05,13:55:11,29.5,100.0,0.0,24.0838267,120.752756
08BEAC0A084E,2023-08-05,13:55:19,32.6,100.0,7.0,24.9785086,121.3061612
08BEAC0A0464,2023-08-05,13:55:43,32.1,100.0,8.0,22.989813,120.203024
08BEAC0A0226,2023-08-05,13:56:03,30.8,100.0,0.0,23.2174825,120.365091
08BEAC0A0218,2023-08-05,13:56:09,30.0,100.0,10.0,23.6869687,120.5865383
08BEAC0A01AA,2023-08-05,13:56:11,32.8,78.0,12.0,24.9751,121.269826
08BEAC0A0678,2023-08-05,13:56:16,32.1,100.0,8.0,23.139376,120.138374
08BEAC0A0830,2023-08-05,13:56:21,31.2,100.0,0.0,22.956295,120.248057
08BEAC0A0640,2023-08-05,13:56:38,32.0,100.0,13.0,23.160034,120.18215
08BEAC0A0826,2023-08-05,13:56:50,32.0,100.0,9.0,23.0865158,120.3191882
08BEAC0A0040,2023-08-05,13:56:59,31.5,100.0,0.0,22.99133,120.230478
08BEAC0A0340,2023-08-05,13:57:15,33.0,100.0,10.0,22.9193352,120.2170451
08BEAC0A07A2,2023-08-05,13:57:20,31.2,100.0,12.0,25.10392038,121.2447143
08BEAC0A05AC,2023-08-05,13:57:21,32.5,100.0,0.0,22.912748,120.261227
08BEAC0A089E,2023-08-05,13:57:41,29.3,100.0,0.0,23.12107103,120.4585091
08BEAC0A0742,2023-08-05,13:58:13,31.1,100.0,9.0,23.003578,120.240161
08BEAC0A0344,2023-08-05,13:58:16,30.5,100.0,11.0,24.960122,121.178153
08BEAC0A0508,2023-08-05,13:58:20,31.3,100.0,8.0,23.138713,120.324702
08BEAC0A04EC,2023-08-05,13:58:30,30.1,100.0,12.0,24.936085,121.223586
08BEAC0A080E,2023-08-05,13:58:50,33.3,100.0,7.0,23.158097,120.170618
08BEAC0A0774,2023-08-05,13:59:34,31.8,100.0,4.0,22.992411,120.294135
08BEAC0A0398,2023-08-05,13:59:52,31.7,100.0,12.0,24.1494507,120.6816876
08BEAC0A06FA,2023-08-05,13:59:56,30.1,100.0,0.0,23.04435,120.470196
08BEAC0A019A,2023-08-05,14:00:16,31.0,100.0,12.0,23.3199,120.34515
08BEAC0A0296,2023-08-05,14:00:18,31.5,100.0,12.0,23.741269,120.401443
08BEAC0A06A6,2023-08-05,14:00:18,32.2,100.0,7.0,22.977305,120.186438
08BEAC0A0480,2023-08-05,14:00:26,32.2,100.0,9.0,23.190069,120.192365
08BEAC0A0156,2023-08-05,14:00:28,29.5,100.0,0.0,24.0838267,120.752756
08BEAC0A0464,2023-08-05,14:00:58,32.1,100.0,7.0,22.989813,120.203024
08BEAC0A084E,2023-08-05,14:00:58,32.6,100.0,7.0,24.9785086,121.3061612
08BEAC0A0226,2023-08-05,14:01:18,30.8,100.0,0.0,23.2174825,120.365091
08BEAC0A0218,2023-08-05,14:01:24,30.0,100.0,10.0,23.6869687,120.5865383
08BEAC0A01AA,2023-08-05,14:01:29,32.8,78.0,13.0,24.9751,121.269826
08BEAC0A0678,2023-08-05,14:01:34,32.1,100.0,8.0,23.139376,120.138374
08BEAC0A0830,2023-08-05,14:01:37,30.8,100.0,0.0,22.956295,120.248057
08BEAC0A0640,2023-08-05,14:01:53,32.1,100.0,10.0,23.160034,120.18215
08BEAC0A0826,2023-08-05,14:02:05,32.1,100.0,9.0,23.0865158,120.3191882
08BEAC0A0040,2023-08-05,14:02:18,31.5,100.0,0.0,22.99133,120.230478
08BEAC0A0340,2023-08-05,14:02:30,33.0,100.0,9.0,22.9193352,120.2170451
08BEAC0A07A2,2023-08-05,14:02:37,31.2,100.0,12.0,25.10392038,121.2447143
08BEAC0A05AC,2023-08-05,14:02:40,32.0,100.0,0.0,22.912748,120.261227
08BEAC0A089E,2023-08-05,14:02:58,29.0,100.0,0.0,23.12107103,120.4585091
08BEAC0A0742,2023-08-05,14:03:29,30.8,100.0,8.0,23.003578,120.240161
08BEAC0A0508,2023-08-05,14:03:36,31.3,100.0,8.0,23.138713,120.324702
08BEAC0A04EC,2023-08-05,14:03:44,30.2,100.0,12.0,24.936085,121.223586
08BEAC0A080E,2023-08-05,14:04:06,33.3,100.0,7.0,23.158097,120.170618
08BEAC0A0774,2023-08-05,14:04:50,31.8,100.0,4.0,22.992411,120.294135
08BEAC0A0398,2023-08-05,14:05:09,31.7,100.0,12.0,24.1494507,120.6816876
08BEAC0A06FA,2023-08-05,14:05:17,30.1,100.0,0.0,23.04435,120.470196
08BEAC0A019A,2023-08-05,14:05:31,31.0,100.0,13.0,23.3199,120.34515
08BEAC0A0296,2023-08-05,14:05:33,31.6,100.0,11.0,23.741269,120.401443
08BEAC0A06A6,2023-08-05,14:05:35,32.1,100.0,9.0,22.977305,120.186438
08BEAC0A0480,2023-08-05,14:05:42,32.2,100.0,9.0,23.190069,120.192365
08BEAC0A0156,2023-08-05,14:05:47,29.5,100.0,0.0,24.0838267,120.752756
08BEAC0A0464,2023-08-05,14:06:17,32.2,100.0,7.0,22.989813,120.203024
08BEAC0A0226,2023-08-05,14:06:35,31.0,100.0,0.0,23.2174825,120.365091
08BEAC0A084E,2023-08-05,14:06:39,32.5,100.0,7.0,24.9785086,121.3061612
08BEAC0A0218,2023-08-05,14:06:40,30.0,100.0,10.0,23.6869687,120.5865383
08BEAC0A01AA,2023-08-05,14:06:44,32.8,78.0,13.0,24.9751,121.269826
08BEAC0A0830,2023-08-05,14:06:52,31.0,100.0,0.0,22.956295,120.248057
08BEAC0A0678,2023-08-05,14:06:55,32.1,100.0,7.0,23.139376,120.138374
08BEAC0A0640,2023-08-05,14:07:09,32.1,100.0,11.0,23.160034,120.18215
08BEAC0A0826,2023-08-05,14:07:22,32.0,100.0,8.0,23.0865158,120.3191882
08BEAC0A0040,2023-08-05,14:07:36,31.5,100.0,0.0,22.99133,120.230478
08BEAC0A0340,2023-08-05,14:07:45,32.8,100.0,8.0,22.9193352,120.2170451
08BEAC0A07A2,2023-08-05,14:07:55,31.2,100.0,12.0,25.10392038,121.2447143
08BEAC0A05AC,2023-08-05,14:07:59,31.7,100.0,0.0,22.912748,120.261227
08BEAC0A089E,2023-08-05,14:08:14,28.8,100.0,0.0,23.12107103,120.4585091
08BEAC0A0508,2023-08-05,14:08:52,31.2,100.0,7.0,23.138713,120.324702
08BEAC0A0742,2023-08-05,14:08:54,31.3,100.0,9.0,23.003578,120.240161
08BEAC0A04EC,2023-08-05,14:09:00,30.1,100.0,12.0,24.936085,121.223586
08BEAC0A080E,2023-08-05,14:09:22,33.3,100.0,7.0,23.158097,120.170618
08BEAC0A0774,2023-08-05,14:10:04,31.8,100.0,4.0,22.992411,120.294135
08BEAC0A0398,2023-08-05,14:10:26,31.6,100.0,12.0,24.1494507,120.6816876
08BEAC0A06FA,2023-08-05,14:10:34,30.0,100.0,0.0,23.04435,120.470196
08BEAC0A019A,2023-08-05,14:10:48,31.0,100.0,12.0,23.3199,120.34515
08BEAC0A0296,2023-08-05,14:10:50,31.6,100.0,12.0,23.741269,120.401443
08BEAC0A06A6,2023-08-05,14:10:52,32.1,100.0,8.0,22.977305,120.186438
08BEAC0A0480,2023-08-05,14:10:57,32.3,100.0,9.0,23.190069,120.192365
08BEAC0A0156,2023-08-05,14:11:02,29.5,100.0,0.0,24.0838267,120.752756
08BEAC0A0464,2023-08-05,14:11:32,32.2,100.0,7.0,22.989813,120.203024
08BEAC0A0226,2023-08-05,14:11:51,31.0,100.0,0.0,23.2174825,120.365091
08BEAC0A0218,2023-08-05,14:11:57,30.0,100.0,10.0,23.6869687,120.5865383
08BEAC0A084E,2023-08-05,14:11:57,32.6,100.0,7.0,24.9785086,121.3061612
08BEAC0A01AA,2023-08-05,14:12:01,32.8,78.0,13.0,24.9751,121.269826
08BEAC0A0830,2023-08-05,14:12:09,31.0,100.0,0.0,22.956295,120.248057
08BEAC0A0678,2023-08-05,14:12:18,32.2,100.0,7.0,23.139376,120.138374
08BEAC0A0640,2023-08-05,14:12:26,32.1,100.0,10.0,23.160034,120.18215
08BEAC0A0826,2023-08-05,14:12:39,32.0,100.0,8.0,23.0865158,120.3191882
08BEAC0A0040,2023-08-05,14:12:55,31.6,100.0,0.0,22.99133,120.230478
08BEAC0A0340,2023-08-05,14:13:01,32.8,100.0,11.0,22.9193352,120.2170451
08BEAC0A07A2,2023-08-05,14:13:12,31.1,100.0,12.0,25.10392038,121.2447143
08BEAC0A05AC,2023-08-05,14:13:16,31.6,100.0,0.0,22.912748,120.261227
08BEAC0A089E,2023-08-05,14:13:30,28.7,100.0,0.0,23.12107103,120.4585091
08BEAC0A0508,2023-08-05,14:14:09,31.3,100.0,9.0,23.138713,120.324702
08BEAC0A0742,2023-08-05,14:14:14,31.5,100.0,7.0,23.003578,120.240161
08BEAC0A04EC,2023-08-05,14:14:16,30.0,100.0,12.0,24.936085,121.223586
08BEAC0A080E,2023-08-05,14:14:38,33.3,100.0,7.0,23.158097,120.170618
08BEAC0A0774,2023-08-05,14:15:20,31.8,100.0,3.0,22.992411,120.294135
08BEAC0A0398,2023-08-05,14:15:44,31.6,100.0,12.0,24.1494507,120.6816876
08BEAC0A06FA,2023-08-05,14:15:49,30.1,100.0,1.0,23.04435,120.470196
08BEAC0A019A,2023-08-05,14:16:05,31.0,100.0,13.0,23.3199,120.34515
08BEAC0A0296,2023-08-05,14:16:05,31.6,100.0,12.0,23.741269,120.401443
08BEAC0A06A6,2023-08-05,14:16:09,32.2,100.0,7.0,22.977305,120.186438
08BEAC0A0480,2023-08-05,14:16:13,32.3,100.0,9.0,23.190069,120.192365
08BEAC0A0156,2023-08-05,14:16:18,29.3,100.0,0.0,24.0838267,120.752756
08BEAC0A0464,2023-08-05,14:16:49,32.1,100.0,7.0,22.989813,120.203024
08BEAC0A0226,2023-08-05,14:17:06,31.0,100.0,0.0,23.2174825,120.365091
08BEAC0A0218,2023-08-05,14:17:12,30.1,100.0,10.0,23.6869687,120.5865383
08BEAC0A01AA,2023-08-05,14:17:17,32.8,78.0,13.0,24.9751,121.269826
08BEAC0A0830,2023-08-05,14:17:26,31.0,100.0,0.0,22.956295,120.248057
08BEAC0A084E,2023-08-05,14:17:28,32.6,100.0,7.0,24.9785086,121.3061612
08BEAC0A0640,2023-08-05,14:17:42,32.1,100.0,10.0,23.160034,120.18215
08BEAC0A0826,2023-08-05,14:17:54,31.8,100.0,8.0,23.0865158,120.3191882
08BEAC0A0040,2023-08-05,14:18:14,31.6,100.0,0.0,22.99133,120.230478
08BEAC0A0340,2023-08-05,14:18:17,33.0,100.0,9.0,22.9193352,120.2170451
08BEAC0A07A2,2023-08-05,14:18:28,30.8,100.0,11.0,25.10392038,121.2447143
08BEAC0A05AC,2023-08-05,14:18:33,31.6,100.0,0.0,22.912748,120.261227
08BEAC0A089E,2023-08-05,14:18:48,28.7,100.0,0.0,23.12107103,120.4585091
08BEAC0A0508,2023-08-05,14:19:24,31.2,100.0,9.0,23.138713,120.324702
08BEAC0A04EC,2023-08-05,14:19:31,29.8,100.0,12.0,24.936085,121.223586
08BEAC0A0742,2023-08-05,14:19:40,31.5,100.0,7.0,23.003578,120.240161
08BEAC0A080E,2023-08-05,14:19:53,33.3,100.0,7.0,23.158097,120.170618
08BEAC0A0774,2023-08-05,14:20:36,31.7,100.0,4.0,22.992411,120.294135
08BEAC0A0398,2023-08-05,14:20:58,31.6,100.0,12.0,24.1494507,120.6816876
08BEAC0A06FA,2023-08-05,14:21:05,30.1,100.0,0.0,23.04435,120.470196
08BEAC0A019A,2023-08-05,14:21:21,31.0,100.0,12.0,23.3199,120.34515
08BEAC0A0296,2023-08-05,14:21:21,31.6,100.0,11.0,23.741269,120.401443
08BEAC0A06A6,2023-08-05,14:21:27,32.2,100.0,8.0,22.977305,120.186438
08BEAC0A0480,2023-08-05,14:21:29,32.3,100.0,8.0,23.190069,120.192365
08BEAC0A0156,2023-08-05,14:21:35,29.5,100.0,0.0,24.0838267,120.752756
08BEAC0A0464,2023-08-05,14:22:06,32.1,100.0,7.0,22.989813,120.203024
08BEAC0A0226,2023-08-05,14:22:21,31.0,100.0,0.0,23.2174825,120.365091
08BEAC0A0218,2023-08-05,14:22:30,30.1,100.0,9.0,23.6869687,120.5865383
08BEAC0A01AA,2023-08-05,14:22:33,32.8,78.0,12.0,24.9751,121.269826
08BEAC0A0830,2023-08-05,14:22:42,31.1,100.0,0.0,22.956295,120.248057
08BEAC0A084E,2023-08-05,14:22:51,32.5,100.0,7.0,24.9785086,121.3061612
08BEAC0A0640,2023-08-05,14:22:57,32.1,100.0,9.0,23.160034,120.18215
08BEAC0A0826,2023-08-05,14:23:10,31.7,100.0,7.0,23.0865158,120.3191882
08BEAC0A0678,2023-08-05,14:23:25,32.1,100.0,8.0,23.139376,120.138374
08BEAC0A0040,2023-08-05,14:23:32,31.7,100.0,0.0,22.99133,120.230478
08BEAC0A0340,2023-08-05,14:23:34,32.8,100.0,8.0,22.9193352,120.2170451
08BEAC0A07A2,2023-08-05,14:23:45,31.1,100.0,12.0,25.10392038,121.2447143
08BEAC0A05AC,2023-08-05,14:23:49,31.6,100.0,0.0,22.912748,120.261227
08BEAC0A089E,2023-08-05,14:24:06,28.8,100.0,0.0,23.12107103,120.4585091
08BEAC0A0508,2023-08-05,14:24:42,31.2,100.0,8.0,23.138713,120.324702
08BEAC0A04EC,2023-08-05,14:24:52,30.0,100.0,13.0,24.936085,121.223586
08BEAC0A0742,2023-08-05,14:25:05,31.5,100.0,7.0,23.003578,120.240161
08BEAC0A080E,2023-08-05,14:25:10,33.3,100.0,6.0,23.158097,120.170618
08BEAC0A0774,2023-08-05,14:25:53,31.3,100.0,3.0,22.992411,120.294135
08BEAC0A0398,2023-08-05,14:26:15,31.6,100.0,13.0,24.1494507,120.6816876
08BEAC0A06FA,2023-08-05,14:26:22,30.1,100.0,0.0,23.04435,120.470196
08BEAC0A019A,2023-08-05,14:26:35,31.1,100.0,11.0,23.3199,120.34515
08BEAC0A0296,2023-08-05,14:26:36,31.6,100.0,11.0,23.741269,120.401443
08BEAC0A06A6,2023-08-05,14:26:44,32.1,100.0,8.0,22.977305,120.186438
08BEAC0A0480,2023-08-05,14:26:46,32.3,100.0,8.0,23.190069,120.192365
08BEAC0A0464,2023-08-05,14:27:24,32.2,100.0,7.0,22.989813,120.203024
08BEAC0A0226,2023-08-05,14:27:38,31.0,100.0,0.0,23.2174825,120.365091
08BEAC0A0218,2023-08-05,14:27:45,30.1,100.0,10.0,23.6869687,120.5865383
08BEAC0A01AA,2023-08-05,14:27:50,32.8,77.0,12.0,24.9751,121.269826
08BEAC0A0830,2023-08-05,14:28:01,31.2,100.0,0.0,22.956295,120.248057
08BEAC0A0640,2023-08-05,14:28:13,32.2,100.0,10.0,23.160034,120.18215
08BEAC0A0826,2023-08-05,14:28:25,31.7,100.0,7.0,23.0865158,120.3191882
08BEAC0A084E,2023-08-05,14:28:27,32.6,100.0,7.0,24.9785086,121.3061612
08BEAC0A0340,2023-08-05,14:28:48,32.8,100.0,8.0,22.9193352,120.2170451
08BEAC0A0040,2023-08-05,14:28:49,31.6,100.0,0.0,22.99133,120.230478
08BEAC0A07A2,2023-08-05,14:29:01,31.1,100.0,11.0,25.10392038,121.2447143
08BEAC0A05AC,2023-08-05,14:29:08,31.6,100.0,0.0,22.912748,120.261227
08BEAC0A089E,2023-08-05,14:29:23,29.0,100.0,0.0,23.12107103,120.4585091
08BEAC0A0508,2023-08-05,14:29:58,31.2,100.0,9.0,23.138713,120.324702
08BEAC0A04EC,2023-08-05,14:30:10,30.0,100.0,12.0,24.936085,121.223586
08BEAC0A0742,2023-08-05,14:30:22,31.3,100.0,6.0,23.003578,120.240161
08BEAC0A080E,2023-08-05,14:30:27,33.3,100.0,6.0,23.158097,120.170618
08BEAC0A0774,2023-08-05,14:31:10,31.2,100.0,3.0,22.992411,120.294135
08BEAC0A0398,2023-08-05,14:31:30,31.6,100.0,12.0,24.1494507,120.6816876
08BEAC0A06FA,2023-08-05,14:31:41,30.0,100.0,0.0,23.04435,120.470196
08BEAC0A019A,2023-08-05,14:31:52,31.1,100.0,12.0,23.3199,120.34515
08BEAC0A0296,2023-08-05,14:31:52,31.6,100.0,11.0,23.741269,120.401443
08BEAC0A06A6,2023-08-05,14:32:02,32.1,100.0,8.0,22.977305,120.186438
08BEAC0A0156,2023-08-05,14:32:04,29.5,100.0,0.0,24.0838267,120.752756
08BEAC0A0480,2023-08-05,14:32:04,32.2,100.0,9.0,23.190069,120.192365
08BEAC0A0464,2023-08-05,14:32:41,32.1,100.0,7.0,22.989813,120.203024
08BEAC0A0780,2023-08-05,14:32:47,30.3,100.0,0.0,23.048983,120.174614
08BEAC0A0226,2023-08-05,14:32:53,31.0,100.0,0.0,23.2174825,120.365091
08BEAC0A0218,2023-08-05,14:33:02,30.1,100.0,9.0,23.6869687,120.5865383
08BEAC0A01AA,2023-08-05,14:33:08,32.7,77.0,13.0,24.9751,121.269826
08BEAC0A0830,2023-08-05,14:33:18,31.1,100.0,0.0,22.956295,120.248057
08BEAC0A0640,2023-08-05,14:33:29,32.2,100.0,8.0,23.160034,120.18215
08BEAC0A0826,2023-08-05,14:33:40,31.7,100.0,7.0,23.0865158,120.3191882
08BEAC0A0678,2023-08-05,14:33:57,32.0,100.0,8.0,23.139376,120.138374
08BEAC0A0340,2023-08-05,14:34:05,32.7,100.0,9.0,22.9193352,120.2170451
08BEAC0A0040,2023-08-05,14:34:06,31.7,100.0,0.0,22.99133,120.230478
08BEAC0A084E,2023-08-05,14:34:13,32.5,100.0,7.0,24.9785086,121.3061612
08BEAC0A07A2,2023-08-05,14:34:18,31.2,100.0,12.0,25.10392038,121.2447143
08BEAC0A05AC,2023-08-05,14:34:25,31.5,100.0,0.0,22.912748,120.261227
08BEAC0A089E,2023-08-05,14:34:40,28.8,100.0,0.0,23.12107103,120.4585091
08BEAC0A0508,2023-08-05,14:35:16,31.2,100.0,9.0,23.138713,120.324702
08BEAC0A04EC,2023-08-05,14:35:26,30.1,100.0,12.0,24.936085,121.223586
08BEAC0A080E,2023-08-05,14:35:44,33.3,100.0,6.0,23.158097,120.170618
08BEAC0A0742,2023-08-05,14:35:45,31.1,100.0,7.0,23.003578,120.240161
08BEAC0A0774,2023-08-05,14:36:25,31.1,100.0,3.0,22.992411,120.294135
08BEAC0A0398,2023-08-05,14:36:49,31.7,100.0,12.0,24.1494507,120.6816876
08BEAC0A06FA,2023-08-05,14:36:56,30.0,100.0,0.0,23.04435,120.470196
08BEAC0A0296,2023-08-05,14:37:09,31.6,100.0,11.0,23.741269,120.401443
08BEAC0A019A,2023-08-05,14:37:10,31.1,100.0,11.0,23.3199,120.34515
08BEAC0A0480,2023-08-05,14:37:19,32.3,100.0,8.0,23.190069,120.192365
08BEAC0A06A6,2023-08-05,14:37:19,32.1,100.0,8.0,22.977305,120.186438
08BEAC0A0156,2023-08-05,14:37:21,29.5,100.0,0.0,24.0838267,120.752756
08BEAC0A0464,2023-08-05,14:37:59,32.1,100.0,7.0,22.989813,120.203024
08BEAC0A0226,2023-08-05,14:38:09,30.8,100.0,0.0,23.2174825,120.365091
08BEAC0A0218,2023-08-05,14:38:18,30.1,100.0,9.0,23.6869687,120.5865383
08BEAC0A01AA,2023-08-05,14:38:22,32.7,77.0,12.0,24.9751,121.269826
08BEAC0A0830,2023-08-05,14:38:35,31.1,100.0,0.0,22.956295,120.248057
08BEAC0A0640,2023-08-05,14:38:45,32.2,100.0,8.0,23.160034,120.18215
08BEAC0A0826,2023-08-05,14:38:55,31.7,100.0,7.0,23.0865158,120.3191882
08BEAC0A0678,2023-08-05,14:39:16,32.0,100.0,7.0,23.139376,120.138374
08BEAC0A0340,2023-08-05,14:39:20,32.7,100.0,11.0,22.9193352,120.2170451
08BEAC0A0040,2023-08-05,14:39:22,31.3,100.0,0.0,22.99133,120.230478
08BEAC0A07A2,2023-08-05,14:39:37,31.2,100.0,11.0,25.10392038,121.2447143
08BEAC0A05AC,2023-08-05,14:39:43,31.5,100.0,0.0,22.912748,120.261227
08BEAC0A084E,2023-08-05,14:39:54,32.5,100.0,6.0,24.9785086,121.3061612
08BEAC0A089E,2023-08-05,14:39:56,28.8,100.0,0.0,23.12107103,120.4585091
08BEAC0A0508,2023-08-05,14:40:35,31.3,100.0,9.0,23.138713,120.324702
08BEAC0A04EC,2023-08-05,14:40:42,29.8,100.0,12.0,24.936085,121.223586
08BEAC0A080E,2023-08-05,14:41:03,33.3,100.0,7.0,23.158097,120.170618
08BEAC0A0742,2023-08-05,14:41:12,31.3,100.0,8.0,23.003578,120.240161
08BEAC0A0774,2023-08-05,14:41:40,30.7,100.0,4.0,22.992411,120.294135
08BEAC0A0398,2023-08-05,14:42:06,31.6,100.0,13.0,24.1494507,120.6816876
08BEAC0A06FA,2023-08-05,14:42:11,30.1,100.0,0.0,23.04435,120.470196
08BEAC0A019A,2023-08-05,14:42:24,31.2,100.0,11.0,23.3199,120.34515
08BEAC0A0296,2023-08-05,14:42:24,31.6,100.0,13.0,23.741269,120.401443
08BEAC0A0480,2023-08-05,14:42:35,32.3,100.0,8.0,23.190069,120.192365
08BEAC0A06A6,2023-08-05,14:42:36,32.0,100.0,9.0,22.977305,120.186438
08BEAC0A0156,2023-08-05,14:42:43,29.5,100.0,0.0,24.0838267,120.752756
08BEAC0A0464,2023-08-05,14:43:14,32.0,100.0,7.0,22.989813,120.203024
08BEAC0A0226,2023-08-05,14:43:27,30.7,100.0,0.0,23.2174825,120.365091
08BEAC0A0218,2023-08-05,14:43:34,30.1,100.0,10.0,23.6869687,120.5865383
08BEAC0A01AA,2023-08-05,14:43:37,32.7,77.0,13.0,24.9751,121.269826
08BEAC0A0830,2023-08-05,14:43:51,31.2,100.0,0.0,22.956295,120.248057
08BEAC0A0640,2023-08-05,14:44:03,32.2,100.0,9.0,23.160034,120.18215
08BEAC0A0826,2023-08-05,14:44:12,31.8,100.0,8.0,23.0865158,120.3191882
08BEAC0A0678,2023-08-05,14:44:35,32.0,100.0,8.0,23.139376,120.138374
08BEAC0A0340,2023-08-05,14:44:37,32.7,100.0,9.0,22.9193352,120.2170451
08BEAC0A0040,2023-08-05,14:44:40,31.3,100.0,0.0,22.99133,120.230478
08BEAC0A07A2,2023-08-05,14:44:52,31.2,100.0,11.0,25.10392038,121.2447143
08BEAC0A05AC,2023-08-05,14:45:00,31.5,100.0,0.0,22.912748,120.261227
08BEAC0A089E,2023-08-05,14:45:13,29.0,100.0,0.0,23.12107103,120.4585091
08BEAC0A084E,2023-08-05,14:45:20,32.5,100.0,6.0,24.9785086,121.3061612
08BEAC0A0508,2023-08-05,14:45:52,31.2,100.0,8.0,23.138713,120.324702
08BEAC0A04EC,2023-08-05,14:45:58,30.0,100.0,12.0,24.936085,121.223586
08BEAC0A080E,2023-08-05,14:46:17,33.3,100.0,7.0,23.158097,120.170618
08BEAC0A0742,2023-08-05,14:46:34,31.5,100.0,7.0,23.003578,120.240161
08BEAC0A0774,2023-08-05,14:46:56,30.8,100.0,3.0,22.992411,120.294135
08BEAC0A0398,2023-08-05,14:47:23,31.6,100.0,12.0,24.1494507,120.6816876
08BEAC0A06FA,2023-08-05,14:47:27,30.1,100.0,0.0,23.04435,120.470196
08BEAC0A019A,2023-08-05,14:47:41,31.3,100.0,12.0,23.3199,120.34515
08BEAC0A0296,2023-08-05,14:47:41,31.6,100.0,10.0,23.741269,120.401443
08BEAC0A0480,2023-08-05,14:47:51,32.2,100.0,8.0,23.190069,120.192365
08BEAC0A06A6,2023-08-05,14:47:53,31.8,100.0,8.0,22.977305,120.186438
08BEAC0A0156,2023-08-05,14:47:59,29.6,100.0,0.0,24.0838267,120.752756
08BEAC0A0464,2023-08-05,14:48:29,32.0,100.0,7.0,22.989813,120.203024
08BEAC0A0226,2023-08-05,14:48:43,30.7,100.0,0.0,23.2174825,120.365091
08BEAC0A0218,2023-08-05,14:48:50,30.1,100.0,8.0,23.6869687,120.5865383
08BEAC0A01AA,2023-08-05,14:48:53,32.6,78.0,12.0,24.9751,121.269826
08BEAC0A0830,2023-08-05,14:49:06,31.2,100.0,0.0,22.956295,120.248057
08BEAC0A0640,2023-08-05,14:49:18,32.3,100.0,9.0,23.160034,120.18215
08BEAC0A0826,2023-08-05,14:49:27,31.8,100.0,7.0,23.0865158,120.3191882
08BEAC0A0340,2023-08-05,14:49:56,32.6,100.0,8.0,22.9193352,120.2170451
08BEAC0A0040,2023-08-05,14:49:57,31.2,100.0,0.0,22.99133,120.230478
08BEAC0A0678,2023-08-05,14:50:01,31.7,100.0,8.0,23.139376,120.138374
08BEAC0A07A2,2023-08-05,14:50:10,31.2,100.0,11.0,25.10392038,121.2447143
08BEAC0A05AC,2023-08-05,14:50:17,31.5,100.0,0.0,22.912748,120.261227
08BEAC0A089E,2023-08-05,14:50:30,29.0,100.0,0.0,23.12107103,120.4585091
08BEAC0A084E,2023-08-05,14:50:53,32.5,100.0,7.0,24.9785086,121.3061612
08BEAC0A0508,2023-08-05,14:51:08,31.3,100.0,7.0,23.138713,120.324702
08BEAC0A04EC,2023-08-05,14:51:15,29.7,100.0,12.0,24.936085,121.223586
08BEAC0A080E,2023-08-05,14:51:35,33.3,100.0,6.0,23.158097,120.170618
08BEAC0A0742,2023-08-05,14:51:52,31.5,100.0,7.0,23.003578,120.240161
08BEAC0A0774,2023-08-05,14:52:14,30.8,100.0,3.0,22.992411,120.294135
08BEAC0A0398,2023-08-05,14:52:39,31.6,100.0,12.0,24.1494507,120.6816876
08BEAC0A06FA,2023-08-05,14:52:46,30.1,100.0,0.0,23.04435,120.470196
08BEAC0A019A,2023-08-05,14:52:57,31.2,100.0,11.0,23.3199,120.34515
08BEAC0A0296,2023-08-05,14:52:57,31.6,100.0,12.0,23.741269,120.401443
08BEAC0A0480,2023-08-05,14:53:07,32.3,100.0,8.0,23.190069,120.192365
08BEAC0A06A6,2023-08-05,14:53:10,31.8,100.0,8.0,22.977305,120.186438
08BEAC0A0156,2023-08-05,14:53:16,29.6,100.0,0.0,24.0838267,120.752756
08BEAC0A0464,2023-08-05,14:53:46,32.0,100.0,8.0,22.989813,120.203024
08BEAC0A0226,2023-08-05,14:54:00,30.7,100.0,0.0,23.2174825,120.365091
08BEAC0A0218,2023-08-05,14:54:05,30.1,100.0,9.0,23.6869687,120.5865383
08BEAC0A01AA,2023-08-05,14:54:10,32.6,78.0,12.0,24.9751,121.269826
08BEAC0A0830,2023-08-05,14:54:23,31.2,100.0,0.0,22.956295,120.248057
08BEAC0A0640,2023-08-05,14:54:35,32.2,100.0,8.0,23.160034,120.18215
08BEAC0A0826,2023-08-05,14:54:44,31.8,100.0,6.0,23.0865158,120.3191882
08BEAC0A0040,2023-08-05,14:55:13,31.2,100.0,0.0,22.99133,120.230478
08BEAC0A0340,2023-08-05,14:55:13,32.6,100.0,11.0,22.9193352,120.2170451
08BEAC0A0678,2023-08-05,14:55:17,31.7,100.0,7.0,23.139376,120.138374
08BEAC0A07A2,2023-08-05,14:55:28,31.1,100.0,11.0,25.10392038,121.2447143
08BEAC0A05AC,2023-08-05,14:55:33,31.2,100.0,0.0,22.912748,120.261227
08BEAC0A089E,2023-08-05,14:55:46,28.5,100.0,0.0,23.12107103,120.4585091
08BEAC0A084E,2023-08-05,14:56:16,32.5,100.0,6.0,24.9785086,121.3061612
08BEAC0A0508,2023-08-05,14:56:23,31.3,100.0,8.0,23.138713,120.324702
08BEAC0A04EC,2023-08-05,14:56:32,29.8,100.0,12.0,24.936085,121.223586
08BEAC0A080E,2023-08-05,14:56:52,33.3,100.0,6.0,23.158097,120.170618
08BEAC0A0742,2023-08-05,14:57:15,31.6,100.0,7.0,23.003578,120.240161
08BEAC0A0774,2023-08-05,14:57:31,30.8,100.0,3.0,22.992411,120.294135
08BEAC0A0398,2023-08-05,14:57:56,31.6,100.0,12.0,24.1494507,120.6816876
08BEAC0A06FA,2023-08-05,14:58:01,30.0,100.0,0.0,23.04435,120.470196
08BEAC0A019A,2023-08-05,14:58:13,31.0,100.0,12.0,23.3199,120.34515
08BEAC0A0296,2023-08-05,14:58:13,31.5,100.0,10.0,23.741269,120.401443
08BEAC0A0480,2023-08-05,14:58:24,32.3,100.0,9.0,23.190069,120.192365
08BEAC0A06A6,2023-08-05,14:58:25,31.8,100.0,8.0,22.977305,120.186438
08BEAC0A0156,2023-08-05,14:58:33,29.6,100.0,0.0,24.0838267,120.752756
08BEAC0A0464,2023-08-05,14:59:01,32.0,100.0,7.0,22.989813,120.203024
08BEAC0A0226,2023-08-05,14:59:17,30.6,100.0,0.0,23.2174825,120.365091
08BEAC0A0218,2023-08-05,14:59:21,30.0,100.0,9.0,23.6869687,120.5865383
08BEAC0A01AA,2023-08-05,14:59:27,32.6,78.0,12.0,24.9751,121.269826
08BEAC0A0830,2023-08-05,14:59:40,30.8,100.0,0.0,22.956295,120.248057
08BEAC0A0640,2023-08-05,14:59:51,32.2,100.0,9.0,23.160034,120.18215
08BEAC0A0826,2023-08-05,15:00:02,31.8,100.0,6.0,23.0865158,120.3191882
08BEAC0A0340,2023-08-05,15:00:31,32.3,100.0,9.0,22.9193352,120.2170451
08BEAC0A0040,2023-08-05,15:00:32,31.2,100.0,0.0,22.99133,120.230478
08BEAC0A0678,2023-08-05,15:00:34,31.8,100.0,8.0,23.139376,120.138374
08BEAC0A07A2,2023-08-05,15:00:46,31.0,100.0,12.0,25.10392038,121.2447143
08BEAC0A05AC,2023-08-05,15:00:51,30.7,100.0,0.0,22.912748,120.261227
08BEAC0A089E,2023-08-05,15:01:02,27.8,100.0,0.0,23.12107103,120.4585091
08BEAC0A0508,2023-08-05,15:01:39,31.5,100.0,7.0,23.138713,120.324702
08BEAC0A04EC,2023-08-05,15:01:49,29.6,100.0,12.0,24.936085,121.223586
08BEAC0A084E,2023-08-05,15:01:56,32.5,100.0,6.0,24.9785086,121.3061612
08BEAC0A080E,2023-08-05,15:02:08,33.3,100.0,6.0,23.158097,120.170618
08BEAC0A0742,2023-08-05,15:02:36,31.6,100.0,7.0,23.003578,120.240161
08BEAC0A0774,2023-08-05,15:02:46,30.8,100.0,4.0,22.992411,120.294135
08BEAC0A0398,2023-08-05,15:03:13,31.6,100.0,12.0,24.1494507,120.6816876
08BEAC0A06FA,2023-08-05,15:03:18,30.0,100.0,0.0,23.04435,120.470196
08BEAC0A019A,2023-08-05,15:03:29,31.0,100.0,12.0,23.3199,120.34515
08BEAC0A0296,2023-08-05,15:03:29,31.5,100.0,11.0,23.741269,120.401443
08BEAC0A0480,2023-08-05,15:03:39,32.3,100.0,8.0,23.190069,120.192365
08BEAC0A06A6,2023-08-05,15:03:41,31.8,100.0,8.0,22.977305,120.186438
08BEAC0A0156,2023-08-05,15:03:50,29.7,100.0,0.0,24.0838267,120.752756
08BEAC0A0464,2023-08-05,15:04:18,32.1,100.0,7.0,22.989813,120.203024
08BEAC0A0226,2023-08-05,15:04:34,30.5,100.0,0.0,23.2174825,120.365091
08BEAC0A0218,2023-08-05,15:04:37,30.0,100.0,9.0,23.6869687,120.5865383
08BEAC0A01AA,2023-08-05,15:04:44,32.6,78.0,12.0,24.9751,121.269826
08BEAC0A0830,2023-08-05,15:04:59,30.6,100.0,0.0,22.956295,120.248057
08BEAC0A0640,2023-08-05,15:05:07,32.2,100.0,8.0,23.160034,120.18215
08BEAC0A0826,2023-08-05,15:05:18,32.0,100.0,6.0,23.0865158,120.3191882
08BEAC0A0340,2023-08-05,15:05:46,32.3,100.0,10.0,22.9193352,120.2170451
08BEAC0A0040,2023-08-05,15:05:47,31.1,100.0,0.0,22.99133,120.230478
08BEAC0A0678,2023-08-05,15:05:51,31.7,100.0,8.0,23.139376,120.138374
08BEAC0A07A2,2023-08-05,15:06:01,31.1,100.0,13.0,25.10392038,121.2447143
08BEAC0A05AC,2023-08-05,15:06:08,30.7,100.0,0.0,22.912748,120.261227
08BEAC0A089E,2023-08-05,15:06:18,28.2,100.0,0.0,23.12107103,120.4585091
08BEAC0A0508,2023-08-05,15:06:54,31.5,100.0,8.0,23.138713,120.324702
08BEAC0A04EC,2023-08-05,15:07:05,29.6,100.0,12.0,24.936085,121.223586
08BEAC0A080E,2023-08-05,15:07:26,33.3,100.0,6.0,23.158097,120.170618
08BEAC0A084E,2023-08-05,15:07:51,32.5,100.0,7.0,24.9785086,121.3061612
08BEAC0A0774,2023-08-05,15:08:04,31.0,100.0,4.0,22.992411,120.294135
08BEAC0A0398,2023-08-05,15:08:29,31.6,100.0,12.0,24.1494507,120.6816876
08BEAC0A06FA,2023-08-05,15:08:36,29.8,100.0,0.0,23.04435,120.470196
08BEAC0A0742,2023-08-05,15:08:42,31.3,100.0,7.0,23.003578,120.240161
08BEAC0A019A,2023-08-05,15:08:44,31.0,100.0,12.0,23.3199,120.34515
08BEAC0A0296,2023-08-05,15:08:46,31.5,100.0,12.0,23.741269,120.401443
08BEAC0A0480,2023-08-05,15:08:56,32.3,100.0,7.0,23.190069,120.192365
08BEAC0A06A6,2023-08-05,15:08:58,31.6,100.0,8.0,22.977305,120.186438
08BEAC0A0156,2023-08-05,15:09:07,29.7,100.0,0.0,24.0838267,120.752756
08BEAC0A0464,2023-08-05,15:09:36,31.8,100.0,7.0,22.989813,120.203024
08BEAC0A0226,2023-08-05,15:09:51,30.3,100.0,0.0,23.2174825,120.365091
08BEAC0A0218,2023-08-05,15:09:52,30.1,100.0,8.0,23.6869687,120.5865383
08BEAC0A01AA,2023-08-05,15:10:02,32.5,78.0,12.0,24.9751,121.269826
08BEAC0A0830,2023-08-05,15:10:17,30.6,100.0,0.0,22.956295,120.248057
08BEAC0A0640,2023-08-05,15:10:22,32.1,100.0,9.0,23.160034,120.18215
08BEAC0A0826,2023-08-05,15:10:35,31.8,100.0,7.0,23.0865158,120.3191882
08BEAC0A0340,2023-08-05,15:11:03,32.2,100.0,9.0,22.9193352,120.2170451
08BEAC0A0040,2023-08-05,15:11:04,31.1,100.0,0.0,22.99133,120.230478
08BEAC0A0678,2023-08-05,15:11:07,31.7,100.0,8.0,23.139376,120.138374
08BEAC0A07A2,2023-08-05,15:11:16,31.1,100.0,13.0,25.10392038,121.2447143
08BEAC0A05AC,2023-08-05,15:11:24,30.7,100.0,0.0,22.912748,120.261227
08BEAC0A089E,2023-08-05,15:11:33,28.0,100.0,0.0,23.12107103,120.4585091
08BEAC0A0508,2023-08-05,15:12:11,31.3,100.0,8.0,23.138713,120.324702
08BEAC0A04EC,2023-08-05,15:12:21,29.8,100.0,12.0,24.936085,121.223586
08BEAC0A080E,2023-08-05,15:12:41,33.3,100.0,6.0,23.158097,120.170618
08BEAC0A084E,2023-08-05,15:13:19,32.5,100.0,7.0,24.9785086,121.3061612
08BEAC0A0774,2023-08-05,15:13:20,31.0,100.0,4.0,22.992411,120.294135
08BEAC0A0398,2023-08-05,15:13:46,31.6,100.0,11.0,24.1494507,120.6816876
08BEAC0A06FA,2023-08-05,15:13:54,29.8,100.0,0.0,23.04435,120.470196
08BEAC0A019A,2023-08-05,15:13:59,30.8,100.0,13.0,23.3199,120.34515
08BEAC0A0742,2023-08-05,15:13:59,31.3,100.0,7.0,23.003578,120.240161
08BEAC0A0296,2023-08-05,15:14:04,31.5,100.0,12.0,23.741269,120.401443
08BEAC0A0480,2023-08-05,15:14:13,32.3,100.0,7.0,23.190069,120.192365
08BEAC0A06A6,2023-08-05,15:14:15,31.7,100.0,8.0,22.977305,120.186438
08BEAC0A0156,2023-08-05,15:14:23,29.7,100.0,0.0,24.0838267,120.752756
08BEAC0A0464,2023-08-05,15:14:52,31.8,100.0,7.0,22.989813,120.203024
08BEAC0A0226,2023-08-05,15:15:08,30.2,100.0,0.0,23.2174825,120.365091
08BEAC0A0218,2023-08-05,15:15:10,30.1,100.0,9.0,23.6869687,120.5865383
08BEAC0A01AA,2023-08-05,15:15:18,32.6,78.0,13.0,24.9751,121.269826
08BEAC0A0830,2023-08-05,15:15:32,30.5,100.0,0.0,22.956295,120.248057
08BEAC0A0640,2023-08-05,15:15:40,32.1,100.0,9.0,23.160034,120.18215
08BEAC0A0826,2023-08-05,15:15:54,31.6,100.0,7.0,23.0865158,120.3191882
08BEAC0A0040,2023-08-05,15:16:20,31.2,100.0,0.0,22.99133,120.230478
08BEAC0A0340,2023-08-05,15:16:20,32.1,100.0,10.0,22.9193352,120.2170451
08BEAC0A0678,2023-08-05,15:16:25,31.7,100.0,8.0,23.139376,120.138374
08BEAC0A07A2,2023-08-05,15:16:32,31.2,100.0,12.0,25.10392038,121.2447143
08BEAC0A05AC,2023-08-05,15:16:42,30.7,100.0,0.0,22.912748,120.261227
08BEAC0A089E,2023-08-05,15:16:47,27.8,100.0,0.0,23.12107103,120.4585091
08BEAC0A0508,2023-08-05,15:17:26,31.5,100.0,8.0,23.138713,120.324702
08BEAC0A04EC,2023-08-05,15:17:39,29.8,100.0,12.0,24.936085,121.223586
08BEAC0A080E,2023-08-05,15:17:57,33.3,100.0,5.0,23.158097,120.170618
08BEAC0A0774,2023-08-05,15:18:35,30.8,100.0,3.0,22.992411,120.294135
08BEAC0A084E,2023-08-05,15:18:51,32.5,100.0,6.0,24.9785086,121.3061612
08BEAC0A0398,2023-08-05,15:19:03,31.6,100.0,11.0,24.1494507,120.6816876
08BEAC0A06FA,2023-08-05,15:19:09,29.7,100.0,0.0,23.04435,120.470196
08BEAC0A019A,2023-08-05,15:19:15,30.7,100.0,12.0,23.3199,120.34515
08BEAC0A0742,2023-08-05,15:19:16,31.1,100.0,8.0,23.003578,120.240161
08BEAC0A0296,2023-08-05,15:19:20,31.5,100.0,10.0,23.741269,120.401443
08BEAC0A0480,2023-08-05,15:19:29,32.3,100.0,8.0,23.190069,120.192365
08BEAC0A06A6,2023-08-05,15:19:31,31.7,100.0,7.0,22.977305,120.186438
08BEAC0A0156,2023-08-05,15:19:40,29.8,100.0,0.0,24.0838267,120.752756
08BEAC0A0464,2023-08-05,15:20:09,31.8,100.0,7.0,22.989813,120.203024
08BEAC0A0218,2023-08-05,15:20:26,30.1,100.0,8.0,23.6869687,120.5865383
08BEAC0A0226,2023-08-05,15:20:26,30.1,100.0,0.0,23.2174825,120.365091
08BEAC0A01AA,2023-08-05,15:20:34,32.5,79.0,12.0,24.9751,121.269826
08BEAC0A0830,2023-08-05,15:20:55,30.7,100.0,0.0,22.956295,120.248057
08BEAC0A0640,2023-08-05,15:20:56,32.1,100.0,10.0,23.160034,120.18215
08BEAC0A0826,2023-08-05,15:21:09,31.2,100.0,6.0,23.0865158,120.3191882
08BEAC0A0340,2023-08-05,15:21:35,32.1,100.0,9.0,22.9193352,120.2170451
08BEAC0A0040,2023-08-05,15:21:39,31.1,100.0,0.0,22.99133,120.230478
08BEAC0A0678,2023-08-05,15:21:42,31.8,100.0,8.0,23.139376,120.138374
08BEAC0A07A2,2023-08-05,15:21:49,31.0,100.0,12.0,25.10392038,121.2447143
08BEAC0A05AC,2023-08-05,15:21:58,30.7,100.0,0.0,22.912748,120.261227
08BEAC0A089E,2023-08-05,15:22:04,28.1,100.0,0.0,23.12107103,120.4585091
08BEAC0A0508,2023-08-05,15:22:42,31.3,100.0,9.0,23.138713,120.324702
08BEAC0A04EC,2023-08-05,15:22:57,29.8,100.0,12.0,24.936085,121.223586
08BEAC0A080E,2023-08-05,15:23:13,33.3,100.0,6.0,23.158097,120.170618
08BEAC0A0774,2023-08-05,15:23:50,30.8,100.0,4.0,22.992411,120.294135
08BEAC0A0398,2023-08-05,15:24:18,31.5,100.0,11.0,24.1494507,120.6816876
08BEAC0A084E,2023-08-05,15:24:22,32.5,100.0,7.0,24.9785086,121.3061612
08BEAC0A06FA,2023-08-05,15:24:24,29.7,100.0,0.0,23.04435,120.470196
08BEAC0A019A,2023-08-05,15:24:30,30.8,100.0,13.0,23.3199,120.34515
08BEAC0A0742,2023-08-05,15:24:33,31.1,100.0,7.0,23.003578,120.240161
08BEAC0A0296,2023-08-05,15:24:36,31.5,100.0,12.0,23.741269,120.401443
08BEAC0A0480,2023-08-05,15:24:45,32.2,100.0,8.0,23.190069,120.192365
08BEAC0A06A6,2023-08-05,15:24:47,31.6,100.0,7.0,22.977305,120.186438
08BEAC0A0156,2023-08-05,15:24:59,29.7,100.0,0.0,24.0838267,120.752756
08BEAC0A0464,2023-08-05,15:25:26,31.8,100.0,8.0,22.989813,120.203024
08BEAC0A0226,2023-08-05,15:25:43,30.1,100.0,0.0,23.2174825,120.365091
08BEAC0A0218,2023-08-05,15:25:44,30.1,100.0,8.0,23.6869687,120.5865383
08BEAC0A01AA,2023-08-05,15:25:50,32.5,79.0,12.0,24.9751,121.269826
08BEAC0A0830,2023-08-05,15:26:11,30.7,100.0,0.0,22.956295,120.248057
08BEAC0A0640,2023-08-05,15:26:12,32.1,100.0,9.0,23.160034,120.18215
08BEAC0A0826,2023-08-05,15:26:26,31.2,100.0,7.0,23.0865158,120.3191882
08BEAC0A0340,2023-08-05,15:26:52,32.1,100.0,10.0,22.9193352,120.2170451
08BEAC0A0678,2023-08-05,15:26:58,32.0,100.0,8.0,23.139376,120.138374
08BEAC0A0040,2023-08-05,15:27:00,31.0,100.0,0.0,22.99133,120.230478
08BEAC0A07A2,2023-08-05,15:27:06,31.1,100.0,11.0,25.10392038,121.2447143
08BEAC0A05AC,2023-08-05,15:27:15,30.7,100.0,0.0,22.912748,120.261227
08BEAC0A089E,2023-08-05,15:27:18,28.1,100.0,0.0,23.12107103,120.4585091
08BEAC0A0508,2023-08-05,15:28:00,31.1,100.0,9.0,23.138713,120.324702
08BEAC0A04EC,2023-08-05,15:28:13,30.0,100.0,13.0,24.936085,121.223586
08BEAC0A080E,2023-08-05,15:28:33,33.3,100.0,6.0,23.158097,120.170618
08BEAC0A0774,2023-08-05,15:29:06,30.8,100.0,5.0,22.992411,120.294135
08BEAC0A0398,2023-08-05,15:29:34,31.5,100.0,11.0,24.1494507,120.6816876
08BEAC0A084E,2023-08-05,15:29:39,32.5,100.0,7.0,24.9785086,121.3061612
08BEAC0A06FA,2023-08-05,15:29:41,29.7,100.0,0.0,23.04435,120.470196
08BEAC0A019A,2023-08-05,15:29:46,30.8,100.0,13.0,23.3199,120.34515
08BEAC0A0742,2023-08-05,15:29:49,31.1,100.0,7.0,23.003578,120.240161
08BEAC0A0296,2023-08-05,15:29:54,31.5,100.0,9.0,23.741269,120.401443
08BEAC0A0480,2023-08-05,15:30:03,32.3,100.0,8.0,23.190069,120.192365
08BEAC0A06A6,2023-08-05,15:30:04,31.7,100.0,8.0,22.977305,120.186438
08BEAC0A0156,2023-08-05,15:30:16,29.8,100.0,0.0,24.0838267,120.752756
08BEAC0A0464,2023-08-05,15:30:43,31.8,100.0,8.0,22.989813,120.203024
08BEAC0A0218,2023-08-05,15:30:59,30.2,100.0,8.0,23.6869687,120.5865383
08BEAC0A0226,2023-08-05,15:31:00,30.1,100.0,0.0,23.2174825,120.365091
08BEAC0A01AA,2023-08-05,15:31:06,32.5,79.0,13.0,24.9751,121.269826
08BEAC0A0640,2023-08-05,15:31:27,32.3,100.0,9.0,23.160034,120.18215
08BEAC0A0830,2023-08-05,15:31:27,30.6,100.0,0.0,22.956295,120.248057
08BEAC0A0826,2023-08-05,15:31:42,31.2,100.0,7.0,23.0865158,120.3191882
08BEAC0A0340,2023-08-05,15:32:07,32.1,100.0,10.0,22.9193352,120.2170451
08BEAC0A0678,2023-08-05,15:32:14,32.1,100.0,7.0,23.139376,120.138374
08BEAC0A0040,2023-08-05,15:32:16,31.0,100.0,0.0,22.99133,120.230478
08BEAC0A07A2,2023-08-05,15:32:24,31.0,100.0,11.0,25.10392038,121.2447143
08BEAC0A05AC,2023-08-05,15:32:30,30.7,100.0,0.0,22.912748,120.261227
08BEAC0A089E,2023-08-05,15:32:35,28.1,100.0,0.0,23.12107103,120.4585091
08BEAC0A0508,2023-08-05,15:33:18,31.1,100.0,8.0,23.138713,120.324702
08BEAC0A080E,2023-08-05,15:33:49,33.5,100.0,5.0,23.158097,120.170618
08BEAC0A0774,2023-08-05,15:34:23,30.8,100.0,4.0,22.992411,120.294135
08BEAC0A0398,2023-08-05,15:34:51,31.5,100.0,11.0,24.1494507,120.6816876
08BEAC0A06FA,2023-08-05,15:34:58,29.7,100.0,0.0,23.04435,120.470196
08BEAC0A019A,2023-08-05,15:35:01,30.7,100.0,11.0,23.3199,120.34515
08BEAC0A084E,2023-08-05,15:35:04,32.5,100.0,6.0,24.9785086,121.3061612
08BEAC0A0742,2023-08-05,15:35:06,31.0,100.0,7.0,23.003578,120.240161
08BEAC0A0296,2023-08-05,15:35:09,31.3,100.0,10.0,23.741269,120.401443
08BEAC0A0480,2023-08-05,15:35:19,32.3,100.0,9.0,23.190069,120.192365
08BEAC0A06A6,2023-08-05,15:35:19,31.7,100.0,8.0,22.977305,120.186438
08BEAC0A0156,2023-08-05,15:35:32,29.7,100.0,0.0,24.0838267,120.752756
08BEAC0A0464,2023-08-05,15:36:01,31.8,100.0,8.0,22.989813,120.203024
08BEAC0A0226,2023-08-05,15:36:15,30.1,100.0,0.0,23.2174825,120.365091
08BEAC0A0218,2023-08-05,15:36:17,30.1,100.0,7.0,23.6869687,120.5865383
08BEAC0A01AA,2023-08-05,15:36:21,32.6,79.0,12.0,24.9751,121.269826
08BEAC0A0780,2023-08-05,15:36:38,30.1,100.0,0.0,23.048983,120.174614
08BEAC0A0830,2023-08-05,15:36:41,30.3,100.0,0.0,22.956295,120.248057
08BEAC0A0640,2023-08-05,15:36:43,32.1,100.0,10.0,23.160034,120.18215
08BEAC0A0826,2023-08-05,15:36:58,31.2,100.0,7.0,23.0865158,120.3191882
08BEAC0A0340,2023-08-05,15:37:23,32.0,100.0,10.0,22.9193352,120.2170451
08BEAC0A0040,2023-08-05,15:37:32,31.1,100.0,0.0,22.99133,120.230478
08BEAC0A0678,2023-08-05,15:37:33,32.0,100.0,8.0,23.139376,120.138374
08BEAC0A07A2,2023-08-05,15:37:40,31.0,100.0,12.0,25.10392038,121.2447143
08BEAC0A05AC,2023-08-05,15:37:47,30.8,100.0,0.0,22.912748,120.261227
08BEAC0A089E,2023-08-05,15:37:51,28.1,100.0,0.0,23.12107103,120.4585091
08BEAC0A0508,2023-08-05,15:38:36,31.1,100.0,8.0,23.138713,120.324702
08BEAC0A080E,2023-08-05,15:39:04,33.5,100.0,6.0,23.158097,120.170618
08BEAC0A04EC,2023-08-05,15:39:10,29.6,100.0,12.0,24.936085,121.223586
08BEAC0A0774,2023-08-05,15:39:38,30.8,100.0,4.0,22.992411,120.294135
08BEAC0A0398,2023-08-05,15:40:08,31.5,100.0,11.0,24.1494507,120.6816876
08BEAC0A06FA,2023-08-05,15:40:13,29.7,100.0,0.0,23.04435,120.470196
08BEAC0A019A,2023-08-05,15:40:18,30.8,100.0,12.0,23.3199,120.34515
08BEAC0A084E,2023-08-05,15:40:21,32.6,100.0,6.0,24.9785086,121.3061612
08BEAC0A0742,2023-08-05,15:40:23,31.2,100.0,7.0,23.003578,120.240161
08BEAC0A0296,2023-08-05,15:40:26,31.5,100.0,11.0,23.741269,120.401443
08BEAC0A0480,2023-08-05,15:40:35,32.3,100.0,8.0,23.190069,120.192365
08BEAC0A06A6,2023-08-05,15:40:36,31.7,100.0,8.0,22.977305,120.186438
08BEAC0A0156,2023-08-05,15:40:48,29.7,100.0,0.0,24.0838267,120.752756
08BEAC0A0464,2023-08-05,15:41:16,31.8,100.0,8.0,22.989813,120.203024
08BEAC0A0226,2023-08-05,15:41:30,30.1,100.0,0.0,23.2174825,120.365091
08BEAC0A0218,2023-08-05,15:41:34,30.1,100.0,8.0,23.6869687,120.5865383
08BEAC0A01AA,2023-08-05,15:41:39,32.7,79.0,13.0,24.9751,121.269826
08BEAC0A0640,2023-08-05,15:41:59,32.1,100.0,9.0,23.160034,120.18215
08BEAC0A0830,2023-08-05,15:41:59,30.3,100.0,0.0,22.956295,120.248057
08BEAC0A0826,2023-08-05,15:42:14,31.3,100.0,7.0,23.0865158,120.3191882
08BEAC0A0340,2023-08-05,15:42:38,32.1,100.0,10.0,22.9193352,120.2170451
08BEAC0A0040,2023-08-05,15:42:48,31.1,100.0,0.0,22.99133,120.230478
08BEAC0A0678,2023-08-05,15:42:51,32.0,100.0,9.0,23.139376,120.138374
08BEAC0A07A2,2023-08-05,15:42:56,31.0,100.0,12.0,25.10392038,121.2447143
08BEAC0A05AC,2023-08-05,15:43:04,31.0,100.0,0.0,22.912748,120.261227
08BEAC0A089E,2023-08-05,15:43:06,28.3,100.0,0.0,23.12107103,120.4585091
08BEAC0A0508,2023-08-05,15:43:53,31.1,100.0,8.0,23.138713,120.324702
08BEAC0A080E,2023-08-05,15:44:19,33.3,100.0,6.0,23.158097,120.170618
08BEAC0A04EC,2023-08-05,15:44:26,29.7,100.0,12.0,24.936085,121.223586
08BEAC0A0774,2023-08-05,15:44:56,31.0,100.0,3.0,22.992411,120.294135
08BEAC0A0398,2023-08-05,15:45:25,31.5,100.0,10.0,24.1494507,120.6816876
08BEAC0A06FA,2023-08-05,15:45:29,29.7,100.0,0.0,23.04435,120.470196
08BEAC0A019A,2023-08-05,15:45:34,30.8,100.0,10.0,23.3199,120.34515
08BEAC0A0742,2023-08-05,15:45:40,31.0,100.0,8.0,23.003578,120.240161
08BEAC0A0296,2023-08-05,15:45:42,31.3,100.0,10.0,23.741269,120.401443
08BEAC0A084E,2023-08-05,15:45:51,32.5,100.0,6.0,24.9785086,121.3061612
08BEAC0A0480,2023-08-05,15:45:52,32.3,100.0,8.0,23.190069,120.192365
08BEAC0A06A6,2023-08-05,15:45:53,31.7,100.0,8.0,22.977305,120.186438
08BEAC0A0156,2023-08-05,15:46:05,29.7,100.0,0.0,24.0838267,120.752756
08BEAC0A0464,2023-08-05,15:46:30,31.8,100.0,7.0,22.989813,120.203024
08BEAC0A0226,2023-08-05,15:46:46,30.0,100.0,0.0,23.2174825,120.365091
08BEAC0A0218,2023-08-05,15:46:53,30.1,100.0,7.0,23.6869687,120.5865383
08BEAC0A01AA,2023-08-05,15:46:54,32.7,79.0,12.0,24.9751,121.269826
08BEAC0A0830,2023-08-05,15:47:13,30.5,100.0,0.0,22.956295,120.248057
08BEAC0A0640,2023-08-05,15:47:16,32.1,100.0,9.0,23.160034,120.18215
08BEAC0A0826,2023-08-05,15:47:31,31.3,100.0,7.0,23.0865158,120.3191882
08BEAC0A0340,2023-08-05,15:47:56,32.1,100.0,11.0,22.9193352,120.2170451
08BEAC0A0040,2023-08-05,15:48:05,30.7,100.0,0.0,22.99133,120.230478
08BEAC0A0678,2023-08-05,15:48:08,32.0,100.0,8.0,23.139376,120.138374
08BEAC0A07A2,2023-08-05,15:48:11,31.0,100.0,11.0,25.10392038,121.2447143
08BEAC0A05AC,2023-08-05,15:48:21,31.0,100.0,0.0,22.912748,120.261227
08BEAC0A089E,2023-08-05,15:48:23,28.5,100.0,0.0,23.12107103,120.4585091
08BEAC0A0508,2023-08-05,15:49:08,31.1,100.0,7.0,23.138713,120.324702
08BEAC0A080E,2023-08-05,15:49:37,33.3,100.0,6.0,23.158097,120.170618
08BEAC0A04EC,2023-08-05,15:49:44,29.8,100.0,13.0,24.936085,121.223586
08BEAC0A0774,2023-08-05,15:50:13,31.1,100.0,3.0,22.992411,120.294135
08BEAC0A0398,2023-08-05,15:50:42,31.5,100.0,9.0,24.1494507,120.6816876
08BEAC0A06FA,2023-08-05,15:50:47,29.6,100.0,0.0,23.04435,120.470196
08BEAC0A019A,2023-08-05,15:50:50,30.8,100.0,11.0,23.3199,120.34515
08BEAC0A0742,2023-08-05,15:50:56,31.1,100.0,8.0,23.003578,120.240161
08BEAC0A0296,2023-08-05,15:50:57,31.3,100.0,11.0,23.741269,120.401443
08BEAC0A0480,2023-08-05,15:51:08,32.3,100.0,7.0,23.190069,120.192365
08BEAC0A06A6,2023-08-05,15:51:09,31.7,100.0,7.0,22.977305,120.186438
08BEAC0A084E,2023-08-05,15:51:20,32.6,100.0,6.0,24.9785086,121.3061612
08BEAC0A0156,2023-08-05,15:51:22,29.7,100.0,0.0,24.0838267,120.752756
08BEAC0A0464,2023-08-05,15:51:46,31.8,100.0,7.0,22.989813,120.203024
08BEAC0A0226,2023-08-05,15:52:03,30.0,100.0,0.0,23.2174825,120.365091
08BEAC0A01AA,2023-08-05,15:52:09,32.7,78.0,13.0,24.9751,121.269826
08BEAC0A0218,2023-08-05,15:52:09,30.1,100.0,8.0,23.6869687,120.5865383
08BEAC0A0830,2023-08-05,15:52:31,30.6,100.0,0.0,22.956295,120.248057
08BEAC0A0640,2023-08-05,15:52:32,32.2,100.0,9.0,23.160034,120.18215
08BEAC0A0826,2023-08-05,15:52:47,31.3,100.0,7.0,23.0865158,120.3191882
08BEAC0A0340,2023-08-05,15:53:11,32.1,100.0,10.0,22.9193352,120.2170451
08BEAC0A0040,2023-08-05,15:53:22,30.8,100.0,0.0,22.99133,120.230478
08BEAC0A0678,2023-08-05,15:53:25,32.1,100.0,8.0,23.139376,120.138374
08BEAC0A07A2,2023-08-05,15:53:29,30.8,100.0,12.0,25.10392038,121.2447143
08BEAC0A05AC,2023-08-05,15:53:37,30.8,100.0,0.0,22.912748,120.261227
08BEAC0A089E,2023-08-05,15:53:39,28.1,100.0,0.0,23.12107103,120.4585091
08BEAC0A0508,2023-08-05,15:54:24,31.1,100.0,7.0,23.138713,120.324702
08BEAC0A080E,2023-08-05,15:54:55,33.3,100.0,6.0,23.158097,120.170618
08BEAC0A04EC,2023-08-05,15:54:59,29.6,100.0,12.0,24.936085,121.223586
08BEAC0A0774,2023-08-05,15:55:28,31.1,100.0,4.0,22.992411,120.294135
08BEAC0A0398,2023-08-05,15:55:58,31.5,100.0,11.0,24.1494507,120.6816876
08BEAC0A06FA,2023-08-05,15:56:03,29.5,100.0,0.0,23.04435,120.470196
08BEAC0A019A,2023-08-05,15:56:07,31.0,100.0,12.0,23.3199,120.34515
08BEAC0A0742,2023-08-05,15:56:13,31.1,100.0,7.0,23.003578,120.240161
08BEAC0A0296,2023-08-05,15:56:14,31.3,100.0,9.0,23.741269,120.401443
08BEAC0A0480,2023-08-05,15:56:22,32.3,100.0,8.0,23.190069,120.192365
08BEAC0A06A6,2023-08-05,15:56:25,31.7,100.0,8.0,22.977305,120.186438
08BEAC0A0156,2023-08-05,15:56:38,29.6,100.0,0.0,24.0838267,120.752756
08BEAC0A084E,2023-08-05,15:57:00,32.6,100.0,6.0,24.9785086,121.3061612
08BEAC0A0464,2023-08-05,15:57:02,31.7,100.0,7.0,22.989813,120.203024
08BEAC0A0226,2023-08-05,15:57:18,29.8,100.0,0.0,23.2174825,120.365091
08BEAC0A01AA,2023-08-05,15:57:23,32.8,78.0,12.0,24.9751,121.269826
08BEAC0A0218,2023-08-05,15:57:23,30.1,100.0,8.0,23.6869687,120.5865383
08BEAC0A0830,2023-08-05,15:57:48,30.6,100.0,0.0,22.956295,120.248057
08BEAC0A0640,2023-08-05,15:57:49,32.0,100.0,10.0,23.160034,120.18215
08BEAC0A0826,2023-08-05,15:58:04,31.3,100.0,7.0,23.0865158,120.3191882
08BEAC0A0340,2023-08-05,15:58:31,32.0,100.0,10.0,22.9193352,120.2170451
08BEAC0A0040,2023-08-05,15:58:38,31.0,100.0,0.0,22.99133,120.230478
08BEAC0A0678,2023-08-05,15:58:40,32.1,100.0,8.0,23.139376,120.138374
08BEAC0A07A2,2023-08-05,15:58:44,30.8,100.0,12.0,25.10392038,121.2447143
08BEAC0A05AC,2023-08-05,15:58:54,30.8,100.0,0.0,22.912748,120.261227
08BEAC0A089E,2023-08-05,15:58:55,27.3,100.0,0.0,23.12107103,120.4585091
08BEAC0A0508,2023-08-05,15:59:39,31.0,100.0,7.0,23.138713,120.324702
08BEAC0A080E,2023-08-05,16:00:12,33.3,100.0,6.0,23.158097,120.170618
08BEAC0A04EC,2023-08-05,16:00:14,29.5,100.0,12.0,24.936085,121.223586
08BEAC0A0774,2023-08-05,16:00:44,31.1,100.0,4.0,22.992411,120.294135
08BEAC0A0398,2023-08-05,16:01:13,31.5,100.0,10.0,24.1494507,120.6816876
08BEAC0A06FA,2023-08-05,16:01:20,29.5,100.0,0.0,23.04435,120.470196
08BEAC0A019A,2023-08-05,16:01:23,31.0,100.0,12.0,23.3199,120.34515
08BEAC0A0296,2023-08-05,16:01:29,31.3,100.0,11.0,23.741269,120.401443
08BEAC0A0742,2023-08-05,16:01:31,31.1,100.0,8.0,23.003578,120.240161
08BEAC0A0480,2023-08-05,16:01:37,32.3,100.0,7.0,23.190069,120.192365
08BEAC0A06A6,2023-08-05,16:01:42,31.7,100.0,8.0,22.977305,120.186438
08BEAC0A0156,2023-08-05,16:01:55,29.6,100.0,0.0,24.0838267,120.752756
08BEAC0A0464,2023-08-05,16:02:19,31.7,100.0,7.0,22.989813,120.203024
08BEAC0A084E,2023-08-05,16:02:21,32.6,100.0,6.0,24.9785086,121.3061612
08BEAC0A0226,2023-08-05,16:02:35,30.0,100.0,0.0,23.2174825,120.365091
08BEAC0A0218,2023-08-05,16:02:38,30.0,100.0,7.0,23.6869687,120.5865383
08BEAC0A01AA,2023-08-05,16:02:39,32.8,78.0,12.0,24.9751,121.269826
08BEAC0A0830,2023-08-05,16:03:03,30.7,100.0,0.0,22.956295,120.248057
08BEAC0A0640,2023-08-05,16:03:07,32.1,100.0,9.0,23.160034,120.18215
08BEAC0A0826,2023-08-05,16:03:19,31.2,100.0,7.0,23.0865158,120.3191882
08BEAC0A0340,2023-08-05,16:03:48,32.0,100.0,10.0,22.9193352,120.2170451
08BEAC0A0040,2023-08-05,16:03:57,31.1,100.0,0.0,22.99133,120.230478
08BEAC0A0678,2023-08-05,16:03:59,32.0,100.0,8.0,23.139376,120.138374
08BEAC0A07A2,2023-08-05,16:04:02,31.0,100.0,11.0,25.10392038,121.2447143
08BEAC0A05AC,2023-08-05,16:04:10,30.7,100.0,0.0,22.912748,120.261227
08BEAC0A089E,2023-08-05,16:04:12,28.0,100.0,0.0,23.12107103,120.4585091
08BEAC0A0508,2023-08-05,16:04:56,31.0,100.0,7.0,23.138713,120.324702
08BEAC0A080E,2023-08-05,16:05:28,33.3,100.0,5.0,23.158097,120.170618
08BEAC0A04EC,2023-08-05,16:05:30,29.5,100.0,13.0,24.936085,121.223586
08BEAC0A0774,2023-08-05,16:05:59,31.0,100.0,4.0,22.992411,120.294135
08BEAC0A0398,2023-08-05,16:06:30,31.6,100.0,10.0,24.1494507,120.6816876
08BEAC0A06FA,2023-08-05,16:06:35,29.5,100.0,0.0,23.04435,120.470196
08BEAC0A019A,2023-08-05,16:06:38,31.0,100.0,12.0,23.3199,120.34515
08BEAC0A0296,2023-08-05,16:06:44,31.3,100.0,10.0,23.741269,120.401443
08BEAC0A0742,2023-08-05,16:06:49,31.2,100.0,8.0,23.003578,120.240161
08BEAC0A0480,2023-08-05,16:06:53,32.3,100.0,8.0,23.190069,120.192365
08BEAC0A06A6,2023-08-05,16:06:59,31.7,100.0,8.0,22.977305,120.186438
08BEAC0A0156,2023-08-05,16:07:11,29.6,100.0,0.0,24.0838267,120.752756
08BEAC0A0464,2023-08-05,16:07:35,31.7,100.0,8.0,22.989813,120.203024
08BEAC0A0226,2023-08-05,16:07:50,30.1,100.0,0.0,23.2174825,120.365091
08BEAC0A084E,2023-08-05,16:07:50,32.5,100.0,7.0,24.9785086,121.3061612
08BEAC0A0218,2023-08-05,16:07:53,30.0,100.0,7.0,23.6869687,120.5865383
08BEAC0A01AA,2023-08-05,16:07:55,32.8,79.0,13.0,24.9751,121.269826
08BEAC0A0830,2023-08-05,16:08:19,30.5,100.0,0.0,22.956295,120.248057
08BEAC0A0640,2023-08-05,16:08:25,32.1,100.0,9.0,23.160034,120.18215
08BEAC0A0826,2023-08-05,16:08:37,31.3,100.0,8.0,23.0865158,120.3191882
08BEAC0A0340,2023-08-05,16:09:05,32.1,100.0,9.0,22.9193352,120.2170451
08BEAC0A0040,2023-08-05,16:09:13,31.1,100.0,0.0,22.99133,120.230478
08BEAC0A07A2,2023-08-05,16:09:19,31.0,100.0,10.0,25.10392038,121.2447143
08BEAC0A0678,2023-08-05,16:09:22,31.7,100.0,8.0,23.139376,120.138374
08BEAC0A089E,2023-08-05,16:09:30,28.0,100.0,0.0,23.12107103,120.4585091
08BEAC0A0508,2023-08-05,16:10:14,30.8,100.0,7.0,23.138713,120.324702
08BEAC0A080E,2023-08-05,16:10:43,33.3,100.0,5.0,23.158097,120.170618
08BEAC0A04EC,2023-08-05,16:10:45,29.6,100.0,18.0,24.936085,121.223586
08BEAC0A0774,2023-08-05,16:11:16,31.1,100.0,4.0,22.992411,120.294135
08BEAC0A0398,2023-08-05,16:11:47,31.6,100.0,11.0,24.1494507,120.6816876
08BEAC0A06FA,2023-08-05,16:11:52,29.5,100.0,0.0,23.04435,120.470196
08BEAC0A019A,2023-08-05,16:11:55,31.0,100.0,11.0,23.3199,120.34515
08BEAC0A0296,2023-08-05,16:12:00,31.3,100.0,11.0,23.741269,120.401443
08BEAC0A0742,2023-08-05,16:12:04,31.1,100.0,7.0,23.003578,120.240161
08BEAC0A0480,2023-08-05,16:12:10,32.3,100.0,7.0,23.190069,120.192365
08BEAC0A06A6,2023-08-05,16:12:15,31.8,100.0,9.0,22.977305,120.186438
08BEAC0A0156,2023-08-05,16:12:28,29.6,100.0,0.0,24.0838267,120.752756
08BEAC0A0464,2023-08-05,16:12:52,31.6,100.0,8.0,22.989813,120.203024
08BEAC0A0226,2023-08-05,16:13:05,30.1,100.0,0.0,23.2174825,120.365091
08BEAC0A0218,2023-08-05,16:13:08,30.1,100.0,8.0,23.6869687,120.5865383
08BEAC0A01AA,2023-08-05,16:13:13,32.7,79.0,11.0,24.9751,121.269826
08BEAC0A084E,2023-08-05,16:13:22,32.5,100.0,7.0,24.9785086,121.3061612
08BEAC0A0830,2023-08-05,16:13:35,30.3,100.0,0.0,22.956295,120.248057
08BEAC0A0640,2023-08-05,16:13:40,32.2,100.0,10.0,23.160034,120.18215
08BEAC0A0826,2023-08-05,16:13:54,31.3,100.0,8.0,23.0865158,120.3191882
08BEAC0A0340,2023-08-05,16:14:19,32.0,100.0,9.0,22.9193352,120.2170451
08BEAC0A0040,2023-08-05,16:14:33,31.1,100.0,0.0,22.99133,120.230478
08BEAC0A07A2,2023-08-05,16:14:34,31.0,100.0,12.0,25.10392038,121.2447143
08BEAC0A05AC,2023-08-05,16:14:39,30.7,100.0,0.0,22.912748,120.261227
08BEAC0A0678,2023-08-05,16:14:39,31.7,100.0,9.0,23.139376,120.138374
08BEAC0A089E,2023-08-05,16:14:46,28.2,100.0,0.0,23.12107103,120.4585091
08BEAC0A0508,2023-08-05,16:15:30,31.0,100.0,7.0,23.138713,120.324702
08BEAC0A080E,2023-08-05,16:15:59,33.3,100.0,5.0,23.158097,120.170618
08BEAC0A04EC,2023-08-05,16:16:02,29.6,100.0,12.0,24.936085,121.223586
08BEAC0A0774,2023-08-05,16:16:33,31.2,100.0,4.0,22.992411,120.294135
08BEAC0A0398,2023-08-05,16:17:04,31.6,100.0,11.0,24.1494507,120.6816876
08BEAC0A06FA,2023-08-05,16:17:08,29.3,100.0,0.0,23.04435,120.470196
08BEAC0A019A,2023-08-05,16:17:10,31.0,100.0,12.0,23.3199,120.34515
08BEAC0A0296,2023-08-05,16:17:16,31.3,100.0,9.0,23.741269,120.401443
08BEAC0A0742,2023-08-05,16:17:19,31.0,100.0,8.0,23.003578,120.240161
08BEAC0A0480,2023-08-05,16:17:26,32.2,100.0,7.0,23.190069,120.192365
08BEAC0A06A6,2023-08-05,16:17:31,31.7,100.0,8.0,22.977305,120.186438
08BEAC0A0156,2023-08-05,16:17:44,29.7,100.0,0.0,24.0838267,120.752756
08BEAC0A0464,2023-08-05,16:18:11,31.6,100.0,8.0,22.989813,120.203024
08BEAC0A0226,2023-08-05,16:18:22,30.1,100.0,0.0,23.2174825,120.365091
08BEAC0A0218,2023-08-05,16:18:24,30.0,100.0,7.0,23.6869687,120.5865383
08BEAC0A01AA,2023-08-05,16:18:30,32.6,79.0,13.0,24.9751,121.269826
08BEAC0A084E,2023-08-05,16:18:49,32.5,100.0,6.0,24.9785086,121.3061612
08BEAC0A0830,2023-08-05,16:18:51,30.3,100.0,0.0,22.956295,120.248057
08BEAC0A0640,2023-08-05,16:18:56,32.1,100.0,9.0,23.160034,120.18215
08BEAC0A0826,2023-08-05,16:19:10,31.3,100.0,8.0,23.0865158,120.3191882
08BEAC0A0340,2023-08-05,16:19:35,32.1,100.0,10.0,22.9193352,120.2170451
08BEAC0A0040,2023-08-05,16:19:49,31.1,100.0,0.0,22.99133,120.230478
08BEAC0A07A2,2023-08-05,16:19:51,30.7,100.0,11.0,25.10392038,121.2447143
08BEAC0A05AC,2023-08-05,16:20:00,30.7,100.0,0.0,22.912748,120.261227
08BEAC0A089E,2023-08-05,16:20:04,28.3,100.0,0.0,23.12107103,120.4585091
08BEAC0A0678,2023-08-05,16:20:26,31.8,100.0,8.0,23.139376,120.138374
08BEAC0A0508,2023-08-05,16:20:44,31.1,100.0,7.0,23.138713,120.324702
08BEAC0A04EC,2023-08-05,16:21:18,29.3,100.0,11.0,24.936085,121.223586
08BEAC0A080E,2023-08-05,16:21:18,33.3,100.0,5.0,23.158097,120.170618
08BEAC0A0774,2023-08-05,16:21:49,31.3,100.0,5.0,22.992411,120.294135
08BEAC0A0398,2023-08-05,16:22:22,31.6,100.0,11.0,24.1494507,120.6816876
08BEAC0A06FA,2023-08-05,16:22:25,29.3,100.0,0.0,23.04435,120.470196
08BEAC0A019A,2023-08-05,16:22:26,31.0,100.0,11.0,23.3199,120.34515
08BEAC0A0296,2023-08-05,16:22:33,31.2,100.0,8.0,23.741269,120.401443
08BEAC0A0742,2023-08-05,16:22:37,31.1,100.0,7.0,23.003578,120.240161
08BEAC0A0480,2023-08-05,16:22:41,32.3,100.0,8.0,23.190069,120.192365
08BEAC0A06A6,2023-08-05,16:22:47,31.7,100.0,8.0,22.977305,120.186438
08BEAC0A0156,2023-08-05,16:23:02,29.6,100.0,0.0,24.0838267,120.752756
08BEAC0A0464,2023-08-05,16:23:26,31.7,100.0,8.0,22.989813,120.203024
08BEAC0A0226,2023-08-05,16:23:38,30.0,100.0,0.0,23.2174825,120.365091
08BEAC0A0218,2023-08-05,16:23:41,30.0,100.0,8.0,23.6869687,120.5865383
08BEAC0A01AA,2023-08-05,16:23:45,32.7,79.0,12.0,24.9751,121.269826
08BEAC0A0830,2023-08-05,16:24:06,30.3,100.0,0.0,22.956295,120.248057
08BEAC0A0640,2023-08-05,16:24:13,32.1,100.0,9.0,23.160034,120.18215
08BEAC0A084E,2023-08-05,16:24:19,32.5,100.0,6.0,24.9785086,121.3061612
08BEAC0A0826,2023-08-05,16:24:26,31.5,100.0,7.0,23.0865158,120.3191882
08BEAC0A0340,2023-08-05,16:24:53,32.0,100.0,10.0,22.9193352,120.2170451
08BEAC0A0040,2023-08-05,16:25:06,31.0,100.0,0.0,22.99133,120.230478
08BEAC0A07A2,2023-08-05,16:25:07,30.8,100.0,11.0,25.10392038,121.2447143
08BEAC0A05AC,2023-08-05,16:25:18,30.7,100.0,0.0,22.912748,120.261227
08BEAC0A089E,2023-08-05,16:25:20,28.1,100.0,0.0,23.12107103,120.4585091
08BEAC0A0508,2023-08-05,16:26:00,31.1,100.0,9.0,23.138713,120.324702
08BEAC0A0678,2023-08-05,16:26:06,31.7,100.0,8.0,23.139376,120.138374
08BEAC0A04EC,2023-08-05,16:26:34,29.2,100.0,12.0,24.936085,121.223586
08BEAC0A080E,2023-08-05,16:26:34,33.3,100.0,6.0,23.158097,120.170618
08BEAC0A0774,2023-08-05,16:27:06,31.2,100.0,5.0,22.992411,120.294135
08BEAC0A0398,2023-08-05,16:27:37,31.6,100.0,11.0,24.1494507,120.6816876
08BEAC0A019A,2023-08-05,16:27:41,31.0,100.0,11.0,23.3199,120.34515
08BEAC0A06FA,2023-08-05,16:27:42,29.5,100.0,0.0,23.04435,120.470196
08BEAC0A0296,2023-08-05,16:27:50,31.3,100.0,10.0,23.741269,120.401443
08BEAC0A0742,2023-08-05,16:27:57,31.1,100.0,8.0,23.003578,120.240161
08BEAC0A0480,2023-08-05,16:28:00,32.3,100.0,8.0,23.190069,120.192365
08BEAC0A06A6,2023-08-05,16:28:01,31.7,100.0,8.0,22.977305,120.186438
08BEAC0A0156,2023-08-05,16:28:18,29.6,100.0,0.0,24.0838267,120.752756
08BEAC0A0464,2023-08-05,16:28:41,31.7,100.0,7.0,22.989813,120.203024
08BEAC0A0226,2023-08-05,16:28:55,30.0,100.0,0.0,23.2174825,120.365091
08BEAC0A0218,2023-08-05,16:28:58,30.0,100.0,7.0,23.6869687,120.5865383
08BEAC0A01AA,2023-08-05,16:29:02,32.7,79.0,12.0,24.9751,121.269826
08BEAC0A0830,2023-08-05,16:29:21,30.5,100.0,0.0,22.956295,120.248057
08BEAC0A0640,2023-08-05,16:29:27,32.0,100.0,9.0,23.160034,120.18215
08BEAC0A0826,2023-08-05,16:29:41,31.6,100.0,7.0,23.0865158,120.3191882
08BEAC0A084E,2023-08-05,16:29:45,32.5,100.0,6.0,24.9785086,121.3061612
08BEAC0A0340,2023-08-05,16:30:11,32.1,100.0,11.0,22.9193352,120.2170451
08BEAC0A0040,2023-08-05,16:30:21,31.0,100.0,0.0,22.99133,120.230478
08BEAC0A07A2,2023-08-05,16:30:23,30.8,100.0,12.0,25.10392038,121.2447143
08BEAC0A05AC,2023-08-05,16:30:36,30.7,100.0,0.0,22.912748,120.261227
08BEAC0A089E,2023-08-05,16:30:36,28.1,100.0,0.0,23.12107103,120.4585091
08BEAC0A0508,2023-08-05,16:31:16,31.1,100.0,10.0,23.138713,120.324702
08BEAC0A080E,2023-08-05,16:31:51,33.3,100.0,5.0,23.158097,120.170618
08BEAC0A04EC,2023-08-05,16:31:54,29.1,100.0,11.0,24.936085,121.223586
08BEAC0A0678,2023-08-05,16:32:22,31.6,100.0,8.0,23.139376,120.138374
08BEAC0A0774,2023-08-05,16:32:23,31.1,100.0,5.0,22.992411,120.294135
08BEAC0A0398,2023-08-05,16:32:53,31.6,100.0,9.0,24.1494507,120.6816876
08BEAC0A019A,2023-08-05,16:32:58,31.1,100.0,12.0,23.3199,120.34515
08BEAC0A06FA,2023-08-05,16:33:00,29.5,100.0,0.0,23.04435,120.470196
08BEAC0A0296,2023-08-05,16:33:08,31.2,100.0,9.0,23.741269,120.401443
08BEAC0A0742,2023-08-05,16:33:13,31.1,100.0,7.0,23.003578,120.240161
08BEAC0A0480,2023-08-05,16:33:17,32.3,100.0,8.0,23.190069,120.192365
08BEAC0A06A6,2023-08-05,16:33:18,31.7,100.0,7.0,22.977305,120.186438
08BEAC0A0156,2023-08-05,16:33:35,29.6,100.0,0.0,24.0838267,120.752756
08BEAC0A0464,2023-08-05,16:33:58,31.8,100.0,8.0,22.989813,120.203024
08BEAC0A0226,2023-08-05,16:34:11,30.0,100.0,0.0,23.2174825,120.365091
08BEAC0A0218,2023-08-05,16:34:13,30.0,100.0,7.0,23.6869687,120.5865383
08BEAC0A01AA,2023-08-05,16:34:19,32.6,80.0,12.0,24.9751,121.269826
08BEAC0A0830,2023-08-05,16:34:38,30.5,100.0,0.0,22.956295,120.248057
08BEAC0A0640,2023-08-05,16:34:43,32.1,100.0,9.0,23.160034,120.18215
08BEAC0A0826,2023-08-05,16:34:57,31.6,100.0,7.0,23.0865158,120.3191882
08BEAC0A084E,2023-08-05,16:35:19,32.5,100.0,6.0,24.9785086,121.3061612
08BEAC0A0340,2023-08-05,16:35:26,32.0,100.0,10.0,22.9193352,120.2170451
08BEAC0A0040,2023-08-05,16:35:39,31.0,100.0,0.0,22.99133,120.230478
08BEAC0A07A2,2023-08-05,16:35:40,30.7,100.0,13.0,25.10392038,121.2447143
08BEAC0A089E,2023-08-05,16:35:52,28.2,100.0,0.0,23.12107103,120.4585091
08BEAC0A05AC,2023-08-05,16:35:54,30.7,100.0,0.0,22.912748,120.261227
08BEAC0A0508,2023-08-05,16:36:36,31.0,100.0,11.0,23.138713,120.324702
08BEAC0A080E,2023-08-05,16:37:07,33.3,100.0,5.0,23.158097,120.170618
08BEAC0A04EC,2023-08-05,16:37:12,29.5,100.0,11.0,24.936085,121.223586
08BEAC0A0774,2023-08-05,16:37:39,31.0,100.0,3.0,22.992411,120.294135
08BEAC0A0678,2023-08-05,16:37:40,31.5,100.0,8.0,23.139376,120.138374
08BEAC0A0398,2023-08-05,16:38:09,31.6,100.0,10.0,24.1494507,120.6816876
08BEAC0A019A,2023-08-05,16:38:13,31.1,100.0,11.0,23.3199,120.34515
08BEAC0A06FA,2023-08-05,16:38:15,29.3,100.0,0.0,23.04435,120.470196
08BEAC0A0296,2023-08-05,16:38:23,31.2,100.0,6.0,23.741269,120.401443
08BEAC0A0742,2023-08-05,16:38:32,31.1,100.0,8.0,23.003578,120.240161
08BEAC0A0480,2023-08-05,16:38:33,32.3,100.0,8.0,23.190069,120.192365
08BEAC0A06A6,2023-08-05,16:38:34,31.7,100.0,8.0,22.977305,120.186438
08BEAC0A0156,2023-08-05,16:38:51,29.6,100.0,0.0,24.0838267,120.752756
08BEAC0A0464,2023-08-05,16:39:14,31.8,100.0,8.0,22.989813,120.203024
08BEAC0A0218,2023-08-05,16:39:27,30.0,100.0,7.0,23.6869687,120.5865383
08BEAC0A0226,2023-08-05,16:39:28,30.0,100.0,0.0,23.2174825,120.365091
08BEAC0A01AA,2023-08-05,16:39:36,32.6,80.0,12.0,24.9751,121.269826
08BEAC0A0830,2023-08-05,16:39:54,30.3,100.0,0.0,22.956295,120.248057
08BEAC0A0640,2023-08-05,16:39:59,32.1,100.0,9.0,23.160034,120.18215
08BEAC0A0826,2023-08-05,16:40:15,31.6,100.0,7.0,23.0865158,120.3191882
08BEAC0A0780,2023-08-05,16:40:17,30.0,100.0,0.0,23.048983,120.174614
08BEAC0A0340,2023-08-05,16:40:42,32.1,100.0,10.0,22.9193352,120.2170451
08BEAC0A084E,2023-08-05,16:40:50,32.5,100.0,6.0,24.9785086,121.3061612
08BEAC0A0040,2023-08-05,16:40:57,31.0,100.0,0.0,22.99133,120.230478
08BEAC0A07A2,2023-08-05,16:40:57,30.8,100.0,14.0,25.10392038,121.2447143
08BEAC0A089E,2023-08-05,16:41:06,28.3,100.0,0.0,23.12107103,120.4585091
08BEAC0A05AC,2023-08-05,16:41:09,30.8,100.0,0.0,22.912748,120.261227
08BEAC0A0508,2023-08-05,16:41:52,31.0,100.0,10.0,23.138713,120.324702
08BEAC0A080E,2023-08-05,16:42:23,33.3,100.0,5.0,23.158097,120.170618
08BEAC0A04EC,2023-08-05,16:42:29,29.1,100.0,11.0,24.936085,121.223586
08BEAC0A0774,2023-08-05,16:42:56,31.1,100.0,4.0,22.992411,120.294135
08BEAC0A0678,2023-08-05,16:43:04,31.2,100.0,8.0,23.139376,120.138374
08BEAC0A0398,2023-08-05,16:43:25,31.5,100.0,9.0,24.1494507,120.6816876
08BEAC0A019A,2023-08-05,16:43:29,31.0,100.0,9.0,23.3199,120.34515
08BEAC0A06FA,2023-08-05,16:43:32,29.3,100.0,0.0,23.04435,120.470196
08BEAC0A0296,2023-08-05,16:43:37,31.2,100.0,9.0,23.741269,120.401443
08BEAC0A0742,2023-08-05,16:43:49,31.2,100.0,7.0,23.003578,120.240161
08BEAC0A0480,2023-08-05,16:43:50,32.2,100.0,7.0,23.190069,120.192365
08BEAC0A06A6,2023-08-05,16:43:50,31.7,100.0,8.0,22.977305,120.186438
08BEAC0A0156,2023-08-05,16:44:06,29.6,100.0,0.0,24.0838267,120.752756
08BEAC0A0464,2023-08-05,16:44:30,31.7,100.0,7.0,22.989813,120.203024
08BEAC0A0218,2023-08-05,16:44:43,30.1,100.0,8.0,23.6869687,120.5865383
08BEAC0A0226,2023-08-05,16:44:45,30.0,100.0,0.0,23.2174825,120.365091
08BEAC0A01AA,2023-08-05,16:44:54,32.7,80.0,11.0,24.9751,121.269826
08BEAC0A0830,2023-08-05,16:45:10,30.2,100.0,0.0,22.956295,120.248057
08BEAC0A0640,2023-08-05,16:45:16,32.1,100.0,8.0,23.160034,120.18215
08BEAC0A0826,2023-08-05,16:45:32,31.6,100.0,7.0,23.0865158,120.3191882
08BEAC0A0340,2023-08-05,16:45:56,32.0,100.0,10.0,22.9193352,120.2170451
08BEAC0A0040,2023-08-05,16:46:14,31.0,100.0,0.0,22.99133,120.230478
08BEAC0A07A2,2023-08-05,16:46:14,30.6,100.0,13.0,25.10392038,121.2447143
08BEAC0A084E,2023-08-05,16:46:16,32.5,100.0,6.0,24.9785086,121.3061612
08BEAC0A089E,2023-08-05,16:46:22,28.1,100.0,0.0,23.12107103,120.4585091
08BEAC0A05AC,2023-08-05,16:46:27,30.8,100.0,0.0,22.912748,120.261227
08BEAC0A0508,2023-08-05,16:47:08,31.0,100.0,9.0,23.138713,120.324702
08BEAC0A080E,2023-08-05,16:47:39,33.3,100.0,6.0,23.158097,120.170618
08BEAC0A04EC,2023-08-05,16:47:44,29.6,100.0,11.0,24.936085,121.223586
08BEAC0A0774,2023-08-05,16:48:12,31.1,100.0,4.0,22.992411,120.294135
08BEAC0A0678,2023-08-05,16:48:21,31.3,100.0,9.0,23.139376,120.138374
08BEAC0A0398,2023-08-05,16:48:41,31.5,100.0,9.0,24.1494507,120.6816876
08BEAC0A019A,2023-08-05,16:48:45,31.0,100.0,10.0,23.3199,120.34515
08BEAC0A06FA,2023-08-05,16:48:47,29.3,100.0,0.0,23.04435,120.470196
08BEAC0A0296,2023-08-05,16:48:54,31.2,100.0,8.0,23.741269,120.401443
08BEAC0A0742,2023-08-05,16:49:05,31.2,100.0,7.0,23.003578,120.240161
08BEAC0A0480,2023-08-05,16:49:07,32.3,100.0,7.0,23.190069,120.192365
08BEAC0A06A6,2023-08-05,16:49:07,31.7,100.0,8.0,22.977305,120.186438
08BEAC0A0156,2023-08-05,16:49:25,29.6,100.0,0.0,24.0838267,120.752756
08BEAC0A0464,2023-08-05,16:49:46,31.7,100.0,7.0,22.989813,120.203024
08BEAC0A0218,2023-08-05,16:49:58,30.0,100.0,7.0,23.6869687,120.5865383
08BEAC0A0226,2023-08-05,16:50:03,30.0,100.0,0.0,23.2174825,120.365091
08BEAC0A01AA,2023-08-05,16:50:10,32.7,80.0,12.0,24.9751,121.269826
08BEAC0A0830,2023-08-05,16:50:27,30.3,100.0,0.0,22.956295,120.248057
08BEAC0A0640,2023-08-05,16:50:34,32.0,100.0,10.0,23.160034,120.18215
08BEAC0A0826,2023-08-05,16:50:48,31.6,100.0,7.0,23.0865158,120.3191882
08BEAC0A0340,2023-08-05,16:51:13,32.0,100.0,10.0,22.9193352,120.2170451
08BEAC0A07A2,2023-08-05,16:51:29,30.7,100.0,13.0,25.10392038,121.2447143
08BEAC0A0040,2023-08-05,16:51:34,31.2,100.0,0.0,22.99133,120.230478
08BEAC0A089E,2023-08-05,16:51:39,28.2,100.0,0.0,23.12107103,120.4585091
08BEAC0A05AC,2023-08-05,16:51:42,31.0,100.0,0.0,22.912748,120.261227
08BEAC0A084E,2023-08-05,16:51:49,32.5,100.0,6.0,24.9785086,121.3061612
08BEAC0A0508,2023-08-05,16:52:26,31.1,100.0,9.0,23.138713,120.324702
08BEAC0A080E,2023-08-05,16:52:54,33.3,100.0,5.0,23.158097,120.170618
08BEAC0A04EC,2023-08-05,16:53:02,29.3,100.0,10.0,24.936085,121.223586
08BEAC0A0774,2023-08-05,16:53:28,31.0,100.0,4.0,22.992411,120.294135
08BEAC0A0678,2023-08-05,16:53:55,31.3,100.0,9.0,23.139376,120.138374
08BEAC0A0398,2023-08-05,16:53:58,31.5,100.0,8.0,24.1494507,120.6816876
08BEAC0A019A,2023-08-05,16:54:02,31.0,100.0,9.0,23.3199,120.34515
08BEAC0A06FA,2023-08-05,16:54:03,29.3,100.0,0.0,23.04435,120.470196
08BEAC0A0296,2023-08-05,16:54:12,31.1,100.0,8.0,23.741269,120.401443
08BEAC0A0742,2023-08-05,16:54:21,31.2,100.0,8.0,23.003578,120.240161
08BEAC0A0480,2023-08-05,16:54:24,32.2,100.0,7.0,23.190069,120.192365
08BEAC0A06A6,2023-08-05,16:54:24,31.7,100.0,9.0,22.977305,120.186438
08BEAC0A0156,2023-08-05,16:54:40,29.6,100.0,0.0,24.0838267,120.752756
08BEAC0A0464,2023-08-05,16:55:01,31.7,100.0,7.0,22.989813,120.203024
08BEAC0A0218,2023-08-05,16:55:14,30.0,100.0,7.0,23.6869687,120.5865383
08BEAC0A0226,2023-08-05,16:55:19,30.0,100.0,0.0,23.2174825,120.365091
08BEAC0A01AA,2023-08-05,16:55:25,32.6,80.0,12.0,24.9751,121.269826
08BEAC0A0830,2023-08-05,16:55:42,30.3,100.0,0.0,22.956295,120.248057
08BEAC0A0640,2023-08-05,16:55:50,32.1,100.0,10.0,23.160034,120.18215
08BEAC0A0826,2023-08-05,16:56:03,31.6,100.0,6.0,23.0865158,120.3191882
08BEAC0A0340,2023-08-05,16:56:28,32.0,100.0,10.0,22.9193352,120.2170451
08BEAC0A07A2,2023-08-05,16:56:46,30.7,100.0,12.0,25.10392038,121.2447143
08BEAC0A0040,2023-08-05,16:56:51,31.1,100.0,0.0,22.99133,120.230478
08BEAC0A089E,2023-08-05,16:56:54,28.2,100.0,0.0,23.12107103,120.4585091
08BEAC0A05AC,2023-08-05,16:56:58,31.0,100.0,0.0,22.912748,120.261227
08BEAC0A084E,2023-08-05,16:57:21,32.5,100.0,6.0,24.9785086,121.3061612
08BEAC0A0508,2023-08-05,16:57:43,31.0,100.0,8.0,23.138713,120.324702
08BEAC0A080E,2023-08-05,16:58:11,33.3,100.0,5.0,23.158097,120.170618
08BEAC0A04EC,2023-08-05,16:58:18,29.2,100.0,10.0,24.936085,121.223586
08BEAC0A0774,2023-08-05,16:58:44,31.1,100.0,4.0,22.992411,120.294135
08BEAC0A0678,2023-08-05,16:59:14,31.5,100.0,9.0,23.139376,120.138374
08BEAC0A0398,2023-08-05,16:59:16,31.5,100.0,9.0,24.1494507,120.6816876
08BEAC0A019A,2023-08-05,16:59:19,31.1,100.0,10.0,23.3199,120.34515
08BEAC0A06FA,2023-08-05,16:59:19,29.3,100.0,0.0,23.04435,120.470196
08BEAC0A0296,2023-08-05,16:59:27,31.1,100.0,8.0,23.741269,120.401443
08BEAC0A0742,2023-08-05,16:59:37,31.2,100.0,8.0,23.003578,120.240161
08BEAC0A06A6,2023-08-05,16:59:40,31.8,100.0,9.0,22.977305,120.186438
08BEAC0A0480,2023-08-05,16:59:43,32.2,100.0,7.0,23.190069,120.192365
08BEAC0A0156,2023-08-05,16:59:59,29.6,100.0,0.0,24.0838267,120.752756
08BEAC0A0464,2023-08-05,17:00:18,31.7,100.0,8.0,22.989813,120.203024
08BEAC0A0218,2023-08-05,17:00:30,29.8,100.0,7.0,23.6869687,120.5865383
08BEAC0A0226,2023-08-05,17:00:36,30.0,100.0,0.0,23.2174825,120.365091
08BEAC0A01AA,2023-08-05,17:00:43,32.7,80.0,11.0,24.9751,121.269826
08BEAC0A0830,2023-08-05,17:00:58,30.5,100.0,0.0,22.956295,120.248057
08BEAC0A0640,2023-08-05,17:01:06,31.8,100.0,10.0,23.160034,120.18215
08BEAC0A0826,2023-08-05,17:01:20,31.6,100.0,6.0,23.0865158,120.3191882
08BEAC0A0340,2023-08-05,17:01:43,32.1,100.0,10.0,22.9193352,120.2170451
08BEAC0A07A2,2023-08-05,17:02:04,31.0,100.0,12.0,25.10392038,121.2447143
08BEAC0A0040,2023-08-05,17:02:07,31.1,100.0,0.0,22.99133,120.230478
08BEAC0A089E,2023-08-05,17:02:10,28.2,100.0,0.0,23.12107103,120.4585091
08BEAC0A05AC,2023-08-05,17:02:16,31.0,100.0,0.0,22.912748,120.261227
08BEAC0A084E,2023-08-05,17:02:52,32.5,100.0,6.0,24.9785086,121.3061612
08BEAC0A0508,2023-08-05,17:02:59,31.0,100.0,8.0,23.138713,120.324702
08BEAC0A080E,2023-08-05,17:03:27,33.2,100.0,5.0,23.158097,120.170618
08BEAC0A04EC,2023-08-05,17:03:33,29.2,100.0,9.0,24.936085,121.223586
08BEAC0A0774,2023-08-05,17:04:00,31.0,100.0,4.0,22.992411,120.294135
08BEAC0A0398,2023-08-05,17:04:32,31.6,100.0,9.0,24.1494507,120.6816876
08BEAC0A0678,2023-08-05,17:04:34,31.5,100.0,9.0,23.139376,120.138374
08BEAC0A019A,2023-08-05,17:04:37,31.1,100.0,10.0,23.3199,120.34515
08BEAC0A06FA,2023-08-05,17:04:37,29.3,100.0,0.0,23.04435,120.470196
08BEAC0A0296,2023-08-05,17:04:42,31.1,100.0,9.0,23.741269,120.401443
08BEAC0A0742,2023-08-05,17:04:52,31.0,100.0,8.0,23.003578,120.240161
08BEAC0A06A6,2023-08-05,17:04:56,31.7,100.0,10.0,22.977305,120.186438
08BEAC0A0480,2023-08-05,17:05:01,32.2,100.0,8.0,23.190069,120.192365
08BEAC0A0464,2023-08-05,17:05:34,31.7,100.0,8.0,22.989813,120.203024
08BEAC0A0218,2023-08-05,17:05:47,29.8,100.0,7.0,23.6869687,120.5865383
08BEAC0A0226,2023-08-05,17:05:53,29.8,100.0,0.0,23.2174825,120.365091
08BEAC0A01AA,2023-08-05,17:05:57,32.6,79.0,10.0,24.9751,121.269826
08BEAC0A0830,2023-08-05,17:06:14,30.6,100.0,0.0,22.956295,120.248057
08BEAC0A0640,2023-08-05,17:06:22,32.1,100.0,10.0,23.160034,120.18215
08BEAC0A0826,2023-08-05,17:06:36,31.5,100.0,7.0,23.0865158,120.3191882
08BEAC0A0340,2023-08-05,17:06:59,32.1,100.0,10.0,22.9193352,120.2170451
08BEAC0A07A2,2023-08-05,17:07:20,30.8,100.0,12.0,25.10392038,121.2447143
08BEAC0A0040,2023-08-05,17:07:24,31.0,100.0,0.0,22.99133,120.230478
08BEAC0A089E,2023-08-05,17:07:25,28.5,100.0,0.0,23.12107103,120.4585091
08BEAC0A05AC,2023-08-05,17:07:33,31.2,100.0,0.0,22.912748,120.261227
08BEAC0A0508,2023-08-05,17:08:14,31.0,100.0,8.0,23.138713,120.324702
08BEAC0A084E,2023-08-05,17:08:29,32.5,100.0,6.0,24.9785086,121.3061612
08BEAC0A080E,2023-08-05,17:08:45,33.3,100.0,6.0,23.158097,120.170618
08BEAC0A04EC,2023-08-05,17:08:49,29.6,100.0,9.0,24.936085,121.223586
08BEAC0A0774,2023-08-05,17:09:17,31.0,100.0,4.0,22.992411,120.294135
08BEAC0A0398,2023-08-05,17:09:47,31.5,100.0,8.0,24.1494507,120.6816876
08BEAC0A0678,2023-08-05,17:09:51,31.7,100.0,9.0,23.139376,120.138374
08BEAC0A019A,2023-08-05,17:09:53,31.1,100.0,10.0,23.3199,120.34515
08BEAC0A06FA,2023-08-05,17:09:54,29.3,100.0,0.0,23.04435,120.470196
08BEAC0A0296,2023-08-05,17:09:58,31.1,100.0,9.0,23.741269,120.401443
08BEAC0A0742,2023-08-05,17:10:11,30.8,100.0,9.0,23.003578,120.240161
08BEAC0A06A6,2023-08-05,17:10:13,31.6,100.0,9.0,22.977305,120.186438
08BEAC0A0480,2023-08-05,17:10:18,32.2,100.0,6.0,23.190069,120.192365
08BEAC0A0156,2023-08-05,17:10:29,29.6,100.0,0.0,24.0838267,120.752756
08BEAC0A0464,2023-08-05,17:10:51,31.7,100.0,8.0,22.989813,120.203024
08BEAC0A0218,2023-08-05,17:11:06,29.7,100.0,7.0,23.6869687,120.5865383
08BEAC0A0226,2023-08-05,17:11:10,29.8,100.0,0.0,23.2174825,120.365091
08BEAC0A01AA,2023-08-05,17:11:12,32.7,79.0,10.0,24.9751,121.269826
08BEAC0A0830,2023-08-05,17:11:28,30.6,100.0,0.0,22.956295,120.248057
08BEAC0A0640,2023-08-05,17:11:38,32.0,100.0,10.0,23.160034,120.18215
08BEAC0A0826,2023-08-05,17:11:51,31.5,100.0,7.0,23.0865158,120.3191882
08BEAC0A0340,2023-08-05,17:12:14,32.2,100.0,12.0,22.9193352,120.2170451
08BEAC0A07A2,2023-08-05,17:12:38,30.6,100.0,12.0,25.10392038,121.2447143
08BEAC0A0040,2023-08-05,17:12:42,30.8,100.0,0.0,22.99133,120.230478
08BEAC0A089E,2023-08-05,17:12:44,28.3,100.0,0.0,23.12107103,120.4585091
08BEAC0A05AC,2023-08-05,17:12:48,31.2,100.0,0.0,22.912748,120.261227
08BEAC0A0508,2023-08-05,17:13:30,31.0,100.0,8.0,23.138713,120.324702
08BEAC0A080E,2023-08-05,17:14:01,33.3,100.0,5.0,23.158097,120.170618
08BEAC0A084E,2023-08-05,17:14:01,32.5,100.0,6.0,24.9785086,121.3061612
08BEAC0A04EC,2023-08-05,17:14:06,29.3,100.0,10.0,24.936085,121.223586
08BEAC0A0774,2023-08-05,17:14:33,30.8,100.0,4.0,22.992411,120.294135
08BEAC0A0398,2023-08-05,17:15:06,31.6,100.0,8.0,24.1494507,120.6816876
08BEAC0A019A,2023-08-05,17:15:08,31.1,100.0,11.0,23.3199,120.34515
08BEAC0A0678,2023-08-05,17:15:08,31.6,100.0,10.0,23.139376,120.138374
08BEAC0A06FA,2023-08-05,17:15:11,29.2,100.0,0.0,23.04435,120.470196
08BEAC0A0296,2023-08-05,17:15:15,31.1,100.0,9.0,23.741269,120.401443
08BEAC0A0742,2023-08-05,17:15:28,31.0,100.0,8.0,23.003578,120.240161
08BEAC0A06A6,2023-08-05,17:15:29,31.5,100.0,9.0,22.977305,120.186438
08BEAC0A0480,2023-08-05,17:15:33,32.2,100.0,8.0,23.190069,120.192365
08BEAC0A0156,2023-08-05,17:15:46,29.6,100.0,0.0,24.0838267,120.752756
08BEAC0A0464,2023-08-05,17:16:07,31.7,100.0,9.0,22.989813,120.203024
08BEAC0A0218,2023-08-05,17:16:22,29.7,100.0,7.0,23.6869687,120.5865383
08BEAC0A0226,2023-08-05,17:16:25,29.7,100.0,0.0,23.2174825,120.365091
08BEAC0A01AA,2023-08-05,17:16:27,32.6,79.0,10.0,24.9751,121.269826
08BEAC0A0830,2023-08-05,17:16:46,30.6,100.0,0.0,22.956295,120.248057
08BEAC0A0640,2023-08-05,17:16:54,32.0,100.0,10.0,23.160034,120.18215
08BEAC0A0826,2023-08-05,17:17:08,31.5,100.0,8.0,23.0865158,120.3191882
08BEAC0A0340,2023-08-05,17:17:30,32.2,100.0,11.0,22.9193352,120.2170451
08BEAC0A07A2,2023-08-05,17:17:53,30.6,100.0,12.0,25.10392038,121.2447143
08BEAC0A0040,2023-08-05,17:18:00,31.0,100.0,0.0,22.99133,120.230478
08BEAC0A089E,2023-08-05,17:18:01,28.5,100.0,0.0,23.12107103,120.4585091
08BEAC0A05AC,2023-08-05,17:18:05,31.1,100.0,0.0,22.912748,120.261227
08BEAC0A0508,2023-08-05,17:18:47,31.0,100.0,8.0,23.138713,120.324702
08BEAC0A080E,2023-08-05,17:19:17,33.3,100.0,5.0,23.158097,120.170618
08BEAC0A04EC,2023-08-05,17:19:21,29.3,100.0,10.0,24.936085,121.223586
08BEAC0A0774,2023-08-05,17:19:48,30.8,100.0,3.0,22.992411,120.294135
08BEAC0A084E,2023-08-05,17:19:48,32.5,100.0,6.0,24.9785086,121.3061612
08BEAC0A0398,2023-08-05,17:20:25,31.6,100.0,9.0,24.1494507,120.6816876
08BEAC0A019A,2023-08-05,17:20:27,31.1,100.0,12.0,23.3199,120.34515
08BEAC0A0678,2023-08-05,17:20:27,31.6,100.0,10.0,23.139376,120.138374
08BEAC0A06FA,2023-08-05,17:20:29,29.2,100.0,0.0,23.04435,120.470196
08BEAC0A0296,2023-08-05,17:20:31,31.1,100.0,11.0,23.741269,120.401443
08BEAC0A0742,2023-08-05,17:20:44,31.1,100.0,9.0,23.003578,120.240161
08BEAC0A0480,2023-08-05,17:20:48,32.2,100.0,7.0,23.190069,120.192365
08BEAC0A06A6,2023-08-05,17:20:48,31.7,100.0,9.0,22.977305,120.186438
08BEAC0A0156,2023-08-05,17:21:04,29.6,100.0,0.0,24.0838267,120.752756
08BEAC0A0464,2023-08-05,17:21:22,31.8,100.0,9.0,22.989813,120.203024
08BEAC0A0218,2023-08-05,17:21:37,29.7,100.0,7.0,23.6869687,120.5865383
08BEAC0A0226,2023-08-05,17:21:40,29.8,100.0,0.0,23.2174825,120.365091
08BEAC0A01AA,2023-08-05,17:21:44,32.7,79.0,10.0,24.9751,121.269826
08BEAC0A0830,2023-08-05,17:22:01,30.7,100.0,0.0,22.956295,120.248057
08BEAC0A0640,2023-08-05,17:22:11,32.0,100.0,10.0,23.160034,120.18215
08BEAC0A0826,2023-08-05,17:22:25,31.5,100.0,8.0,23.0865158,120.3191882
08BEAC0A0340,2023-08-05,17:22:45,32.2,100.0,11.0,22.9193352,120.2170451
08BEAC0A07A2,2023-08-05,17:23:10,30.8,100.0,12.0,25.10392038,121.2447143
08BEAC0A0040,2023-08-05,17:23:16,31.0,100.0,0.0,22.99133,120.230478
08BEAC0A089E,2023-08-05,17:23:17,28.2,100.0,0.0,23.12107103,120.4585091
08BEAC0A05AC,2023-08-05,17:23:20,31.0,100.0,0.0,22.912748,120.261227
08BEAC0A0508,2023-08-05,17:24:03,31.0,100.0,8.0,23.138713,120.324702
08BEAC0A080E,2023-08-05,17:24:33,33.3,100.0,5.0,23.158097,120.170618
08BEAC0A04EC,2023-08-05,17:24:38,29.7,100.0,10.0,24.936085,121.223586
08BEAC0A0774,2023-08-05,17:25:06,31.0,100.0,4.0,22.992411,120.294135
08BEAC0A084E,2023-08-05,17:25:24,32.5,100.0,6.0,24.9785086,121.3061612
08BEAC0A0398,2023-08-05,17:25:43,31.6,100.0,8.0,24.1494507,120.6816876
08BEAC0A019A,2023-08-05,17:25:44,31.1,100.0,11.0,23.3199,120.34515
08BEAC0A0678,2023-08-05,17:25:45,31.3,100.0,10.0,23.139376,120.138374
08BEAC0A06FA,2023-08-05,17:25:46,29.2,100.0,0.0,23.04435,120.470196
08BEAC0A0296,2023-08-05,17:25:47,31.0,100.0,10.0,23.741269,120.401443
08BEAC0A0742,2023-08-05,17:26:00,31.2,100.0,8.0,23.003578,120.240161
08BEAC0A06A6,2023-08-05,17:26:04,31.7,100.0,10.0,22.977305,120.186438
08BEAC0A0480,2023-08-05,17:26:06,32.2,100.0,6.0,23.190069,120.192365
08BEAC0A0156,2023-08-05,17:26:21,29.5,100.0,0.0,24.0838267,120.752756
08BEAC0A0464,2023-08-05,17:26:41,31.7,100.0,9.0,22.989813,120.203024
08BEAC0A0218,2023-08-05,17:26:53,29.6,100.0,7.0,23.6869687,120.5865383
08BEAC0A0226,2023-08-05,17:26:57,29.8,100.0,0.0,23.2174825,120.365091
08BEAC0A01AA,2023-08-05,17:27:00,32.6,78.0,10.0,24.9751,121.269826
08BEAC0A0830,2023-08-05,17:27:18,30.8,100.0,0.0,22.956295,120.248057
08BEAC0A0640,2023-08-05,17:27:27,32.0,100.0,11.0,23.160034,120.18215
08BEAC0A0826,2023-08-05,17:27:41,31.3,100.0,7.0,23.0865158,120.3191882
08BEAC0A0340,2023-08-05,17:28:01,32.2,100.0,12.0,22.9193352,120.2170451
08BEAC0A07A2,2023-08-05,17:28:26,30.7,100.0,12.0,25.10392038,121.2447143
08BEAC0A0040,2023-08-05,17:28:32,30.8,100.0,0.0,22.99133,120.230478
08BEAC0A089E,2023-08-05,17:28:33,28.2,100.0,0.0,23.12107103,120.4585091
08BEAC0A05AC,2023-08-05,17:28:36,30.8,100.0,0.0,22.912748,120.261227
08BEAC0A0508,2023-08-05,17:29:20,31.0,100.0,8.0,23.138713,120.324702
08BEAC0A080E,2023-08-05,17:29:50,33.2,100.0,6.0,23.158097,120.170618
08BEAC0A04EC,2023-08-05,17:29:54,29.7,100.0,10.0,24.936085,121.223586
08BEAC0A0774,2023-08-05,17:30:22,31.1,100.0,4.0,22.992411,120.294135
08BEAC0A084E,2023-08-05,17:30:57,32.5,100.0,6.0,24.9785086,121.3061612
08BEAC0A019A,2023-08-05,17:31:00,31.1,100.0,11.0,23.3199,120.34515
08BEAC0A0398,2023-08-05,17:31:01,31.6,100.0,9.0,24.1494507,120.6816876
08BEAC0A0678,2023-08-05,17:31:01,31.6,100.0,9.0,23.139376,120.138374
08BEAC0A06FA,2023-08-05,17:31:02,29.2,100.0,0.0,23.04435,120.470196
08BEAC0A0296,2023-08-05,17:31:07,31.0,100.0,9.0,23.741269,120.401443
08BEAC0A06A6,2023-08-05,17:31:20,31.7,100.0,9.0,22.977305,120.186438
08BEAC0A0742,2023-08-05,17:31:20,31.3,100.0,9.0,23.003578,120.240161
08BEAC0A0480,2023-08-05,17:31:26,32.2,100.0,8.0,23.190069,120.192365
08BEAC0A0156,2023-08-05,17:31:37,29.5,100.0,0.0,24.0838267,120.752756
08BEAC0A0464,2023-08-05,17:31:58,31.7,100.0,10.0,22.989813,120.203024
08BEAC0A0218,2023-08-05,17:32:10,29.7,100.0,7.0,23.6869687,120.5865383
08BEAC0A0226,2023-08-05,17:32:15,29.8,100.0,0.0,23.2174825,120.365091
08BEAC0A01AA,2023-08-05,17:32:17,32.6,78.0,10.0,24.9751,121.269826
08BEAC0A0830,2023-08-05,17:32:32,31.0,100.0,0.0,22.956295,120.248057
08BEAC0A0640,2023-08-05,17:32:43,32.0,100.0,10.0,23.160034,120.18215
08BEAC0A0826,2023-08-05,17:32:58,31.3,100.0,8.0,23.0865158,120.3191882
08BEAC0A0340,2023-08-05,17:33:19,32.2,100.0,10.0,22.9193352,120.2170451
08BEAC0A07A2,2023-08-05,17:33:44,30.7,100.0,12.0,25.10392038,121.2447143
08BEAC0A089E,2023-08-05,17:33:48,28.2,100.0,0.0,23.12107103,120.4585091
08BEAC0A0040,2023-08-05,17:33:49,31.0,100.0,0.0,22.99133,120.230478
08BEAC0A05AC,2023-08-05,17:33:53,30.7,100.0,0.0,22.912748,120.261227
08BEAC0A0508,2023-08-05,17:34:36,31.1,100.0,8.0,23.138713,120.324702
08BEAC0A080E,2023-08-05,17:35:07,33.3,100.0,5.0,23.158097,120.170618
08BEAC0A04EC,2023-08-05,17:35:11,29.8,100.0,10.0,24.936085,121.223586
08BEAC0A0774,2023-08-05,17:35:37,31.2,100.0,5.0,22.992411,120.294135
08BEAC0A019A,2023-08-05,17:36:17,31.1,100.0,10.0,23.3199,120.34515
08BEAC0A0678,2023-08-05,17:36:17,31.3,100.0,10.0,23.139376,120.138374
08BEAC0A0398,2023-08-05,17:36:18,31.6,100.0,8.0,24.1494507,120.6816876
08BEAC0A06FA,2023-08-05,17:36:19,29.2,100.0,0.0,23.04435,120.470196
08BEAC0A0296,2023-08-05,17:36:22,31.0,100.0,10.0,23.741269,120.401443
08BEAC0A0742,2023-08-05,17:36:36,31.3,100.0,9.0,23.003578,120.240161
08BEAC0A06A6,2023-08-05,17:36:38,31.7,100.0,9.0,22.977305,120.186438
08BEAC0A0480,2023-08-05,17:36:42,32.2,100.0,8.0,23.190069,120.192365
08BEAC0A084E,2023-08-05,17:36:45,32.5,100.0,6.0,24.9785086,121.3061612
08BEAC0A0156,2023-08-05,17:36:55,29.5,100.0,5.0,24.0838267,120.752756
08BEAC0A0464,2023-08-05,17:37:15,31.8,100.0,9.0,22.989813,120.203024
08BEAC0A0218,2023-08-05,17:37:26,29.8,100.0,7.0,23.6869687,120.5865383
08BEAC0A0226,2023-08-05,17:37:32,29.8,100.0,0.0,23.2174825,120.365091
08BEAC0A01AA,2023-08-05,17:37:35,32.6,78.0,10.0,24.9751,121.269826
08BEAC0A0830,2023-08-05,17:37:48,30.7,100.0,0.0,22.956295,120.248057
08BEAC0A0640,2023-08-05,17:37:59,32.0,100.0,10.0,23.160034,120.18215
08BEAC0A0826,2023-08-05,17:38:13,31.3,100.0,8.0,23.0865158,120.3191882
08BEAC0A0340,2023-08-05,17:38:34,32.0,100.0,12.0,22.9193352,120.2170451
08BEAC0A07A2,2023-08-05,17:38:59,30.7,100.0,11.0,25.10392038,121.2447143
08BEAC0A089E,2023-08-05,17:39:03,27.5,100.0,0.0,23.12107103,120.4585091
08BEAC0A0040,2023-08-05,17:39:05,31.0,100.0,0.0,22.99133,120.230478
08BEAC0A05AC,2023-08-05,17:39:09,30.7,100.0,0.0,22.912748,120.261227
08BEAC0A0508,2023-08-05,17:39:52,31.0,100.0,8.0,23.138713,120.324702
08BEAC0A080E,2023-08-05,17:40:23,33.3,100.0,5.0,23.158097,120.170618
08BEAC0A04EC,2023-08-05,17:40:27,29.6,100.0,10.0,24.936085,121.223586
08BEAC0A0774,2023-08-05,17:40:53,31.2,100.0,5.0,22.992411,120.294135
08BEAC0A019A,2023-08-05,17:41:34,31.0,100.0,11.0,23.3199,120.34515
08BEAC0A0398,2023-08-05,17:41:36,31.7,100.0,9.0,24.1494507,120.6816876
08BEAC0A06FA,2023-08-05,17:41:36,29.2,100.0,0.0,23.04435,120.470196
08BEAC0A0296,2023-08-05,17:41:41,31.0,100.0,9.0,23.741269,120.401443
08BEAC0A0742,2023-08-05,17:41:52,31.3,100.0,9.0,23.003578,120.240161
08BEAC0A0678,2023-08-05,17:41:55,31.2,100.0,11.0,23.139376,120.138374
08BEAC0A06A6,2023-08-05,17:41:56,31.6,100.0,10.0,22.977305,120.186438
08BEAC0A0480,2023-08-05,17:41:59,32.2,100.0,8.0,23.190069,120.192365
08BEAC0A0156,2023-08-05,17:42:10,29.6,100.0,0.0,24.0838267,120.752756
08BEAC0A084E,2023-08-05,17:42:20,32.3,100.0,6.0,24.9785086,121.3061612
08BEAC0A0464,2023-08-05,17:42:31,31.8,100.0,9.0,22.989813,120.203024
08BEAC0A0218,2023-08-05,17:42:41,30.0,100.0,7.0,23.6869687,120.5865383
08BEAC0A0226,2023-08-05,17:42:49,29.8,100.0,0.0,23.2174825,120.365091
08BEAC0A01AA,2023-08-05,17:42:50,32.6,78.0,10.0,24.9751,121.269826
08BEAC0A0830,2023-08-05,17:43:06,30.7,100.0,0.0,22.956295,120.248057
08BEAC0A0640,2023-08-05,17:43:14,32.0,100.0,12.0,23.160034,120.18215
08BEAC0A0340,2023-08-05,17:43:49,32.0,100.0,11.0,22.9193352,120.2170451
08BEAC0A0780,2023-08-05,17:43:57,30.2,100.0,0.0,23.048983,120.174614
08BEAC0A07A2,2023-08-05,17:44:15,30.7,100.0,11.0,25.10392038,121.2447143
08BEAC0A089E,2023-08-05,17:44:20,28.0,100.0,0.0,23.12107103,120.4585091
08BEAC0A0040,2023-08-05,17:44:25,31.0,100.0,0.0,22.99133,120.230478
08BEAC0A05AC,2023-08-05,17:44:26,30.7,100.0,0.0,22.912748,120.261227
08BEAC0A0508,2023-08-05,17:45:08,31.0,100.0,10.0,23.138713,120.324702
08BEAC0A080E,2023-08-05,17:45:38,33.3,100.0,5.0,23.158097,120.170618
08BEAC0A04EC,2023-08-05,17:45:45,29.6,100.0,10.0,24.936085,121.223586
08BEAC0A019A,2023-08-05,17:46:49,30.8,100.0,11.0,23.3199,120.34515
08BEAC0A06FA,2023-08-05,17:46:54,29.2,100.0,0.0,23.04435,120.470196
08BEAC0A0398,2023-08-05,17:46:55,31.6,100.0,8.0,24.1494507,120.6816876
08BEAC0A0296,2023-08-05,17:46:57,31.0,100.0,9.0,23.741269,120.401443
08BEAC0A06A6,2023-08-05,17:47:14,31.6,100.0,10.0,22.977305,120.186438
08BEAC0A0678,2023-08-05,17:47:15,31.2,100.0,11.0,23.139376,120.138374
08BEAC0A0480,2023-08-05,17:47:17,32.2,100.0,8.0,23.190069,120.192365
08BEAC0A0156,2023-08-05,17:47:26,29.5,100.0,0.0,24.0838267,120.752756
08BEAC0A0464,2023-08-05,17:47:46,31.7,100.0,9.0,22.989813,120.203024
08BEAC0A084E,2023-08-05,17:47:50,32.3,100.0,6.0,24.9785086,121.3061612
08BEAC0A0218,2023-08-05,17:47:56,30.1,100.0,7.0,23.6869687,120.5865383
08BEAC0A0226,2023-08-05,17:48:05,29.8,100.0,0.0,23.2174825,120.365091
08BEAC0A01AA,2023-08-05,17:48:08,32.6,78.0,9.0,24.9751,121.269826
08BEAC0A0830,2023-08-05,17:48:23,30.7,100.0,0.0,22.956295,120.248057
08BEAC0A0640,2023-08-05,17:48:33,32.0,100.0,12.0,23.160034,120.18215
08BEAC0A0826,2023-08-05,17:48:38,31.5,100.0,8.0,23.0865158,120.3191882
08BEAC0A0340,2023-08-05,17:49:04,31.8,100.0,12.0,22.9193352,120.2170451
08BEAC0A07A2,2023-08-05,17:49:33,30.6,100.0,11.0,25.10392038,121.2447143
08BEAC0A089E,2023-08-05,17:49:36,28.1,100.0,0.0,23.12107103,120.4585091
08BEAC0A0040,2023-08-05,17:49:40,31.0,100.0,0.0,22.99133,120.230478
08BEAC0A05AC,2023-08-05,17:49:42,30.8,100.0,0.0,22.912748,120.261227
08BEAC0A0508,2023-08-05,17:50:22,30.8,100.0,9.0,23.138713,120.324702
08BEAC0A080E,2023-08-05,17:50:54,33.3,100.0,5.0,23.158097,120.170618
08BEAC0A04EC,2023-08-05,17:50:59,29.3,100.0,10.0,24.936085,121.223586
08BEAC0A0774,2023-08-05,17:51:18,30.8,100.0,5.0,22.992411,120.294135
08BEAC0A019A,2023-08-05,17:52:06,30.8,100.0,10.0,23.3199,120.34515
08BEAC0A0398,2023-08-05,17:52:11,31.5,100.0,8.0,24.1494507,120.6816876
08BEAC0A06FA,2023-08-05,17:52:11,29.2,100.0,0.0,23.04435,120.470196
08BEAC0A0296,2023-08-05,17:52:14,31.0,100.0,8.0,23.741269,120.401443
08BEAC0A0742,2023-08-05,17:52:20,31.5,100.0,9.0,23.003578,120.240161
08BEAC0A06A6,2023-08-05,17:52:29,31.5,100.0,11.0,22.977305,120.186438
08BEAC0A0678,2023-08-05,17:52:31,31.0,100.0,11.0,23.139376,120.138374
08BEAC0A0480,2023-08-05,17:52:33,32.2,100.0,7.0,23.190069,120.192365
08BEAC0A0156,2023-08-05,17:52:44,29.5,100.0,0.0,24.0838267,120.752756
08BEAC0A0464,2023-08-05,17:53:04,31.7,100.0,10.0,22.989813,120.203024
08BEAC0A0218,2023-08-05,17:53:12,30.1,100.0,7.0,23.6869687,120.5865383
08BEAC0A0226,2023-08-05,17:53:21,29.8,100.0,0.0,23.2174825,120.365091
08BEAC0A084E,2023-08-05,17:53:23,32.5,100.0,6.0,24.9785086,121.3061612
08BEAC0A01AA,2023-08-05,17:53:25,32.6,78.0,10.0,24.9751,121.269826
08BEAC0A0830,2023-08-05,17:53:42,30.7,100.0,0.0,22.956295,120.248057
08BEAC0A0640,2023-08-05,17:53:49,31.8,100.0,11.0,23.160034,120.18215
08BEAC0A0826,2023-08-05,17:53:57,31.6,100.0,8.0,23.0865158,120.3191882
08BEAC0A0340,2023-08-05,17:54:20,31.7,100.0,13.0,22.9193352,120.2170451
08BEAC0A07A2,2023-08-05,17:54:48,30.7,100.0,12.0,25.10392038,121.2447143
08BEAC0A089E,2023-08-05,17:54:54,28.2,100.0,0.0,23.12107103,120.4585091
08BEAC0A0040,2023-08-05,17:54:59,30.7,100.0,0.0,22.99133,120.230478
08BEAC0A05AC,2023-08-05,17:55:00,30.7,100.0,0.0,22.912748,120.261227
08BEAC0A0508,2023-08-05,17:55:37,30.8,100.0,9.0,23.138713,120.324702
08BEAC0A080E,2023-08-05,17:56:13,33.2,100.0,6.0,23.158097,120.170618
08BEAC0A04EC,2023-08-05,17:56:15,29.7,100.0,10.0,24.936085,121.223586
08BEAC0A0774,2023-08-05,17:56:36,30.7,100.0,4.0,22.992411,120.294135
08BEAC0A019A,2023-08-05,17:57:23,30.7,100.0,10.0,23.3199,120.34515
08BEAC0A0398,2023-08-05,17:57:26,31.6,100.0,7.0,24.1494507,120.6816876
08BEAC0A06FA,2023-08-05,17:57:28,29.2,100.0,0.0,23.04435,120.470196
08BEAC0A0296,2023-08-05,17:57:30,31.0,100.0,10.0,23.741269,120.401443
08BEAC0A0742,2023-08-05,17:57:45,31.3,100.0,10.0,23.003578,120.240161
08BEAC0A06A6,2023-08-05,17:57:46,31.5,100.0,12.0,22.977305,120.186438
08BEAC0A0480,2023-08-05,17:57:49,32.2,100.0,8.0,23.190069,120.192365
08BEAC0A0678,2023-08-05,17:57:49,30.7,100.0,11.0,23.139376,120.138374
08BEAC0A0156,2023-08-05,17:58:00,29.5,100.0,0.0,24.0838267,120.752756
08BEAC0A0464,2023-08-05,17:58:20,31.7,100.0,9.0,22.989813,120.203024
08BEAC0A0218,2023-08-05,17:58:28,29.8,100.0,7.0,23.6869687,120.5865383
08BEAC0A0226,2023-08-05,17:58:38,30.0,100.0,0.0,23.2174825,120.365091
08BEAC0A01AA,2023-08-05,17:58:40,32.6,78.0,9.0,24.9751,121.269826
08BEAC0A084E,2023-08-05,17:58:55,32.5,100.0,6.0,24.9785086,121.3061612
08BEAC0A0830,2023-08-05,17:59:01,30.7,100.0,0.0,22.956295,120.248057
08BEAC0A0640,2023-08-05,17:59:08,31.7,100.0,11.0,23.160034,120.18215
08BEAC0A0826,2023-08-05,17:59:13,31.7,100.0,8.0,23.0865158,120.3191882
08BEAC0A0340,2023-08-05,17:59:38,31.6,100.0,13.0,22.9193352,120.2170451
08BEAC0A07A2,2023-08-05,18:00:05,30.7,100.0,11.0,25.10392038,121.2447143
08BEAC0A089E,2023-08-05,18:00:11,28.0,100.0,0.0,23.12107103,120.4585091
08BEAC0A0040,2023-08-05,18:00:16,30.6,100.0,0.0,22.99133,120.230478
08BEAC0A05AC,2023-08-05,18:00:17,30.7,100.0,0.0,22.912748,120.261227
08BEAC0A0508,2023-08-05,18:00:53,31.0,100.0,9.0,23.138713,120.324702
08BEAC0A080E,2023-08-05,18:01:29,33.2,100.0,5.0,23.158097,120.170618
08BEAC0A04EC,2023-08-05,18:01:31,29.8,100.0,9.0,24.936085,121.223586
08BEAC0A0774,2023-08-05,18:01:55,30.7,100.0,5.0,22.992411,120.294135
08BEAC0A019A,2023-08-05,18:02:39,30.7,100.0,11.0,23.3199,120.34515
08BEAC0A0398,2023-08-05,18:02:42,31.7,100.0,8.0,24.1494507,120.6816876
08BEAC0A06FA,2023-08-05,18:02:44,29.2,100.0,0.0,23.04435,120.470196
08BEAC0A0296,2023-08-05,18:02:47,31.0,100.0,9.0,23.741269,120.401443
08BEAC0A06A6,2023-08-05,18:03:00,31.5,100.0,12.0,22.977305,120.186438
08BEAC0A0742,2023-08-05,18:03:03,31.3,100.0,10.0,23.003578,120.240161
08BEAC0A0480,2023-08-05,18:03:07,32.2,100.0,7.0,23.190069,120.192365
08BEAC0A0678,2023-08-05,18:03:12,30.7,100.0,12.0,23.139376,120.138374
08BEAC0A0156,2023-08-05,18:03:16,29.5,100.0,0.0,24.0838267,120.752756
08BEAC0A0464,2023-08-05,18:03:37,31.7,100.0,10.0,22.989813,120.203024
08BEAC0A0218,2023-08-05,18:03:43,30.0,100.0,8.0,23.6869687,120.5865383
08BEAC0A0226,2023-08-05,18:03:54,30.2,100.0,0.0,23.2174825,120.365091
08BEAC0A01AA,2023-08-05,18:03:56,32.7,78.0,9.0,24.9751,121.269826
08BEAC0A084E,2023-08-05,18:04:14,32.5,100.0,6.0,24.9785086,121.3061612
08BEAC0A0830,2023-08-05,18:04:20,30.6,100.0,0.0,22.956295,120.248057
08BEAC0A0640,2023-08-05,18:04:23,31.7,100.0,11.0,23.160034,120.18215
08BEAC0A0826,2023-08-05,18:04:30,31.5,100.0,8.0,23.0865158,120.3191882
08BEAC0A0340,2023-08-05,18:04:53,31.5,100.0,14.0,22.9193352,120.2170451
08BEAC0A07A2,2023-08-05,18:06:08,30.7,100.0,12.0,25.10392038,121.2447143
08BEAC0A089E,2023-08-05,18:06:14,28.1,100.0,0.0,23.12107103,120.4585091
08BEAC0A0040,2023-08-05,18:06:20,30.7,100.0,0.0,22.99133,120.230478
08BEAC0A05AC,2023-08-05,18:06:20,30.6,100.0,0.0,22.912748,120.261227
08BEAC0A0508,2023-08-05,18:06:55,31.0,100.0,9.0,23.138713,120.324702
08BEAC0A080E,2023-08-05,18:07:31,33.2,100.0,6.0,23.158097,120.170618
08BEAC0A04EC,2023-08-05,18:07:33,29.5,100.0,9.0,24.936085,121.223586
08BEAC0A0774,2023-08-05,18:07:56,30.7,100.0,6.0,22.992411,120.294135
08BEAC0A0742,2023-08-05,18:08:24,31.3,100.0,10.0,23.003578,120.240161
08BEAC0A019A,2023-08-05,18:08:42,30.7,100.0,10.0,23.3199,120.34515
08BEAC0A0398,2023-08-05,18:08:47,31.6,100.0,7.0,24.1494507,120.6816876
08BEAC0A0296,2023-08-05,18:08:49,31.0,100.0,7.0,23.741269,120.401443
08BEAC0A06FA,2023-08-05,18:08:49,29.2,100.0,0.0,23.04435,120.470196
08BEAC0A06A6,2023-08-05,18:09:01,31.3,100.0,12.0,22.977305,120.186438
08BEAC0A0480,2023-08-05,18:09:08,32.2,100.0,7.0,23.190069,120.192365
08BEAC0A0156,2023-08-05,18:09:17,29.3,100.0,0.0,24.0838267,120.752756
08BEAC0A0678,2023-08-05,18:09:24,30.6,100.0,11.0,23.139376,120.138374
08BEAC0A0464,2023-08-05,18:09:41,31.7,100.0,11.0,22.989813,120.203024
08BEAC0A0218,2023-08-05,18:09:46,30.0,100.0,8.0,23.6869687,120.5865383
08BEAC0A01AA,2023-08-05,18:09:55,32.6,77.0,10.0,24.9751,121.269826
08BEAC0A0226,2023-08-05,18:09:55,30.1,100.0,0.0,23.2174825,120.365091
08BEAC0A0830,2023-08-05,18:10:21,30.6,100.0,0.0,22.956295,120.248057
08BEAC0A0640,2023-08-05,18:10:24,31.7,100.0,13.0,23.160034,120.18215
08BEAC0A084E,2023-08-05,18:10:25,32.3,100.0,6.0,24.9785086,121.3061612
08BEAC0A0826,2023-08-05,18:10:32,31.3,100.0,9.0,23.0865158,120.3191882
08BEAC0A0340,2023-08-05,18:10:55,31.6,100.0,14.0,22.9193352,120.2170451
08BEAC0A07A2,2023-08-05,18:11:24,30.7,100.0,12.0,25.10392038,121.2447143
08BEAC0A089E,2023-08-05,18:11:29,28.3,100.0,0.0,23.12107103,120.4585091
08BEAC0A0040,2023-08-05,18:11:35,30.7,100.0,0.0,22.99133,120.230478
08BEAC0A05AC,2023-08-05,18:11:35,30.7,100.0,0.0,22.912748,120.261227
08BEAC0A0508,2023-08-05,18:12:11,31.0,100.0,10.0,23.138713,120.324702
08BEAC0A080E,2023-08-05,18:12:48,33.2,100.0,6.0,23.158097,120.170618
08BEAC0A04EC,2023-08-05,18:12:50,29.6,100.0,9.0,24.936085,121.223586
08BEAC0A0774,2023-08-05,18:13:13,30.7,100.0,5.0,22.992411,120.294135
08BEAC0A0742,2023-08-05,18:13:44,31.5,100.0,9.0,23.003578,120.240161
08BEAC0A019A,2023-08-05,18:13:58,30.8,100.0,11.0,23.3199,120.34515
08BEAC0A0398,2023-08-05,18:14:02,31.6,100.0,7.0,24.1494507,120.6816876
08BEAC0A06FA,2023-08-05,18:14:05,29.1,100.0,0.0,23.04435,120.470196
08BEAC0A0296,2023-08-05,18:14:06,31.0,100.0,10.0,23.741269,120.401443
08BEAC0A06A6,2023-08-05,18:14:17,31.5,100.0,13.0,22.977305,120.186438
08BEAC0A0480,2023-08-05,18:14:25,32.2,100.0,8.0,23.190069,120.192365
08BEAC0A0156,2023-08-05,18:14:32,29.5,100.0,0.0,24.0838267,120.752756
08BEAC0A0678,2023-08-05,18:14:42,30.3,100.0,12.0,23.139376,120.138374
08BEAC0A0464,2023-08-05,18:14:58,31.6,100.0,10.0,22.989813,120.203024
08BEAC0A0218,2023-08-05,18:15:03,30.1,100.0,8.0,23.6869687,120.5865383
08BEAC0A01AA,2023-08-05,18:15:09,32.6,78.0,9.0,24.9751,121.269826
08BEAC0A0226,2023-08-05,18:15:12,30.1,100.0,0.0,23.2174825,120.365091
08BEAC0A0830,2023-08-05,18:15:37,30.5,100.0,0.0,22.956295,120.248057
08BEAC0A0640,2023-08-05,18:15:42,31.6,100.0,11.0,23.160034,120.18215
08BEAC0A0826,2023-08-05,18:15:49,31.3,100.0,9.0,23.0865158,120.3191882
08BEAC0A084E,2023-08-05,18:16:04,32.5,100.0,6.0,24.9785086,121.3061612
08BEAC0A0340,2023-08-05,18:16:12,31.7,100.0,17.0,22.9193352,120.2170451
08BEAC0A07A2,2023-08-05,18:16:40,30.7,100.0,12.0,25.10392038,121.2447143
08BEAC0A089E,2023-08-05,18:16:45,28.3,100.0,0.0,23.12107103,120.4585091
08BEAC0A0040,2023-08-05,18:16:51,30.6,100.0,0.0,22.99133,120.230478
08BEAC0A05AC,2023-08-05,18:16:55,30.7,100.0,0.0,22.912748,120.261227
08BEAC0A0508,2023-08-05,18:17:28,31.0,100.0,10.0,23.138713,120.324702
08BEAC0A080E,2023-08-05,18:18:03,33.2,100.0,5.0,23.158097,120.170618
08BEAC0A04EC,2023-08-05,18:18:07,29.5,100.0,9.0,24.936085,121.223586
08BEAC0A0774,2023-08-05,18:18:28,30.7,100.0,5.0,22.992411,120.294135
08BEAC0A0742,2023-08-05,18:19:01,31.2,100.0,12.0,23.003578,120.240161
08BEAC0A019A,2023-08-05,18:19:14,30.8,100.0,10.0,23.3199,120.34515
08BEAC0A0398,2023-08-05,18:19:17,31.6,100.0,8.0,24.1494507,120.6816876
08BEAC0A06FA,2023-08-05,18:19:19,29.2,100.0,0.0,23.04435,120.470196
08BEAC0A0296,2023-08-05,18:19:21,31.0,100.0,9.0,23.741269,120.401443
08BEAC0A06A6,2023-08-05,18:19:34,31.5,100.0,12.0,22.977305,120.186438
08BEAC0A0480,2023-08-05,18:19:43,32.2,100.0,7.0,23.190069,120.192365
08BEAC0A0156,2023-08-05,18:19:49,29.5,100.0,0.0,24.0838267,120.752756
08BEAC0A0678,2023-08-05,18:20:05,30.3,100.0,12.0,23.139376,120.138374
08BEAC0A0464,2023-08-05,18:20:16,31.6,100.0,11.0,22.989813,120.203024
08BEAC0A0218,2023-08-05,18:20:19,30.0,100.0,8.0,23.6869687,120.5865383
08BEAC0A01AA,2023-08-05,18:20:27,32.5,78.0,9.0,24.9751,121.269826
08BEAC0A0226,2023-08-05,18:20:28,30.1,100.0,0.0,23.2174825,120.365091
08BEAC0A0830,2023-08-05,18:20:53,30.6,100.0,0.0,22.956295,120.248057
08BEAC0A0640,2023-08-05,18:20:58,31.6,100.0,11.0,23.160034,120.18215
08BEAC0A0826,2023-08-05,18:21:06,31.2,100.0,10.0,23.0865158,120.3191882
08BEAC0A0340,2023-08-05,18:21:28,31.7,100.0,16.0,22.9193352,120.2170451
08BEAC0A084E,2023-08-05,18:21:29,32.3,100.0,5.0,24.9785086,121.3061612
08BEAC0A07A2,2023-08-05,18:21:58,30.8,100.0,13.0,25.10392038,121.2447143
08BEAC0A089E,2023-08-05,18:22:02,28.6,100.0,0.0,23.12107103,120.4585091
08BEAC0A0040,2023-08-05,18:22:06,30.7,100.0,0.0,22.99133,120.230478
08BEAC0A05AC,2023-08-05,18:22:12,30.6,100.0,0.0,22.912748,120.261227
08BEAC0A0508,2023-08-05,18:22:45,31.0,100.0,9.0,23.138713,120.324702
08BEAC0A080E,2023-08-05,18:23:21,33.2,100.0,6.0,23.158097,120.170618
08BEAC0A04EC,2023-08-05,18:23:22,29.3,100.0,9.0,24.936085,121.223586
08BEAC0A0774,2023-08-05,18:23:43,30.7,100.0,6.0,22.992411,120.294135
08BEAC0A0742,2023-08-05,18:24:18,31.1,100.0,11.0,23.003578,120.240161
08BEAC0A019A,2023-08-05,18:24:32,30.8,100.0,10.0,23.3199,120.34515
08BEAC0A0398,2023-08-05,18:24:35,31.5,100.0,8.0,24.1494507,120.6816876
08BEAC0A06FA,2023-08-05,18:24:36,29.1,100.0,0.0,23.04435,120.470196
08BEAC0A0296,2023-08-05,18:24:38,31.0,100.0,8.0,23.741269,120.401443
08BEAC0A06A6,2023-08-05,18:24:49,31.5,100.0,12.0,22.977305,120.186438
08BEAC0A0480,2023-08-05,18:24:58,32.2,100.0,8.0,23.190069,120.192365
08BEAC0A0156,2023-08-05,18:25:05,29.5,100.0,0.0,24.0838267,120.752756
08BEAC0A0678,2023-08-05,18:25:29,30.5,100.0,12.0,23.139376,120.138374
08BEAC0A0218,2023-08-05,18:25:36,29.8,100.0,7.0,23.6869687,120.5865383
08BEAC0A0464,2023-08-05,18:25:37,31.6,100.0,11.0,22.989813,120.203024
08BEAC0A01AA,2023-08-05,18:25:42,32.5,79.0,9.0,24.9751,121.269826
08BEAC0A0226,2023-08-05,18:25:45,30.0,100.0,0.0,23.2174825,120.365091
08BEAC0A0830,2023-08-05,18:26:11,30.3,100.0,0.0,22.956295,120.248057
08BEAC0A0640,2023-08-05,18:26:13,31.6,100.0,13.0,23.160034,120.18215
08BEAC0A0826,2023-08-05,18:26:23,31.2,100.0,10.0,23.0865158,120.3191882
08BEAC0A0340,2023-08-05,18:26:45,31.6,100.0,16.0,22.9193352,120.2170451
08BEAC0A084E,2023-08-05,18:26:50,32.3,100.0,6.0,24.9785086,121.3061612
08BEAC0A07A2,2023-08-05,18:27:13,30.7,100.0,12.0,25.10392038,121.2447143
08BEAC0A089E,2023-08-05,18:27:18,28.2,100.0,0.0,23.12107103,120.4585091
08BEAC0A0040,2023-08-05,18:27:25,30.6,100.0,0.0,22.99133,120.230478
08BEAC0A05AC,2023-08-05,18:27:30,30.7,100.0,0.0,22.912748,120.261227
08BEAC0A0508,2023-08-05,18:28:03,30.8,100.0,9.0,23.138713,120.324702
08BEAC0A04EC,2023-08-05,18:28:38,29.7,100.0,9.0,24.936085,121.223586
08BEAC0A080E,2023-08-05,18:28:38,33.2,100.0,6.0,23.158097,120.170618
08BEAC0A0774,2023-08-05,18:28:58,30.6,100.0,6.0,22.992411,120.294135
08BEAC0A0742,2023-08-05,18:29:33,31.2,100.0,11.0,23.003578,120.240161
08BEAC0A019A,2023-08-05,18:29:46,30.8,100.0,10.0,23.3199,120.34515
08BEAC0A0398,2023-08-05,18:29:51,31.6,100.0,8.0,24.1494507,120.6816876
08BEAC0A06FA,2023-08-05,18:29:54,29.1,100.0,0.0,23.04435,120.470196
08BEAC0A0296,2023-08-05,18:29:55,31.0,100.0,11.0,23.741269,120.401443
08BEAC0A06A6,2023-08-05,18:30:04,31.3,100.0,11.0,22.977305,120.186438
08BEAC0A0480,2023-08-05,18:30:17,32.2,100.0,8.0,23.190069,120.192365
08BEAC0A0156,2023-08-05,18:30:22,29.5,100.0,0.0,24.0838267,120.752756
08BEAC0A0218,2023-08-05,18:30:52,29.8,100.0,7.0,23.6869687,120.5865383
08BEAC0A0464,2023-08-05,18:30:54,31.5,100.0,10.0,22.989813,120.203024
08BEAC0A0678,2023-08-05,18:30:54,30.5,100.0,11.0,23.139376,120.138374
08BEAC0A01AA,2023-08-05,18:30:58,32.3,79.0,9.0,24.9751,121.269826
08BEAC0A0226,2023-08-05,18:31:02,30.0,100.0,0.0,23.2174825,120.365091
08BEAC0A0830,2023-08-05,18:31:27,30.3,100.0,0.0,22.956295,120.248057
08BEAC0A0640,2023-08-05,18:31:29,31.5,100.0,12.0,23.160034,120.18215
08BEAC0A0826,2023-08-05,18:31:40,31.1,100.0,9.0,23.0865158,120.3191882
08BEAC0A0340,2023-08-05,18:32:02,31.6,100.0,14.0,22.9193352,120.2170451
08BEAC0A084E,2023-08-05,18:32:28,32.3,100.0,6.0,24.9785086,121.3061612
08BEAC0A07A2,2023-08-05,18:32:30,30.7,100.0,13.0,25.10392038,121.2447143
08BEAC0A089E,2023-08-05,18:32:35,28.5,100.0,0.0,23.12107103,120.4585091
08BEAC0A0040,2023-08-05,18:32:44,30.7,100.0,0.0,22.99133,120.230478
08BEAC0A05AC,2023-08-05,18:32:47,30.6,100.0,0.0,22.912748,120.261227
08BEAC0A0508,2023-08-05,18:33:20,30.8,100.0,11.0,23.138713,120.324702
08BEAC0A080E,2023-08-05,18:33:54,33.2,100.0,6.0,23.158097,120.170618
08BEAC0A04EC,2023-08-05,18:33:56,29.6,100.0,9.0,24.936085,121.223586
08BEAC0A0774,2023-08-05,18:34:13,30.6,100.0,6.0,22.992411,120.294135
08BEAC0A0742,2023-08-05,18:34:51,31.3,100.0,11.0,23.003578,120.240161
08BEAC0A019A,2023-08-05,18:35:01,30.7,100.0,11.0,23.3199,120.34515
08BEAC0A0296,2023-08-05,18:35:10,30.8,100.0,10.0,23.741269,120.401443
08BEAC0A06FA,2023-08-05,18:35:10,29.1,100.0,0.0,23.04435,120.470196
08BEAC0A06A6,2023-08-05,18:35:21,31.3,100.0,12.0,22.977305,120.186438
08BEAC0A0480,2023-08-05,18:35:34,32.2,100.0,8.0,23.190069,120.192365
08BEAC0A0156,2023-08-05,18:35:39,29.3,100.0,0.0,24.0838267,120.752756
08BEAC0A0218,2023-08-05,18:36:07,29.8,100.0,8.0,23.6869687,120.5865383
08BEAC0A0678,2023-08-05,18:36:10,30.6,100.0,12.0,23.139376,120.138374
08BEAC0A0464,2023-08-05,18:36:12,31.6,100.0,11.0,22.989813,120.203024
08BEAC0A01AA,2023-08-05,18:36:15,32.3,79.0,9.0,24.9751,121.269826
08BEAC0A0226,2023-08-05,18:36:19,30.0,100.0,0.0,23.2174825,120.365091
08BEAC0A0640,2023-08-05,18:36:45,31.5,100.0,14.0,23.160034,120.18215
08BEAC0A0830,2023-08-05,18:36:46,30.2,100.0,0.0,22.956295,120.248057
08BEAC0A0826,2023-08-05,18:36:55,31.1,100.0,10.0,23.0865158,120.3191882
08BEAC0A0340,2023-08-05,18:37:19,31.5,100.0,16.0,22.9193352,120.2170451
08BEAC0A07A2,2023-08-05,18:37:46,30.7,100.0,13.0,25.10392038,121.2447143
08BEAC0A089E,2023-08-05,18:37:51,28.5,100.0,0.0,23.12107103,120.4585091
08BEAC0A084E,2023-08-05,18:37:59,32.3,100.0,5.0,24.9785086,121.3061612
08BEAC0A0040,2023-08-05,18:38:01,30.7,100.0,0.0,22.99133,120.230478
08BEAC0A05AC,2023-08-05,18:38:05,30.7,100.0,0.0,22.912748,120.261227
08BEAC0A0508,2023-08-05,18:38:36,30.7,100.0,10.0,23.138713,120.324702
08BEAC0A080E,2023-08-05,18:39:10,33.2,100.0,5.0,23.158097,120.170618
08BEAC0A04EC,2023-08-05,18:39:12,29.6,100.0,9.0,24.936085,121.223586
08BEAC0A0774,2023-08-05,18:39:29,30.6,100.0,5.0,22.992411,120.294135
08BEAC0A0742,2023-08-05,18:40:10,31.3,100.0,11.0,23.003578,120.240161
08BEAC0A019A,2023-08-05,18:40:18,30.5,100.0,12.0,23.3199,120.34515
08BEAC0A0398,2023-08-05,18:40:20,31.6,100.0,7.0,24.1494507,120.6816876
08BEAC0A06FA,2023-08-05,18:40:24,29.1,100.0,0.0,23.04435,120.470196
08BEAC0A0296,2023-08-05,18:40:26,30.8,100.0,10.0,23.741269,120.401443
08BEAC0A06A6,2023-08-05,18:40:37,31.5,100.0,12.0,22.977305,120.186438
08BEAC0A0480,2023-08-05,18:40:52,32.2,100.0,7.0,23.190069,120.192365
08BEAC0A0156,2023-08-05,18:40:54,29.3,100.0,0.0,24.0838267,120.752756
08BEAC0A0218,2023-08-05,18:41:22,29.8,100.0,7.0,23.6869687,120.5865383
08BEAC0A0678,2023-08-05,18:41:28,30.7,100.0,12.0,23.139376,120.138374
08BEAC0A0464,2023-08-05,18:41:30,31.6,100.0,11.0,22.989813,120.203024
08BEAC0A01AA,2023-08-05,18:41:31,32.3,79.0,9.0,24.9751,121.269826
08BEAC0A0226,2023-08-05,18:41:36,29.8,100.0,0.0,23.2174825,120.365091
08BEAC0A0640,2023-08-05,18:42:00,31.5,100.0,13.0,23.160034,120.18215
08BEAC0A0830,2023-08-05,18:42:02,30.5,100.0,0.0,22.956295,120.248057
08BEAC0A0826,2023-08-05,18:42:12,31.0,100.0,10.0,23.0865158,120.3191882
08BEAC0A0340,2023-08-05,18:42:35,31.6,100.0,15.0,22.9193352,120.2170451
08BEAC0A07A2,2023-08-05,18:43:01,30.6,100.0,12.0,25.10392038,121.2447143
08BEAC0A089E,2023-08-05,18:43:07,28.6,100.0,0.0,23.12107103,120.4585091
08BEAC0A0040,2023-08-05,18:43:16,30.6,100.0,0.0,22.99133,120.230478
08BEAC0A05AC,2023-08-05,18:43:21,30.6,100.0,0.0,22.912748,120.261227
08BEAC0A084E,2023-08-05,18:43:28,32.3,100.0,5.0,24.9785086,121.3061612
08BEAC0A0508,2023-08-05,18:43:51,30.8,100.0,10.0,23.138713,120.324702
08BEAC0A080E,2023-08-05,18:44:25,33.2,100.0,6.0,23.158097,120.170618
08BEAC0A04EC,2023-08-05,18:44:30,29.5,100.0,9.0,24.936085,121.223586
08BEAC0A0774,2023-08-05,18:44:43,30.6,100.0,5.0,22.992411,120.294135
08BEAC0A0742,2023-08-05,18:45:27,31.2,100.0,13.0,23.003578,120.240161
08BEAC0A019A,2023-08-05,18:45:33,30.5,100.0,11.0,23.3199,120.34515
08BEAC0A0398,2023-08-05,18:45:37,31.6,100.0,7.0,24.1494507,120.6816876
08BEAC0A06FA,2023-08-05,18:45:40,29.0,100.0,0.0,23.04435,120.470196
08BEAC0A0296,2023-08-05,18:45:42,30.8,100.0,11.0,23.741269,120.401443
08BEAC0A06A6,2023-08-05,18:45:54,31.5,100.0,13.0,22.977305,120.186438
08BEAC0A0480,2023-08-05,18:46:08,32.2,100.0,8.0,23.190069,120.192365
08BEAC0A0156,2023-08-05,18:46:11,29.3,100.0,0.0,24.0838267,120.752756
08BEAC0A0218,2023-08-05,18:46:37,29.8,100.0,8.0,23.6869687,120.5865383
08BEAC0A01AA,2023-08-05,18:46:46,32.3,79.0,8.0,24.9751,121.269826
08BEAC0A0678,2023-08-05,18:46:46,30.7,100.0,13.0,23.139376,120.138374
08BEAC0A0464,2023-08-05,18:46:47,31.6,100.0,12.0,22.989813,120.203024
08BEAC0A0226,2023-08-05,18:46:53,29.8,100.0,0.0,23.2174825,120.365091
08BEAC0A0640,2023-08-05,18:47:16,31.5,100.0,15.0,23.160034,120.18215
08BEAC0A0830,2023-08-05,18:47:19,30.3,100.0,0.0,22.956295,120.248057
08BEAC0A0826,2023-08-05,18:47:29,31.0,100.0,11.0,23.0865158,120.3191882
08BEAC0A0780,2023-08-05,18:47:44,30.1,100.0,0.0,23.048983,120.174614
08BEAC0A0340,2023-08-05,18:47:50,31.5,100.0,15.0,22.9193352,120.2170451
08BEAC0A07A2,2023-08-05,18:48:19,30.6,100.0,12.0,25.10392038,121.2447143
08BEAC0A089E,2023-08-05,18:48:23,28.6,100.0,0.0,23.12107103,120.4585091
08BEAC0A0040,2023-08-05,18:48:31,30.6,100.0,0.0,22.99133,120.230478
08BEAC0A05AC,2023-08-05,18:48:37,30.6,100.0,0.0,22.912748,120.261227
08BEAC0A084E,2023-08-05,18:49:02,32.5,100.0,6.0,24.9785086,121.3061612
08BEAC0A0508,2023-08-05,18:49:07,30.7,100.0,12.0,23.138713,120.324702
08BEAC0A080E,2023-08-05,18:49:42,33.2,100.0,6.0,23.158097,120.170618
08BEAC0A04EC,2023-08-05,18:49:47,29.7,100.0,8.0,24.936085,121.223586
08BEAC0A0774,2023-08-05,18:50:00,30.7,100.0,6.0,22.992411,120.294135
08BEAC0A0742,2023-08-05,18:50:44,31.3,100.0,11.0,23.003578,120.240161
08BEAC0A019A,2023-08-05,18:50:50,30.5,100.0,11.0,23.3199,120.34515
08BEAC0A0398,2023-08-05,18:50:55,31.5,100.0,7.0,24.1494507,120.6816876
08BEAC0A06FA,2023-08-05,18:50:56,29.0,100.0,0.0,23.04435,120.470196
08BEAC0A0296,2023-08-05,18:50:59,30.8,100.0,8.0,23.741269,120.401443
08BEAC0A06A6,2023-08-05,18:51:09,31.3,100.0,13.0,22.977305,120.186438
08BEAC0A0480,2023-08-05,18:51:24,32.2,100.0,9.0,23.190069,120.192365
08BEAC0A0156,2023-08-05,18:51:28,29.3,100.0,0.0,24.0838267,120.752756
08BEAC0A0218,2023-08-05,18:51:54,29.8,100.0,8.0,23.6869687,120.5865383
08BEAC0A01AA,2023-08-05,18:52:02,32.3,79.0,9.0,24.9751,121.269826
08BEAC0A0464,2023-08-05,18:52:04,31.6,100.0,11.0,22.989813,120.203024
08BEAC0A0226,2023-08-05,18:52:10,29.7,100.0,0.0,23.2174825,120.365091
08BEAC0A0678,2023-08-05,18:52:11,30.7,100.0,14.0,23.139376,120.138374
08BEAC0A0640,2023-08-05,18:52:32,31.5,100.0,13.0,23.160034,120.18215
08BEAC0A0830,2023-08-05,18:52:38,30.6,100.0,0.0,22.956295,120.248057
08BEAC0A0826,2023-08-05,18:52:45,31.0,100.0,11.0,23.0865158,120.3191882
08BEAC0A0340,2023-08-05,18:53:06,31.5,100.0,14.0,22.9193352,120.2170451
08BEAC0A07A2,2023-08-05,18:53:34,30.6,100.0,11.0,25.10392038,121.2447143
08BEAC0A089E,2023-08-05,18:53:39,28.6,100.0,0.0,23.12107103,120.4585091
08BEAC0A0040,2023-08-05,18:53:49,30.6,100.0,0.0,22.99133,120.230478
08BEAC0A05AC,2023-08-05,18:53:52,30.5,100.0,0.0,22.912748,120.261227
08BEAC0A084E,2023-08-05,18:54:20,32.5,100.0,6.0,24.9785086,121.3061612
08BEAC0A0508,2023-08-05,18:54:24,30.7,100.0,11.0,23.138713,120.324702
08BEAC0A080E,2023-08-05,18:54:57,33.2,100.0,6.0,23.158097,120.170618
08BEAC0A04EC,2023-08-05,18:55:04,29.8,100.0,9.0,24.936085,121.223586
08BEAC0A0774,2023-08-05,18:55:17,30.7,100.0,5.0,22.992411,120.294135
08BEAC0A0742,2023-08-05,18:56:01,31.5,100.0,12.0,23.003578,120.240161
08BEAC0A019A,2023-08-05,18:56:06,30.3,100.0,12.0,23.3199,120.34515
08BEAC0A06FA,2023-08-05,18:56:11,29.0,100.0,0.0,23.04435,120.470196
08BEAC0A0398,2023-08-05,18:56:13,31.3,100.0,8.0,24.1494507,120.6816876
08BEAC0A0296,2023-08-05,18:56:15,30.8,100.0,9.0,23.741269,120.401443
08BEAC0A06A6,2023-08-05,18:56:25,31.5,100.0,13.0,22.977305,120.186438
08BEAC0A0480,2023-08-05,18:56:39,32.2,100.0,8.0,23.190069,120.192365
08BEAC0A0156,2023-08-05,18:56:44,29.3,100.0,0.0,24.0838267,120.752756
08BEAC0A0218,2023-08-05,18:57:10,29.8,100.0,8.0,23.6869687,120.5865383
08BEAC0A01AA,2023-08-05,18:57:19,32.5,79.0,8.0,24.9751,121.269826
08BEAC0A0464,2023-08-05,18:57:20,31.6,100.0,11.0,22.989813,120.203024
08BEAC0A0226,2023-08-05,18:57:27,29.8,100.0,0.0,23.2174825,120.365091
08BEAC0A0678,2023-08-05,18:57:31,30.2,100.0,13.0,23.139376,120.138374
08BEAC0A0640,2023-08-05,18:57:47,31.6,100.0,13.0,23.160034,120.18215
08BEAC0A0830,2023-08-05,18:57:53,30.5,100.0,0.0,22.956295,120.248057
08BEAC0A0826,2023-08-05,18:58:02,31.0,100.0,11.0,23.0865158,120.3191882
08BEAC0A0340,2023-08-05,18:58:25,31.5,100.0,15.0,22.9193352,120.2170451
08BEAC0A07A2,2023-08-05,18:58:51,30.6,100.0,11.0,25.10392038,121.2447143
08BEAC0A089E,2023-08-05,18:58:55,28.2,100.0,0.0,23.12107103,120.4585091
08BEAC0A0040,2023-08-05,18:59:05,30.7,100.0,0.0,22.99133,120.230478
08BEAC0A05AC,2023-08-05,18:59:08,30.5,100.0,0.0,22.912748,120.261227
08BEAC0A0508,2023-08-05,18:59:41,30.8,100.0,12.0,23.138713,120.324702
08BEAC0A084E,2023-08-05,18:59:52,32.5,100.0,5.0,24.9785086,121.3061612
08BEAC0A080E,2023-08-05,19:00:13,33.2,100.0,6.0,23.158097,120.170618
08BEAC0A04EC,2023-08-05,19:00:19,29.8,100.0,9.0,24.936085,121.223586
08BEAC0A0774,2023-08-05,19:00:34,30.7,100.0,6.0,22.992411,120.294135
08BEAC0A0742,2023-08-05,19:01:18,31.5,100.0,12.0,23.003578,120.240161
08BEAC0A019A,2023-08-05,19:01:21,30.3,100.0,12.0,23.3199,120.34515
08BEAC0A0398,2023-08-05,19:01:30,31.3,100.0,8.0,24.1494507,120.6816876
08BEAC0A06FA,2023-08-05,19:01:30,29.0,100.0,0.0,23.04435,120.470196
08BEAC0A0296,2023-08-05,19:01:32,30.8,100.0,10.0,23.741269,120.401443
08BEAC0A06A6,2023-08-05,19:01:40,31.3,100.0,13.0,22.977305,120.186438
08BEAC0A0480,2023-08-05,19:01:53,32.1,100.0,8.0,23.190069,120.192365
08BEAC0A0156,2023-08-05,19:01:59,29.3,100.0,0.0,24.0838267,120.752756
08BEAC0A0218,2023-08-05,19:02:26,29.8,100.0,8.0,23.6869687,120.5865383
08BEAC0A01AA,2023-08-05,19:02:35,32.5,78.0,8.0,24.9751,121.269826
08BEAC0A0464,2023-08-05,19:02:38,31.6,100.0,12.0,22.989813,120.203024
08BEAC0A0226,2023-08-05,19:02:42,29.8,100.0,0.0,23.2174825,120.365091
08BEAC0A0678,2023-08-05,19:02:57,30.3,100.0,14.0,23.139376,120.138374
08BEAC0A0640,2023-08-05,19:03:02,31.5,100.0,15.0,23.160034,120.18215
08BEAC0A0830,2023-08-05,19:03:12,30.3,100.0,0.0,22.956295,120.248057
08BEAC0A0826,2023-08-05,19:03:18,31.0,100.0,11.0,23.0865158,120.3191882
08BEAC0A0340,2023-08-05,19:03:41,31.5,100.0,15.0,22.9193352,120.2170451
08BEAC0A07A2,2023-08-05,19:04:08,30.6,100.0,13.0,25.10392038,121.2447143
08BEAC0A0040,2023-08-05,19:04:21,30.8,100.0,0.0,22.99133,120.230478
08BEAC0A05AC,2023-08-05,19:04:25,30.5,100.0,0.0,22.912748,120.261227
08BEAC0A0508,2023-08-05,19:04:59,30.8,100.0,12.0,23.138713,120.324702
08BEAC0A084E,2023-08-05,19:05:18,32.5,100.0,5.0,24.9785086,121.3061612
08BEAC0A080E,2023-08-05,19:05:29,33.2,100.0,6.0,23.158097,120.170618
08BEAC0A04EC,2023-08-05,19:05:33,29.6,100.0,8.0,24.936085,121.223586
08BEAC0A0774,2023-08-05,19:05:49,30.7,100.0,7.0,22.992411,120.294135
08BEAC0A019A,2023-08-05,19:06:37,30.5,100.0,12.0,23.3199,120.34515
08BEAC0A0742,2023-08-05,19:06:38,31.5,100.0,12.0,23.003578,120.240161
08BEAC0A06FA,2023-08-05,19:06:45,28.8,100.0,0.0,23.04435,120.470196
08BEAC0A0398,2023-08-05,19:06:47,31.5,100.0,7.0,24.1494507,120.6816876
08BEAC0A0296,2023-08-05,19:06:49,30.8,100.0,9.0,23.741269,120.401443
08BEAC0A06A6,2023-08-05,19:06:55,31.3,100.0,13.0,22.977305,120.186438
08BEAC0A0480,2023-08-05,19:07:10,32.1,100.0,8.0,23.190069,120.192365
08BEAC0A0156,2023-08-05,19:07:15,29.3,100.0,0.0,24.0838267,120.752756
08BEAC0A0218,2023-08-05,19:07:42,29.8,100.0,8.0,23.6869687,120.5865383
08BEAC0A01AA,2023-08-05,19:07:51,32.5,78.0,8.0,24.9751,121.269826
08BEAC0A0464,2023-08-05,19:07:54,31.6,100.0,12.0,22.989813,120.203024
08BEAC0A0226,2023-08-05,19:07:57,29.8,100.0,0.0,23.2174825,120.365091
08BEAC0A0640,2023-08-05,19:08:19,31.3,100.0,16.0,23.160034,120.18215
08BEAC0A0830,2023-08-05,19:08:27,30.5,100.0,0.0,22.956295,120.248057
08BEAC0A0678,2023-08-05,19:08:28,30.5,100.0,13.0,23.139376,120.138374
08BEAC0A0826,2023-08-05,19:08:34,31.0,100.0,12.0,23.0865158,120.3191882
08BEAC0A0340,2023-08-05,19:08:57,31.6,100.0,16.0,22.9193352,120.2170451
08BEAC0A07A2,2023-08-05,19:09:24,30.6,100.0,10.0,25.10392038,121.2447143
08BEAC0A089E,2023-08-05,19:09:24,27.8,100.0,0.0,23.12107103,120.4585091
08BEAC0A0040,2023-08-05,19:09:38,30.7,100.0,0.0,22.99133,120.230478
08BEAC0A05AC,2023-08-05,19:09:40,30.5,100.0,0.0,22.912748,120.261227
08BEAC0A0508,2023-08-05,19:10:14,30.8,100.0,11.0,23.138713,120.324702
08BEAC0A080E,2023-08-05,19:10:43,33.2,100.0,7.0,23.158097,120.170618
08BEAC0A084E,2023-08-05,19:10:46,32.5,100.0,5.0,24.9785086,121.3061612
08BEAC0A04EC,2023-08-05,19:10:50,29.6,100.0,9.0,24.936085,121.223586
08BEAC0A0774,2023-08-05,19:11:05,30.7,100.0,7.0,22.992411,120.294135
08BEAC0A0780,2023-08-05,19:11:46,30.0,100.0,-578524.0,23.048983,120.174614
08BEAC0A019A,2023-08-05,19:11:53,30.5,100.0,14.0,23.3199,120.34515
08BEAC0A0742,2023-08-05,19:11:54,31.5,100.0,11.0,23.003578,120.240161
08BEAC0A06FA,2023-08-05,19:12:00,29.0,100.0,0.0,23.04435,120.470196
08BEAC0A0398,2023-08-05,19:12:03,31.5,100.0,8.0,24.1494507,120.6816876
08BEAC0A0296,2023-08-05,19:12:07,30.8,100.0,8.0,23.741269,120.401443
08BEAC0A06A6,2023-08-05,19:12:12,31.3,100.0,14.0,22.977305,120.186438
08BEAC0A0480,2023-08-05,19:12:24,32.1,100.0,9.0,23.190069,120.192365
08BEAC0A0156,2023-08-05,19:12:32,29.5,100.0,0.0,24.0838267,120.752756
08BEAC0A0218,2023-08-05,19:12:56,29.8,100.0,8.0,23.6869687,120.5865383
08BEAC0A01AA,2023-08-05,19:13:05,32.5,78.0,9.0,24.9751,121.269826
08BEAC0A0464,2023-08-05,19:13:11,31.6,100.0,13.0,22.989813,120.203024
08BEAC0A0226,2023-08-05,19:13:16,30.0,100.0,0.0,23.2174825,120.365091
08BEAC0A0640,2023-08-05,19:13:36,31.2,100.0,15.0,23.160034,120.18215
08BEAC0A0678,2023-08-05,19:13:43,30.6,100.0,14.0,23.139376,120.138374
08BEAC0A0830,2023-08-05,19:13:43,30.5,100.0,0.0,22.956295,120.248057
08BEAC0A0826,2023-08-05,19:13:50,31.0,100.0,13.0,23.0865158,120.3191882
08BEAC0A0340,2023-08-05,19:14:14,31.5,100.0,15.0,22.9193352,120.2170451
08BEAC0A089E,2023-08-05,19:14:40,28.2,100.0,0.0,23.12107103,120.4585091
08BEAC0A07A2,2023-08-05,19:14:42,30.6,100.0,10.0,25.10392038,121.2447143
08BEAC0A0040,2023-08-05,19:14:56,30.6,100.0,0.0,22.99133,120.230478
08BEAC0A05AC,2023-08-05,19:14:56,30.5,100.0,0.0,22.912748,120.261227
08BEAC0A0508,2023-08-05,19:15:31,31.0,100.0,11.0,23.138713,120.324702
08BEAC0A080E,2023-08-05,19:15:59,33.2,100.0,7.0,23.158097,120.170618
08BEAC0A04EC,2023-08-05,19:16:05,29.3,100.0,7.0,24.936085,121.223586
08BEAC0A084E,2023-08-05,19:16:22,32.5,100.0,5.0,24.9785086,121.3061612
08BEAC0A0774,2023-08-05,19:16:23,30.7,100.0,6.0,22.992411,120.294135
08BEAC0A019A,2023-08-05,19:17:08,30.5,100.0,13.0,23.3199,120.34515
08BEAC0A0742,2023-08-05,19:17:12,31.5,100.0,13.0,23.003578,120.240161
08BEAC0A0398,2023-08-05,19:17:18,31.5,100.0,7.0,24.1494507,120.6816876
08BEAC0A06FA,2023-08-05,19:17:18,28.8,100.0,0.0,23.04435,120.470196
08BEAC0A0296,2023-08-05,19:17:23,30.8,100.0,8.0,23.741269,120.401443
08BEAC0A06A6,2023-08-05,19:17:28,31.3,100.0,14.0,22.977305,120.186438
08BEAC0A0480,2023-08-05,19:17:41,32.2,100.0,8.0,23.190069,120.192365
08BEAC0A0156,2023-08-05,19:17:50,29.5,100.0,0.0,24.0838267,120.752756
08BEAC0A0218,2023-08-05,19:18:13,30.0,100.0,8.0,23.6869687,120.5865383
08BEAC0A01AA,2023-08-05,19:18:20,32.5,78.0,8.0,24.9751,121.269826
08BEAC0A0464,2023-08-05,19:18:28,31.5,100.0,13.0,22.989813,120.203024
08BEAC0A0226,2023-08-05,19:18:35,30.0,100.0,0.0,23.2174825,120.365091
08BEAC0A0640,2023-08-05,19:18:55,31.2,100.0,14.0,23.160034,120.18215
08BEAC0A0830,2023-08-05,19:18:59,30.5,100.0,0.0,22.956295,120.248057
08BEAC0A0678,2023-08-05,19:19:03,30.6,100.0,13.0,23.139376,120.138374
08BEAC0A0826,2023-08-05,19:19:05,31.0,100.0,12.0,23.0865158,120.3191882
08BEAC0A0340,2023-08-05,19:19:30,31.5,100.0,19.0,22.9193352,120.2170451
08BEAC0A089E,2023-08-05,19:19:58,28.5,100.0,0.0,23.12107103,120.4585091
08BEAC0A07A2,2023-08-05,19:20:01,30.6,100.0,11.0,25.10392038,121.2447143
08BEAC0A05AC,2023-08-05,19:20:12,30.6,100.0,0.0,22.912748,120.261227
08BEAC0A0040,2023-08-05,19:20:14,30.5,100.0,0.0,22.99133,120.230478
08BEAC0A0508,2023-08-05,19:20:50,30.7,100.0,13.0,23.138713,120.324702
08BEAC0A080E,2023-08-05,19:21:15,33.2,100.0,7.0,23.158097,120.170618
08BEAC0A04EC,2023-08-05,19:21:23,29.5,100.0,8.0,24.936085,121.223586
08BEAC0A0774,2023-08-05,19:21:38,30.7,100.0,6.0,22.992411,120.294135
08BEAC0A084E,2023-08-05,19:21:43,32.5,100.0,5.0,24.9785086,121.3061612
08BEAC0A019A,2023-08-05,19:22:23,30.3,100.0,12.0,23.3199,120.34515
08BEAC0A0742,2023-08-05,19:22:29,31.3,100.0,13.0,23.003578,120.240161
08BEAC0A06FA,2023-08-05,19:22:32,29.0,100.0,0.0,23.04435,120.470196
08BEAC0A0398,2023-08-05,19:22:33,31.5,100.0,7.0,24.1494507,120.6816876
08BEAC0A0296,2023-08-05,19:22:39,30.8,100.0,8.0,23.741269,120.401443
08BEAC0A06A6,2023-08-05,19:22:44,31.3,100.0,14.0,22.977305,120.186438
08BEAC0A0480,2023-08-05,19:22:57,32.1,100.0,9.0,23.190069,120.192365
08BEAC0A0156,2023-08-05,19:23:08,29.5,100.0,0.0,24.0838267,120.752756
08BEAC0A0218,2023-08-05,19:23:30,30.0,100.0,8.0,23.6869687,120.5865383
08BEAC0A01AA,2023-08-05,19:23:37,32.5,78.0,8.0,24.9751,121.269826
08BEAC0A0464,2023-08-05,19:23:44,31.3,100.0,13.0,22.989813,120.203024
08BEAC0A0226,2023-08-05,19:23:53,30.0,100.0,0.0,23.2174825,120.365091
08BEAC0A0640,2023-08-05,19:24:12,31.2,100.0,15.0,23.160034,120.18215
08BEAC0A0830,2023-08-05,19:24:15,30.3,100.0,0.0,22.956295,120.248057
08BEAC0A0678,2023-08-05,19:24:19,30.7,100.0,14.0,23.139376,120.138374
08BEAC0A0826,2023-08-05,19:24:21,31.0,100.0,12.0,23.0865158,120.3191882
08BEAC0A0340,2023-08-05,19:24:49,31.5,100.0,16.0,22.9193352,120.2170451
08BEAC0A089E,2023-08-05,19:25:15,28.7,100.0,0.0,23.12107103,120.4585091
08BEAC0A07A2,2023-08-05,19:25:17,30.6,100.0,10.0,25.10392038,121.2447143
08BEAC0A05AC,2023-08-05,19:25:29,30.6,100.0,0.0,22.912748,120.261227
08BEAC0A0040,2023-08-05,19:25:32,30.5,100.0,0.0,22.99133,120.230478
08BEAC0A0508,2023-08-05,19:26:09,30.7,100.0,12.0,23.138713,120.324702
08BEAC0A080E,2023-08-05,19:26:31,33.2,100.0,7.0,23.158097,120.170618
08BEAC0A04EC,2023-08-05,19:26:40,29.6,100.0,8.0,24.936085,121.223586
08BEAC0A0774,2023-08-05,19:26:54,30.7,100.0,7.0,22.992411,120.294135
08BEAC0A084E,2023-08-05,19:27:34,32.5,100.0,5.0,24.9785086,121.3061612
08BEAC0A019A,2023-08-05,19:27:37,30.6,100.0,13.0,23.3199,120.34515
08BEAC0A0742,2023-08-05,19:27:46,31.1,100.0,14.0,23.003578,120.240161
08BEAC0A06FA,2023-08-05,19:27:48,29.0,100.0,0.0,23.04435,120.470196
08BEAC0A0398,2023-08-05,19:27:52,31.5,100.0,7.0,24.1494507,120.6816876
08BEAC0A0296,2023-08-05,19:27:55,30.8,100.0,10.0,23.741269,120.401443
08BEAC0A06A6,2023-08-05,19:27:59,31.3,100.0,14.0,22.977305,120.186438
08BEAC0A0480,2023-08-05,19:28:12,32.2,100.0,10.0,23.190069,120.192365
08BEAC0A0156,2023-08-05,19:28:25,29.5,100.0,0.0,24.0838267,120.752756
08BEAC0A0218,2023-08-05,19:28:46,30.0,100.0,8.0,23.6869687,120.5865383
08BEAC0A01AA,2023-08-05,19:28:53,32.6,78.0,8.0,24.9751,121.269826
08BEAC0A0464,2023-08-05,19:29:03,31.3,100.0,13.0,22.989813,120.203024
08BEAC0A0226,2023-08-05,19:29:08,30.0,100.0,0.0,23.2174825,120.365091
08BEAC0A0640,2023-08-05,19:29:28,31.1,100.0,16.0,23.160034,120.18215
08BEAC0A0830,2023-08-05,19:29:31,30.3,100.0,0.0,22.956295,120.248057
08BEAC0A0678,2023-08-05,19:29:35,30.5,100.0,15.0,23.139376,120.138374
08BEAC0A0826,2023-08-05,19:29:37,30.8,100.0,12.0,23.0865158,120.3191882
08BEAC0A0340,2023-08-05,19:30:04,31.5,100.0,17.0,22.9193352,120.2170451
08BEAC0A089E,2023-08-05,19:30:31,28.7,100.0,0.0,23.12107103,120.4585091
08BEAC0A07A2,2023-08-05,19:30:33,30.6,100.0,11.0,25.10392038,121.2447143
08BEAC0A05AC,2023-08-05,19:30:45,30.7,100.0,0.0,22.912748,120.261227
08BEAC0A0040,2023-08-05,19:30:50,30.5,100.0,0.0,22.99133,120.230478
08BEAC0A0508,2023-08-05,19:31:24,30.6,100.0,12.0,23.138713,120.324702
08BEAC0A080E,2023-08-05,19:31:47,33.2,100.0,7.0,23.158097,120.170618
08BEAC0A04EC,2023-08-05,19:31:55,29.5,100.0,8.0,24.936085,121.223586
08BEAC0A0774,2023-08-05,19:32:09,30.8,100.0,7.0,22.992411,120.294135
08BEAC0A019A,2023-08-05,19:32:53,30.7,100.0,14.0,23.3199,120.34515
08BEAC0A084E,2023-08-05,19:32:53,32.5,100.0,5.0,24.9785086,121.3061612
08BEAC0A06FA,2023-08-05,19:33:05,29.0,100.0,0.0,23.04435,120.470196
08BEAC0A0742,2023-08-05,19:33:06,31.0,100.0,12.0,23.003578,120.240161
08BEAC0A0398,2023-08-05,19:33:08,31.3,100.0,7.0,24.1494507,120.6816876
08BEAC0A0296,2023-08-05,19:33:11,30.8,100.0,9.0,23.741269,120.401443
08BEAC0A06A6,2023-08-05,19:33:15,31.1,100.0,16.0,22.977305,120.186438
08BEAC0A0480,2023-08-05,19:33:28,32.1,100.0,10.0,23.190069,120.192365
08BEAC0A0156,2023-08-05,19:33:42,29.3,100.0,0.0,24.0838267,120.752756
08BEAC0A01AA,2023-08-05,19:34:10,32.6,78.0,8.0,24.9751,121.269826
08BEAC0A0464,2023-08-05,19:34:21,31.3,100.0,12.0,22.989813,120.203024
08BEAC0A0226,2023-08-05,19:34:26,30.0,100.0,0.0,23.2174825,120.365091
08BEAC0A0640,2023-08-05,19:34:44,31.1,100.0,16.0,23.160034,120.18215
08BEAC0A0830,2023-08-05,19:34:47,30.3,100.0,0.0,22.956295,120.248057
08BEAC0A0678,2023-08-05,19:34:54,30.6,100.0,15.0,23.139376,120.138374
08BEAC0A0826,2023-08-05,19:34:54,30.8,100.0,11.0,23.0865158,120.3191882
08BEAC0A0340,2023-08-05,19:35:22,31.5,100.0,16.0,22.9193352,120.2170451
08BEAC0A089E,2023-08-05,19:35:46,28.6,100.0,0.0,23.12107103,120.4585091
08BEAC0A07A2,2023-08-05,19:35:50,30.6,100.0,11.0,25.10392038,121.2447143
08BEAC0A05AC,2023-08-05,19:36:02,30.8,100.0,0.0,22.912748,120.261227
08BEAC0A0040,2023-08-05,19:36:06,30.5,100.0,0.0,22.99133,120.230478
08BEAC0A0508,2023-08-05,19:36:41,30.5,100.0,12.0,23.138713,120.324702
08BEAC0A080E,2023-08-05,19:37:06,33.2,100.0,7.0,23.158097,120.170618
08BEAC0A04EC,2023-08-05,19:37:11,29.7,100.0,8.0,24.936085,121.223586
08BEAC0A0774,2023-08-05,19:37:25,30.8,100.0,8.0,22.992411,120.294135
08BEAC0A019A,2023-08-05,19:38:09,30.7,100.0,13.0,23.3199,120.34515
08BEAC0A06FA,2023-08-05,19:38:21,29.0,100.0,0.0,23.04435,120.470196
08BEAC0A0742,2023-08-05,19:38:21,30.8,100.0,14.0,23.003578,120.240161
08BEAC0A0398,2023-08-05,19:38:26,31.5,100.0,7.0,24.1494507,120.6816876
08BEAC0A0296,2023-08-05,19:38:29,30.8,100.0,7.0,23.741269,120.401443
08BEAC0A06A6,2023-08-05,19:38:29,31.1,100.0,14.0,22.977305,120.186438
08BEAC0A084E,2023-08-05,19:38:42,32.3,100.0,5.0,24.9785086,121.3061612
08BEAC0A0480,2023-08-05,19:38:43,32.1,100.0,10.0,23.190069,120.192365
08BEAC0A0156,2023-08-05,19:38:59,29.3,100.0,33.0,24.0838267,120.752756
08BEAC0A0218,2023-08-05,19:39:11,29.8,100.0,8.0,23.6869687,120.5865383
08BEAC0A01AA,2023-08-05,19:39:26,32.6,78.0,8.0,24.9751,121.269826
08BEAC0A0464,2023-08-05,19:39:39,31.1,100.0,13.0,22.989813,120.203024
08BEAC0A0226,2023-08-05,19:39:44,29.8,100.0,0.0,23.2174825,120.365091
08BEAC0A0640,2023-08-05,19:40:00,31.1,100.0,16.0,23.160034,120.18215
08BEAC0A0830,2023-08-05,19:40:06,30.2,100.0,0.0,22.956295,120.248057
08BEAC0A0826,2023-08-05,19:40:10,30.7,100.0,12.0,23.0865158,120.3191882
08BEAC0A0678,2023-08-05,19:40:12,30.5,100.0,14.0,23.139376,120.138374
08BEAC0A0340,2023-08-05,19:40:39,31.5,100.0,16.0,22.9193352,120.2170451
08BEAC0A089E,2023-08-05,19:41:02,28.2,100.0,0.0,23.12107103,120.4585091
08BEAC0A07A2,2023-08-05,19:41:08,30.6,100.0,10.0,25.10392038,121.2447143
08BEAC0A05AC,2023-08-05,19:41:19,30.7,100.0,0.0,22.912748,120.261227
08BEAC0A0040,2023-08-05,19:41:22,30.2,100.0,0.0,22.99133,120.230478
08BEAC0A0508,2023-08-05,19:41:59,30.3,100.0,13.0,23.138713,120.324702
08BEAC0A080E,2023-08-05,19:42:21,33.2,100.0,7.0,23.158097,120.170618
08BEAC0A04EC,2023-08-05,19:42:28,29.5,100.0,8.0,24.936085,121.223586
08BEAC0A0774,2023-08-05,19:42:41,30.7,100.0,7.0,22.992411,120.294135
08BEAC0A019A,2023-08-05,19:43:24,30.7,100.0,13.0,23.3199,120.34515
08BEAC0A06FA,2023-08-05,19:43:39,29.0,100.0,0.0,23.04435,120.470196
08BEAC0A0742,2023-08-05,19:43:40,30.7,100.0,14.0,23.003578,120.240161
08BEAC0A0398,2023-08-05,19:43:41,31.5,100.0,7.0,24.1494507,120.6816876
08BEAC0A0296,2023-08-05,19:43:45,30.8,100.0,8.0,23.741269,120.401443
08BEAC0A06A6,2023-08-05,19:43:45,31.0,100.0,14.0,22.977305,120.186438
08BEAC0A0480,2023-08-05,19:43:59,32.1,100.0,9.0,23.190069,120.192365
08BEAC0A084E,2023-08-05,19:44:13,32.3,100.0,5.0,24.9785086,121.3061612
08BEAC0A0156,2023-08-05,19:44:16,29.3,100.0,0.0,24.0838267,120.752756
08BEAC0A0218,2023-08-05,19:44:28,29.8,100.0,8.0,23.6869687,120.5865383
08BEAC0A01AA,2023-08-05,19:44:41,32.5,79.0,8.0,24.9751,121.269826
08BEAC0A0464,2023-08-05,19:44:56,31.2,100.0,12.0,22.989813,120.203024
08BEAC0A0226,2023-08-05,19:44:59,29.7,100.0,0.0,23.2174825,120.365091
08BEAC0A0640,2023-08-05,19:45:18,31.1,100.0,16.0,23.160034,120.18215
08BEAC0A0830,2023-08-05,19:45:23,30.3,100.0,0.0,22.956295,120.248057
08BEAC0A0826,2023-08-05,19:45:26,30.7,100.0,11.0,23.0865158,120.3191882
08BEAC0A0678,2023-08-05,19:45:29,30.3,100.0,14.0,23.139376,120.138374
08BEAC0A0340,2023-08-05,19:45:54,31.3,100.0,17.0,22.9193352,120.2170451
08BEAC0A089E,2023-08-05,19:46:18,28.1,100.0,0.0,23.12107103,120.4585091
08BEAC0A07A2,2023-08-05,19:46:25,30.5,100.0,10.0,25.10392038,121.2447143
08BEAC0A05AC,2023-08-05,19:46:36,30.6,100.0,0.0,22.912748,120.261227
08BEAC0A0040,2023-08-05,19:46:38,30.3,100.0,0.0,22.99133,120.230478
08BEAC0A0508,2023-08-05,19:47:13,30.3,100.0,12.0,23.138713,120.324702
08BEAC0A080E,2023-08-05,19:47:37,33.2,100.0,7.0,23.158097,120.170618
08BEAC0A04EC,2023-08-05,19:47:45,29.5,100.0,8.0,24.936085,121.223586
08BEAC0A0774,2023-08-05,19:47:58,30.6,100.0,8.0,22.992411,120.294135
08BEAC0A019A,2023-08-05,19:48:42,30.7,100.0,13.0,23.3199,120.34515
08BEAC0A06FA,2023-08-05,19:48:56,29.1,100.0,0.0,23.04435,120.470196
08BEAC0A0398,2023-08-05,19:48:57,31.5,100.0,7.0,24.1494507,120.6816876
08BEAC0A0742,2023-08-05,19:48:58,30.8,100.0,13.0,23.003578,120.240161
08BEAC0A06A6,2023-08-05,19:49:00,31.1,100.0,16.0,22.977305,120.186438
08BEAC0A0296,2023-08-05,19:49:01,30.8,100.0,8.0,23.741269,120.401443
08BEAC0A0480,2023-08-05,19:49:14,32.1,100.0,11.0,23.190069,120.192365
08BEAC0A0156,2023-08-05,19:49:31,29.3,100.0,0.0,24.0838267,120.752756
08BEAC0A084E,2023-08-05,19:49:38,32.3,100.0,5.0,24.9785086,121.3061612
08BEAC0A0218,2023-08-05,19:49:43,29.8,100.0,9.0,23.6869687,120.5865383
08BEAC0A01AA,2023-08-05,19:49:59,32.2,79.0,8.0,24.9751,121.269826
08BEAC0A0464,2023-08-05,19:50:12,31.2,100.0,13.0,22.989813,120.203024
08BEAC0A0226,2023-08-05,19:50:18,29.6,100.0,0.0,23.2174825,120.365091
08BEAC0A0640,2023-08-05,19:50:33,31.0,100.0,17.0,23.160034,120.18215
08BEAC0A0830,2023-08-05,19:50:42,30.2,100.0,0.0,22.956295,120.248057
08BEAC0A0826,2023-08-05,19:50:43,30.7,100.0,13.0,23.0865158,120.3191882
08BEAC0A0678,2023-08-05,19:50:48,30.5,100.0,16.0,23.139376,120.138374
08BEAC0A0340,2023-08-05,19:51:09,31.2,100.0,18.0,22.9193352,120.2170451
08BEAC0A089E,2023-08-05,19:51:34,28.0,100.0,0.0,23.12107103,120.4585091
08BEAC0A07A2,2023-08-05,19:51:41,30.6,100.0,9.0,25.10392038,121.2447143
08BEAC0A05AC,2023-08-05,19:51:52,30.3,100.0,0.0,22.912748,120.261227
08BEAC0A0040,2023-08-05,19:51:55,30.3,100.0,0.0,22.99133,120.230478
08BEAC0A0508,2023-08-05,19:52:31,30.3,100.0,13.0,23.138713,120.324702
08BEAC0A080E,2023-08-05,19:52:55,33.2,100.0,7.0,23.158097,120.170618
08BEAC0A04EC,2023-08-05,19:53:01,29.3,100.0,8.0,24.936085,121.223586
08BEAC0A0774,2023-08-05,19:53:14,30.5,100.0,8.0,22.992411,120.294135
08BEAC0A019A,2023-08-05,19:53:56,30.7,100.0,14.0,23.3199,120.34515
08BEAC0A06FA,2023-08-05,19:54:12,29.1,100.0,0.0,23.04435,120.470196
08BEAC0A0742,2023-08-05,19:54:13,30.3,100.0,15.0,23.003578,120.240161
08BEAC0A0398,2023-08-05,19:54:15,31.5,100.0,7.0,24.1494507,120.6816876
08BEAC0A0296,2023-08-05,19:54:16,30.8,100.0,8.0,23.741269,120.401443
08BEAC0A06A6,2023-08-05,19:54:17,31.1,100.0,15.0,22.977305,120.186438
08BEAC0A0480,2023-08-05,19:54:31,32.1,100.0,10.0,23.190069,120.192365
08BEAC0A0156,2023-08-05,19:54:48,29.3,100.0,0.0,24.0838267,120.752756
08BEAC0A0218,2023-08-05,19:55:04,30.0,100.0,8.0,23.6869687,120.5865383
08BEAC0A084E,2023-08-05,19:55:11,32.3,100.0,5.0,24.9785086,121.3061612
08BEAC0A01AA,2023-08-05,19:55:13,32.3,79.0,8.0,24.9751,121.269826
08BEAC0A0464,2023-08-05,19:55:29,31.2,100.0,14.0,22.989813,120.203024
08BEAC0A0226,2023-08-05,19:55:32,29.5,100.0,0.0,23.2174825,120.365091
08BEAC0A0640,2023-08-05,19:55:48,31.1,100.0,17.0,23.160034,120.18215
08BEAC0A0830,2023-08-05,19:55:58,30.2,100.0,0.0,22.956295,120.248057
08BEAC0A0826,2023-08-05,19:56:01,30.7,100.0,12.0,23.0865158,120.3191882
08BEAC0A0678,2023-08-05,19:56:03,30.3,100.0,14.0,23.139376,120.138374
08BEAC0A0340,2023-08-05,19:56:25,31.1,100.0,18.0,22.9193352,120.2170451
08BEAC0A089E,2023-08-05,19:56:48,28.2,100.0,0.0,23.12107103,120.4585091
08BEAC0A07A2,2023-08-05,19:56:58,30.6,100.0,9.0,25.10392038,121.2447143
08BEAC0A0040,2023-08-05,19:57:11,30.2,100.0,0.0,22.99133,120.230478
08BEAC0A05AC,2023-08-05,19:57:11,30.2,100.0,0.0,22.912748,120.261227
08BEAC0A0508,2023-08-05,19:57:46,30.2,100.0,14.0,23.138713,120.324702
08BEAC0A080E,2023-08-05,19:58:11,33.2,100.0,7.0,23.158097,120.170618
08BEAC0A04EC,2023-08-05,19:58:18,29.5,100.0,7.0,24.936085,121.223586
08BEAC0A0774,2023-08-05,19:58:30,30.3,100.0,7.0,22.992411,120.294135
08BEAC0A019A,2023-08-05,19:59:12,30.7,100.0,15.0,23.3199,120.34515
08BEAC0A06FA,2023-08-05,19:59:27,29.1,100.0,0.0,23.04435,120.470196
08BEAC0A0742,2023-08-05,19:59:30,30.3,100.0,14.0,23.003578,120.240161
08BEAC0A0296,2023-08-05,19:59:33,30.8,100.0,9.0,23.741269,120.401443
08BEAC0A0398,2023-08-05,19:59:33,31.5,100.0,6.0,24.1494507,120.6816876
08BEAC0A06A6,2023-08-05,19:59:37,31.1,100.0,14.0,22.977305,120.186438
08BEAC0A0480,2023-08-05,19:59:47,32.1,100.0,10.0,23.190069,120.192365
08BEAC0A0156,2023-08-05,20:00:04,29.3,100.0,0.0,24.0838267,120.752756
08BEAC0A0218,2023-08-05,20:00:23,30.0,100.0,8.0,23.6869687,120.5865383
08BEAC0A01AA,2023-08-05,20:00:31,32.3,79.0,8.0,24.9751,121.269826
08BEAC0A084E,2023-08-05,20:00:42,32.3,100.0,5.0,24.9785086,121.3061612
08BEAC0A0464,2023-08-05,20:00:45,31.2,100.0,14.0,22.989813,120.203024
08BEAC0A0226,2023-08-05,20:00:47,29.3,100.0,0.0,23.2174825,120.365091
08BEAC0A0640,2023-08-05,20:01:03,31.1,100.0,16.0,23.160034,120.18215
08BEAC0A0830,2023-08-05,20:01:14,30.2,100.0,0.0,22.956295,120.248057
08BEAC0A0826,2023-08-05,20:01:16,30.6,100.0,13.0,23.0865158,120.3191882
08BEAC0A0678,2023-08-05,20:01:19,30.3,100.0,15.0,23.139376,120.138374
08BEAC0A0340,2023-08-05,20:01:40,31.1,100.0,19.0,22.9193352,120.2170451
08BEAC0A089E,2023-08-05,20:02:03,28.3,100.0,0.0,23.12107103,120.4585091
08BEAC0A07A2,2023-08-05,20:02:15,30.6,100.0,9.0,25.10392038,121.2447143
08BEAC0A05AC,2023-08-05,20:02:27,30.2,100.0,0.0,22.912748,120.261227
08BEAC0A0040,2023-08-05,20:02:29,30.2,100.0,0.0,22.99133,120.230478
08BEAC0A0508,2023-08-05,20:03:03,30.3,100.0,13.0,23.138713,120.324702
08BEAC0A080E,2023-08-05,20:03:28,33.2,100.0,8.0,23.158097,120.170618
08BEAC0A04EC,2023-08-05,20:03:32,29.5,100.0,8.0,24.936085,121.223586
08BEAC0A0774,2023-08-05,20:03:47,30.5,100.0,8.0,22.992411,120.294135
08BEAC0A019A,2023-08-05,20:04:30,30.7,100.0,14.0,23.3199,120.34515
08BEAC0A06FA,2023-08-05,20:04:45,29.0,100.0,0.0,23.04435,120.470196
08BEAC0A0742,2023-08-05,20:04:47,30.2,100.0,15.0,23.003578,120.240161
08BEAC0A0296,2023-08-05,20:04:49,30.8,100.0,9.0,23.741269,120.401443
08BEAC0A0398,2023-08-05,20:04:49,31.5,100.0,6.0,24.1494507,120.6816876
08BEAC0A06A6,2023-08-05,20:04:52,31.1,100.0,16.0,22.977305,120.186438
08BEAC0A0480,2023-08-05,20:05:03,32.1,100.0,10.0,23.190069,120.192365
08BEAC0A0156,2023-08-05,20:05:21,29.3,100.0,0.0,24.0838267,120.752756
08BEAC0A0218,2023-08-05,20:05:39,29.8,100.0,9.0,23.6869687,120.5865383
08BEAC0A01AA,2023-08-05,20:05:45,32.3,79.0,9.0,24.9751,121.269826
08BEAC0A0464,2023-08-05,20:06:02,31.1,100.0,14.0,22.989813,120.203024
08BEAC0A0226,2023-08-05,20:06:03,29.5,100.0,0.0,23.2174825,120.365091
08BEAC0A084E,2023-08-05,20:06:13,32.5,100.0,5.0,24.9785086,121.3061612
08BEAC0A0640,2023-08-05,20:06:21,31.1,100.0,17.0,23.160034,120.18215
08BEAC0A0830,2023-08-05,20:06:29,30.1,100.0,0.0,22.956295,120.248057
08BEAC0A0826,2023-08-05,20:06:33,30.6,100.0,14.0,23.0865158,120.3191882
08BEAC0A0678,2023-08-05,20:06:38,30.5,100.0,15.0,23.139376,120.138374
08BEAC0A0340,2023-08-05,20:06:55,31.1,100.0,19.0,22.9193352,120.2170451
08BEAC0A089E,2023-08-05,20:07:19,28.5,100.0,0.0,23.12107103,120.4585091
08BEAC0A07A2,2023-08-05,20:07:30,30.5,100.0,10.0,25.10392038,121.2447143
08BEAC0A05AC,2023-08-05,20:07:44,30.2,100.0,0.0,22.912748,120.261227
08BEAC0A0040,2023-08-05,20:07:46,30.2,100.0,0.0,22.99133,120.230478
08BEAC0A0508,2023-08-05,20:08:20,30.3,100.0,13.0,23.138713,120.324702
08BEAC0A080E,2023-08-05,20:08:44,33.2,100.0,7.0,23.158097,120.170618
08BEAC0A04EC,2023-08-05,20:08:49,29.3,100.0,8.0,24.936085,121.223586
08BEAC0A0774,2023-08-05,20:09:02,30.3,100.0,8.0,22.992411,120.294135
08BEAC0A019A,2023-08-05,20:09:46,30.5,100.0,15.0,23.3199,120.34515
08BEAC0A06FA,2023-08-05,20:10:03,29.0,100.0,0.0,23.04435,120.470196
08BEAC0A0398,2023-08-05,20:10:05,31.3,100.0,7.0,24.1494507,120.6816876
08BEAC0A0296,2023-08-05,20:10:06,30.8,100.0,10.0,23.741269,120.401443
08BEAC0A0742,2023-08-05,20:10:07,30.5,100.0,15.0,23.003578,120.240161
08BEAC0A06A6,2023-08-05,20:10:11,31.2,100.0,16.0,22.977305,120.186438
08BEAC0A0480,2023-08-05,20:10:20,32.1,100.0,10.0,23.190069,120.192365
08BEAC0A0156,2023-08-05,20:10:39,29.3,100.0,0.0,24.0838267,120.752756
08BEAC0A0218,2023-08-05,20:10:55,29.7,100.0,9.0,23.6869687,120.5865383
08BEAC0A01AA,2023-08-05,20:11:01,32.5,79.0,8.0,24.9751,121.269826
08BEAC0A0464,2023-08-05,20:11:18,31.0,100.0,14.0,22.989813,120.203024
08BEAC0A0226,2023-08-05,20:11:20,29.6,100.0,0.0,23.2174825,120.365091
08BEAC0A0640,2023-08-05,20:11:36,31.1,100.0,16.0,23.160034,120.18215
08BEAC0A0830,2023-08-05,20:11:45,29.8,100.0,0.0,22.956295,120.248057
08BEAC0A084E,2023-08-05,20:11:45,32.3,100.0,5.0,24.9785086,121.3061612
08BEAC0A0826,2023-08-05,20:11:50,30.6,100.0,13.0,23.0865158,120.3191882
08BEAC0A0678,2023-08-05,20:11:54,30.5,100.0,15.0,23.139376,120.138374
08BEAC0A0340,2023-08-05,20:12:12,31.1,100.0,18.0,22.9193352,120.2170451
08BEAC0A089E,2023-08-05,20:12:38,28.5,100.0,0.0,23.12107103,120.4585091
08BEAC0A07A2,2023-08-05,20:12:47,30.6,100.0,11.0,25.10392038,121.2447143
08BEAC0A05AC,2023-08-05,20:12:59,30.3,100.0,0.0,22.912748,120.261227
08BEAC0A0040,2023-08-05,20:13:02,30.3,100.0,0.0,22.99133,120.230478
08BEAC0A0508,2023-08-05,20:13:35,30.2,100.0,14.0,23.138713,120.324702
08BEAC0A080E,2023-08-05,20:14:00,33.1,100.0,7.0,23.158097,120.170618
08BEAC0A04EC,2023-08-05,20:14:04,29.6,100.0,8.0,24.936085,121.223586
08BEAC0A0774,2023-08-05,20:14:18,30.5,100.0,7.0,22.992411,120.294135
08BEAC0A019A,2023-08-05,20:15:03,30.3,100.0,14.0,23.3199,120.34515
08BEAC0A06FA,2023-08-05,20:15:19,29.1,100.0,0.0,23.04435,120.470196
08BEAC0A0398,2023-08-05,20:15:21,31.3,100.0,7.0,24.1494507,120.6816876
08BEAC0A0296,2023-08-05,20:15:22,30.8,100.0,7.0,23.741269,120.401443
08BEAC0A06A6,2023-08-05,20:15:25,31.2,100.0,16.0,22.977305,120.186438
08BEAC0A0480,2023-08-05,20:15:36,32.1,100.0,10.0,23.190069,120.192365
08BEAC0A0156,2023-08-05,20:15:57,29.3,100.0,0.0,24.0838267,120.752756
08BEAC0A0218,2023-08-05,20:16:10,29.7,100.0,9.0,23.6869687,120.5865383
08BEAC0A01AA,2023-08-05,20:16:15,32.3,79.0,8.0,24.9751,121.269826
08BEAC0A0464,2023-08-05,20:16:34,31.1,100.0,14.0,22.989813,120.203024
08BEAC0A0226,2023-08-05,20:16:37,29.5,100.0,0.0,23.2174825,120.365091
08BEAC0A0640,2023-08-05,20:16:54,31.2,100.0,16.0,23.160034,120.18215
08BEAC0A0830,2023-08-05,20:17:02,30.1,100.0,0.0,22.956295,120.248057
08BEAC0A084E,2023-08-05,20:17:05,32.3,100.0,5.0,24.9785086,121.3061612
08BEAC0A0826,2023-08-05,20:17:06,30.6,100.0,13.0,23.0865158,120.3191882
08BEAC0A0678,2023-08-05,20:17:23,30.6,100.0,16.0,23.139376,120.138374
08BEAC0A0340,2023-08-05,20:17:30,31.2,100.0,19.0,22.9193352,120.2170451
08BEAC0A089E,2023-08-05,20:17:55,28.6,100.0,0.0,23.12107103,120.4585091
08BEAC0A07A2,2023-08-05,20:18:04,30.7,100.0,10.0,25.10392038,121.2447143
08BEAC0A05AC,2023-08-05,20:18:15,30.3,100.0,0.0,22.912748,120.261227
08BEAC0A0040,2023-08-05,20:18:20,30.1,100.0,0.0,22.99133,120.230478
08BEAC0A0508,2023-08-05,20:18:54,30.3,100.0,14.0,23.138713,120.324702
08BEAC0A080E,2023-08-05,20:19:15,33.2,100.0,7.0,23.158097,120.170618
08BEAC0A04EC,2023-08-05,20:19:22,29.3,100.0,8.0,24.936085,121.223586
08BEAC0A0774,2023-08-05,20:19:35,30.5,100.0,8.0,22.992411,120.294135
08BEAC0A019A,2023-08-05,20:20:21,30.3,100.0,14.0,23.3199,120.34515
08BEAC0A0742,2023-08-05,20:20:34,30.2,100.0,15.0,23.003578,120.240161
08BEAC0A06FA,2023-08-05,20:20:36,29.1,100.0,0.0,23.04435,120.470196
08BEAC0A0296,2023-08-05,20:20:37,30.7,100.0,9.0,23.741269,120.401443
08BEAC0A0398,2023-08-05,20:20:37,31.3,100.0,7.0,24.1494507,120.6816876
08BEAC0A06A6,2023-08-05,20:20:40,31.1,100.0,16.0,22.977305,120.186438
08BEAC0A0480,2023-08-05,20:20:52,32.1,100.0,11.0,23.190069,120.192365
08BEAC0A0156,2023-08-05,20:21:13,29.3,100.0,0.0,24.0838267,120.752756
08BEAC0A0218,2023-08-05,20:21:26,29.5,100.0,9.0,23.6869687,120.5865383
08BEAC0A01AA,2023-08-05,20:21:31,32.1,80.0,8.0,24.9751,121.269826
08BEAC0A0464,2023-08-05,20:21:50,31.0,100.0,14.0,22.989813,120.203024
08BEAC0A0226,2023-08-05,20:21:54,29.6,100.0,0.0,23.2174825,120.365091
08BEAC0A0640,2023-08-05,20:22:10,31.2,100.0,17.0,23.160034,120.18215
08BEAC0A0830,2023-08-05,20:22:18,30.0,100.0,0.0,22.956295,120.248057
08BEAC0A0826,2023-08-05,20:22:23,30.6,100.0,14.0,23.0865158,120.3191882
08BEAC0A0678,2023-08-05,20:22:38,30.6,100.0,15.0,23.139376,120.138374
08BEAC0A084E,2023-08-05,20:22:44,32.3,100.0,5.0,24.9785086,121.3061612
08BEAC0A0340,2023-08-05,20:22:46,31.2,100.0,18.0,22.9193352,120.2170451
08BEAC0A089E,2023-08-05,20:23:13,28.6,100.0,0.0,23.12107103,120.4585091
08BEAC0A07A2,2023-08-05,20:23:21,30.6,100.0,10.0,25.10392038,121.2447143
08BEAC0A05AC,2023-08-05,20:23:31,30.2,100.0,1.0,22.912748,120.261227
08BEAC0A0040,2023-08-05,20:23:36,30.3,100.0,0.0,22.99133,120.230478
08BEAC0A0508,2023-08-05,20:24:12,30.3,100.0,14.0,23.138713,120.324702
08BEAC0A080E,2023-08-05,20:24:34,33.2,100.0,8.0,23.158097,120.170618
08BEAC0A04EC,2023-08-05,20:24:39,29.5,100.0,8.0,24.936085,121.223586
08BEAC0A0774,2023-08-05,20:24:52,30.6,100.0,8.0,22.992411,120.294135
08BEAC0A019A,2023-08-05,20:25:36,30.5,100.0,16.0,23.3199,120.34515
08BEAC0A06FA,2023-08-05,20:25:53,29.0,100.0,0.0,23.04435,120.470196
08BEAC0A0296,2023-08-05,20:25:54,30.7,100.0,7.0,23.741269,120.401443
08BEAC0A0398,2023-08-05,20:25:55,31.3,100.0,7.0,24.1494507,120.6816876
08BEAC0A0742,2023-08-05,20:25:55,30.5,100.0,16.0,23.003578,120.240161
08BEAC0A06A6,2023-08-05,20:25:56,31.0,100.0,17.0,22.977305,120.186438
08BEAC0A0480,2023-08-05,20:26:09,32.1,100.0,11.0,23.190069,120.192365
08BEAC0A0156,2023-08-05,20:26:30,29.2,100.0,0.0,24.0838267,120.752756
08BEAC0A0218,2023-08-05,20:26:43,29.5,100.0,9.0,23.6869687,120.5865383
08BEAC0A01AA,2023-08-05,20:26:48,32.2,80.0,8.0,24.9751,121.269826
08BEAC0A0464,2023-08-05,20:27:08,31.0,100.0,14.0,22.989813,120.203024
08BEAC0A0226,2023-08-05,20:27:11,29.6,100.0,0.0,23.2174825,120.365091
08BEAC0A0640,2023-08-05,20:27:28,31.3,100.0,16.0,23.160034,120.18215
08BEAC0A0830,2023-08-05,20:27:33,29.7,100.0,0.0,22.956295,120.248057
08BEAC0A0826,2023-08-05,20:27:40,30.6,100.0,13.0,23.0865158,120.3191882
08BEAC0A0678,2023-08-05,20:27:58,30.5,100.0,15.0,23.139376,120.138374
08BEAC0A0340,2023-08-05,20:28:01,31.2,100.0,21.0,22.9193352,120.2170451
08BEAC0A084E,2023-08-05,20:28:14,32.3,100.0,4.0,24.9785086,121.3061612
08BEAC0A089E,2023-08-05,20:28:29,28.6,100.0,0.0,23.12107103,120.4585091
08BEAC0A07A2,2023-08-05,20:28:37,30.6,100.0,10.0,25.10392038,121.2447143
08BEAC0A05AC,2023-08-05,20:28:46,30.1,100.0,1.0,22.912748,120.261227
08BEAC0A0040,2023-08-05,20:28:53,30.3,100.0,0.0,22.99133,120.230478
08BEAC0A0508,2023-08-05,20:29:27,30.2,100.0,13.0,23.138713,120.324702
08BEAC0A080E,2023-08-05,20:29:51,33.2,100.0,7.0,23.158097,120.170618
08BEAC0A04EC,2023-08-05,20:29:54,29.3,100.0,8.0,24.936085,121.223586
08BEAC0A0774,2023-08-05,20:30:08,30.5,100.0,7.0,22.992411,120.294135
08BEAC0A019A,2023-08-05,20:30:53,30.5,100.0,16.0,23.3199,120.34515
08BEAC0A0296,2023-08-05,20:31:11,30.7,100.0,10.0,23.741269,120.401443
08BEAC0A06FA,2023-08-05,20:31:12,29.1,100.0,0.0,23.04435,120.470196
08BEAC0A0742,2023-08-05,20:31:12,30.5,100.0,16.0,23.003578,120.240161
08BEAC0A0398,2023-08-05,20:31:13,31.3,100.0,6.0,24.1494507,120.6816876
08BEAC0A06A6,2023-08-05,20:31:14,31.0,100.0,16.0,22.977305,120.186438
08BEAC0A0480,2023-08-05,20:31:23,32.1,100.0,10.0,23.190069,120.192365
08BEAC0A0156,2023-08-05,20:31:45,29.3,100.0,0.0,24.0838267,120.752756
08BEAC0A0218,2023-08-05,20:31:59,29.3,100.0,9.0,23.6869687,120.5865383
08BEAC0A01AA,2023-08-05,20:32:03,32.1,81.0,8.0,24.9751,121.269826
08BEAC0A0464,2023-08-05,20:32:23,31.0,100.0,14.0,22.989813,120.203024
08BEAC0A0226,2023-08-05,20:32:27,29.5,100.0,0.0,23.2174825,120.365091
08BEAC0A0640,2023-08-05,20:32:43,31.3,100.0,17.0,23.160034,120.18215
08BEAC0A0830,2023-08-05,20:32:49,30.1,100.0,0.0,22.956295,120.248057
08BEAC0A0826,2023-08-05,20:32:57,30.6,100.0,14.0,23.0865158,120.3191882
08BEAC0A0340,2023-08-05,20:33:18,31.2,100.0,18.0,22.9193352,120.2170451
08BEAC0A0678,2023-08-05,20:33:18,30.5,100.0,16.0,23.139376,120.138374
08BEAC0A089E,2023-08-05,20:33:46,28.5,100.0,0.0,23.12107103,120.4585091
08BEAC0A084E,2023-08-05,20:33:49,32.3,100.0,5.0,24.9785086,121.3061612
08BEAC0A07A2,2023-08-05,20:33:51,30.6,100.0,9.0,25.10392038,121.2447143
08BEAC0A05AC,2023-08-05,20:34:02,30.1,100.0,1.0,22.912748,120.261227
08BEAC0A0040,2023-08-05,20:34:08,30.2,100.0,0.0,22.99133,120.230478
08BEAC0A0508,2023-08-05,20:34:42,30.3,100.0,14.0,23.138713,120.324702
08BEAC0A080E,2023-08-05,20:35:07,33.2,100.0,8.0,23.158097,120.170618
08BEAC0A04EC,2023-08-05,20:35:12,29.5,100.0,7.0,24.936085,121.223586
08BEAC0A0774,2023-08-05,20:35:25,30.6,100.0,7.0,22.992411,120.294135
08BEAC0A0780,2023-08-05,20:36:05,30.1,100.0,0.0,23.048983,120.174614
08BEAC0A019A,2023-08-05,20:36:10,30.6,100.0,15.0,23.3199,120.34515
08BEAC0A0296,2023-08-05,20:36:29,30.7,100.0,8.0,23.741269,120.401443
08BEAC0A06FA,2023-08-05,20:36:30,29.0,100.0,0.0,23.04435,120.470196
08BEAC0A0398,2023-08-05,20:36:31,31.2,100.0,6.0,24.1494507,120.6816876
08BEAC0A0742,2023-08-05,20:36:31,30.2,100.0,17.0,23.003578,120.240161
08BEAC0A06A6,2023-08-05,20:36:32,30.8,100.0,18.0,22.977305,120.186438
08BEAC0A0480,2023-08-05,20:36:39,32.1,100.0,11.0,23.190069,120.192365
08BEAC0A0156,2023-08-05,20:37:01,29.5,100.0,0.0,24.0838267,120.752756
08BEAC0A0218,2023-08-05,20:37:14,29.3,100.0,9.0,23.6869687,120.5865383
08BEAC0A01AA,2023-08-05,20:37:20,32.0,81.0,8.0,24.9751,121.269826
08BEAC0A0464,2023-08-05,20:37:39,31.0,100.0,15.0,22.989813,120.203024
08BEAC0A0226,2023-08-05,20:37:43,29.5,100.0,0.0,23.2174825,120.365091
08BEAC0A0640,2023-08-05,20:38:01,31.3,100.0,17.0,23.160034,120.18215
08BEAC0A0830,2023-08-05,20:38:07,30.1,100.0,0.0,22.956295,120.248057
08BEAC0A0826,2023-08-05,20:38:13,30.6,100.0,14.0,23.0865158,120.3191882
08BEAC0A0340,2023-08-05,20:38:35,31.2,100.0,19.0,22.9193352,120.2170451
08BEAC0A089E,2023-08-05,20:39:00,28.5,100.0,0.0,23.12107103,120.4585091
08BEAC0A07A2,2023-08-05,20:39:08,30.6,100.0,9.0,25.10392038,121.2447143
08BEAC0A05AC,2023-08-05,20:39:16,30.1,100.0,1.0,22.912748,120.261227
08BEAC0A0040,2023-08-05,20:39:23,30.1,100.0,0.0,22.99133,120.230478
08BEAC0A084E,2023-08-05,20:39:30,32.3,100.0,4.0,24.9785086,121.3061612
08BEAC0A0508,2023-08-05,20:39:59,30.3,100.0,13.0,23.138713,120.324702
08BEAC0A080E,2023-08-05,20:40:22,33.2,100.0,7.0,23.158097,120.170618
08BEAC0A04EC,2023-08-05,20:40:29,29.2,100.0,8.0,24.936085,121.223586
08BEAC0A0774,2023-08-05,20:40:39,30.5,100.0,9.0,22.992411,120.294135
08BEAC0A019A,2023-08-05,20:41:28,30.6,100.0,16.0,23.3199,120.34515
08BEAC0A0296,2023-08-05,20:41:46,30.7,100.0,8.0,23.741269,120.401443
08BEAC0A06FA,2023-08-05,20:41:46,29.0,100.0,0.0,23.04435,120.470196
08BEAC0A0742,2023-08-05,20:41:48,30.6,100.0,16.0,23.003578,120.240161
08BEAC0A0398,2023-08-05,20:41:49,31.2,100.0,6.0,24.1494507,120.6816876
08BEAC0A06A6,2023-08-05,20:41:49,31.0,100.0,16.0,22.977305,120.186438
08BEAC0A0480,2023-08-05,20:41:55,32.1,100.0,12.0,23.190069,120.192365
08BEAC0A0156,2023-08-05,20:42:19,29.5,100.0,0.0,24.0838267,120.752756
08BEAC0A0218,2023-08-05,20:42:31,29.3,100.0,9.0,23.6869687,120.5865383
08BEAC0A01AA,2023-08-05,20:42:35,32.0,81.0,8.0,24.9751,121.269826
08BEAC0A0464,2023-08-05,20:42:55,31.0,100.0,15.0,22.989813,120.203024
08BEAC0A0226,2023-08-05,20:42:59,29.3,100.0,0.0,23.2174825,120.365091
08BEAC0A0640,2023-08-05,20:43:18,31.3,100.0,17.0,23.160034,120.18215
08BEAC0A0830,2023-08-05,20:43:24,30.1,100.0,0.0,22.956295,120.248057
08BEAC0A0826,2023-08-05,20:43:28,30.6,100.0,14.0,23.0865158,120.3191882
08BEAC0A0340,2023-08-05,20:43:50,31.2,100.0,19.0,22.9193352,120.2170451
08BEAC0A089E,2023-08-05,20:44:16,28.1,100.0,0.0,23.12107103,120.4585091
08BEAC0A07A2,2023-08-05,20:44:25,30.7,100.0,11.0,25.10392038,121.2447143
08BEAC0A05AC,2023-08-05,20:44:34,30.2,100.0,0.0,22.912748,120.261227
08BEAC0A0040,2023-08-05,20:44:38,30.1,100.0,0.0,22.99133,120.230478
08BEAC0A084E,2023-08-05,20:45:03,32.3,100.0,5.0,24.9785086,121.3061612
08BEAC0A0508,2023-08-05,20:45:15,30.3,100.0,14.0,23.138713,120.324702
08BEAC0A0678,2023-08-05,20:45:28,30.3,100.0,16.0,23.139376,120.138374
08BEAC0A080E,2023-08-05,20:45:37,33.2,100.0,7.0,23.158097,120.170618
08BEAC0A04EC,2023-08-05,20:45:45,29.2,100.0,8.0,24.936085,121.223586
08BEAC0A0774,2023-08-05,20:45:58,30.5,100.0,9.0,22.992411,120.294135
08BEAC0A019A,2023-08-05,20:46:44,30.6,100.0,16.0,23.3199,120.34515
08BEAC0A0296,2023-08-05,20:47:02,30.7,100.0,7.0,23.741269,120.401443
08BEAC0A06FA,2023-08-05,20:47:02,29.1,100.0,0.0,23.04435,120.470196
08BEAC0A0398,2023-08-05,20:47:04,31.3,100.0,7.0,24.1494507,120.6816876
08BEAC0A06A6,2023-08-05,20:47:06,31.1,100.0,18.0,22.977305,120.186438
08BEAC0A0742,2023-08-05,20:47:07,30.7,100.0,15.0,23.003578,120.240161
08BEAC0A0480,2023-08-05,20:47:11,32.1,100.0,10.0,23.190069,120.192365
08BEAC0A0156,2023-08-05,20:47:36,29.6,100.0,0.0,24.0838267,120.752756
08BEAC0A0218,2023-08-05,20:47:47,29.5,100.0,9.0,23.6869687,120.5865383
08BEAC0A01AA,2023-08-05,20:47:50,32.0,81.0,8.0,24.9751,121.269826
08BEAC0A0464,2023-08-05,20:48:11,31.1,100.0,15.0,22.989813,120.203024
08BEAC0A0226,2023-08-05,20:48:15,29.5,100.0,0.0,23.2174825,120.365091
08BEAC0A0640,2023-08-05,20:48:34,31.3,100.0,18.0,23.160034,120.18215
08BEAC0A0830,2023-08-05,20:48:39,30.0,100.0,0.0,22.956295,120.248057
08BEAC0A0826,2023-08-05,20:48:44,30.6,100.0,15.0,23.0865158,120.3191882
08BEAC0A0340,2023-08-05,20:49:06,31.2,100.0,22.0,22.9193352,120.2170451
08BEAC0A089E,2023-08-05,20:49:34,28.2,100.0,0.0,23.12107103,120.4585091
08BEAC0A07A2,2023-08-05,20:49:40,30.7,100.0,11.0,25.10392038,121.2447143
08BEAC0A05AC,2023-08-05,20:49:49,30.2,100.0,0.0,22.912748,120.261227
08BEAC0A0040,2023-08-05,20:49:54,30.1,100.0,0.0,22.99133,120.230478
08BEAC0A0508,2023-08-05,20:50:33,30.3,100.0,13.0,23.138713,120.324702
08BEAC0A084E,2023-08-05,20:50:43,32.3,100.0,4.0,24.9785086,121.3061612
08BEAC0A0678,2023-08-05,20:50:49,30.5,100.0,16.0,23.139376,120.138374
08BEAC0A04EC,2023-08-05,20:51:00,29.2,100.0,8.0,24.936085,121.223586
08BEAC0A0774,2023-08-05,20:51:13,30.5,100.0,8.0,22.992411,120.294135
08BEAC0A080E,2023-08-05,20:51:19,33.2,100.0,8.0,23.158097,120.170618
08BEAC0A019A,2023-08-05,20:51:59,30.6,100.0,16.0,23.3199,120.34515
08BEAC0A0296,2023-08-05,20:52:17,30.7,100.0,9.0,23.741269,120.401443
08BEAC0A06FA,2023-08-05,20:52:20,29.1,100.0,0.0,23.04435,120.470196
08BEAC0A0398,2023-08-05,20:52:22,31.3,100.0,7.0,24.1494507,120.6816876
08BEAC0A06A6,2023-08-05,20:52:22,31.0,100.0,18.0,22.977305,120.186438
08BEAC0A0742,2023-08-05,20:52:23,30.8,100.0,17.0,23.003578,120.240161
08BEAC0A0480,2023-08-05,20:52:29,32.1,100.0,10.0,23.190069,120.192365
08BEAC0A0156,2023-08-05,20:52:53,29.6,100.0,0.0,24.0838267,120.752756
08BEAC0A0218,2023-08-05,20:53:03,29.6,100.0,9.0,23.6869687,120.5865383
08BEAC0A01AA,2023-08-05,20:53:05,32.0,81.0,8.0,24.9751,121.269826
08BEAC0A0226,2023-08-05,20:53:30,29.6,100.0,0.0,23.2174825,120.365091
08BEAC0A0640,2023-08-05,20:53:49,31.3,100.0,17.0,23.160034,120.18215
08BEAC0A0830,2023-08-05,20:53:54,30.1,100.0,0.0,22.956295,120.248057
08BEAC0A0826,2023-08-05,20:54:01,30.6,100.0,15.0,23.0865158,120.3191882
08BEAC0A0340,2023-08-05,20:54:22,31.3,100.0,20.0,22.9193352,120.2170451
08BEAC0A089E,2023-08-05,20:54:50,28.1,100.0,0.0,23.12107103,120.4585091
08BEAC0A07A2,2023-08-05,20:54:58,30.3,100.0,12.0,25.10392038,121.2447143
08BEAC0A05AC,2023-08-05,20:55:04,30.2,100.0,0.0,22.912748,120.261227
08BEAC0A0040,2023-08-05,20:55:09,30.2,100.0,0.0,22.99133,120.230478
08BEAC0A0508,2023-08-05,20:55:49,30.3,100.0,14.0,23.138713,120.324702
08BEAC0A0678,2023-08-05,20:56:06,30.5,100.0,16.0,23.139376,120.138374
08BEAC0A04EC,2023-08-05,20:56:17,29.1,100.0,7.0,24.936085,121.223586
08BEAC0A0774,2023-08-05,20:56:28,30.5,100.0,8.0,22.992411,120.294135
08BEAC0A080E,2023-08-05,20:56:35,33.1,100.0,7.0,23.158097,120.170618
08BEAC0A084E,2023-08-05,20:56:37,32.3,100.0,4.0,24.9785086,121.3061612
08BEAC0A0296,2023-08-05,20:57:33,30.7,100.0,8.0,23.741269,120.401443
08BEAC0A06FA,2023-08-05,20:57:34,29.1,100.0,0.0,23.04435,120.470196
08BEAC0A06A6,2023-08-05,20:57:38,31.0,100.0,17.0,22.977305,120.186438
08BEAC0A0742,2023-08-05,20:57:39,30.7,100.0,16.0,23.003578,120.240161
08BEAC0A0398,2023-08-05,20:57:40,31.3,100.0,6.0,24.1494507,120.6816876
08BEAC0A0480,2023-08-05,20:57:43,32.1,100.0,12.0,23.190069,120.192365
08BEAC0A0156,2023-08-05,20:58:09,29.6,100.0,0.0,24.0838267,120.752756
08BEAC0A0218,2023-08-05,20:58:18,29.5,100.0,10.0,23.6869687,120.5865383
08BEAC0A01AA,2023-08-05,20:58:19,32.1,81.0,7.0,24.9751,121.269826
08BEAC0A0464,2023-08-05,20:58:40,31.2,100.0,14.0,22.989813,120.203024
08BEAC0A0226,2023-08-05,20:58:47,29.6,100.0,0.0,23.2174825,120.365091
08BEAC0A0640,2023-08-05,20:59:03,31.2,100.0,18.0,23.160034,120.18215
08BEAC0A0830,2023-08-05,20:59:10,30.1,100.0,0.0,22.956295,120.248057
08BEAC0A0826,2023-08-05,20:59:17,30.6,100.0,14.0,23.0865158,120.3191882
08BEAC0A0340,2023-08-05,20:59:37,31.2,100.0,22.0,22.9193352,120.2170451
08BEAC0A089E,2023-08-05,21:00:08,28.3,100.0,0.0,23.12107103,120.4585091
08BEAC0A07A2,2023-08-05,21:00:13,30.7,100.0,11.0,25.10392038,121.2447143
08BEAC0A05AC,2023-08-05,21:00:23,30.3,100.0,0.0,22.912748,120.261227
08BEAC0A0040,2023-08-05,21:00:27,30.2,100.0,0.0,22.99133,120.230478
08BEAC0A0508,2023-08-05,21:01:06,30.3,100.0,14.0,23.138713,120.324702
08BEAC0A0678,2023-08-05,21:01:24,30.5,100.0,17.0,23.139376,120.138374
08BEAC0A04EC,2023-08-05,21:01:35,29.1,100.0,8.0,24.936085,121.223586
08BEAC0A0774,2023-08-05,21:01:43,30.3,100.0,7.0,22.992411,120.294135
08BEAC0A080E,2023-08-05,21:01:52,33.2,100.0,8.0,23.158097,120.170618
08BEAC0A084E,2023-08-05,21:02:18,32.3,100.0,5.0,24.9785086,121.3061612
08BEAC0A019A,2023-08-05,21:02:26,30.3,100.0,17.0,23.3199,120.34515
08BEAC0A0296,2023-08-05,21:02:49,30.7,100.0,8.0,23.741269,120.401443
08BEAC0A06FA,2023-08-05,21:02:52,29.0,100.0,0.0,23.04435,120.470196
08BEAC0A06A6,2023-08-05,21:02:53,31.1,100.0,16.0,22.977305,120.186438
08BEAC0A0398,2023-08-05,21:02:56,31.3,100.0,7.0,24.1494507,120.6816876
08BEAC0A0742,2023-08-05,21:02:56,30.7,100.0,16.0,23.003578,120.240161
08BEAC0A0480,2023-08-05,21:02:59,32.1,100.0,10.0,23.190069,120.192365
08BEAC0A0156,2023-08-05,21:03:27,29.6,100.0,0.0,24.0838267,120.752756
08BEAC0A0218,2023-08-05,21:03:33,29.6,100.0,9.0,23.6869687,120.5865383
08BEAC0A01AA,2023-08-05,21:03:36,32.1,81.0,8.0,24.9751,121.269826
08BEAC0A0464,2023-08-05,21:03:58,31.1,100.0,15.0,22.989813,120.203024
08BEAC0A0226,2023-08-05,21:04:03,29.6,100.0,0.0,23.2174825,120.365091
08BEAC0A0640,2023-08-05,21:04:19,31.2,100.0,19.0,23.160034,120.18215
08BEAC0A0830,2023-08-05,21:04:25,30.2,100.0,0.0,22.956295,120.248057
08BEAC0A0826,2023-08-05,21:04:33,30.6,100.0,14.0,23.0865158,120.3191882
08BEAC0A0340,2023-08-05,21:04:52,31.1,100.0,21.0,22.9193352,120.2170451
08BEAC0A089E,2023-08-05,21:05:24,28.3,100.0,0.0,23.12107103,120.4585091
08BEAC0A07A2,2023-08-05,21:05:29,30.6,100.0,11.0,25.10392038,121.2447143
08BEAC0A05AC,2023-08-05,21:05:40,30.3,100.0,0.0,22.912748,120.261227
08BEAC0A0040,2023-08-05,21:05:42,30.1,100.0,0.0,22.99133,120.230478
08BEAC0A0508,2023-08-05,21:06:22,30.3,100.0,13.0,23.138713,120.324702
08BEAC0A0678,2023-08-05,21:06:45,30.5,100.0,17.0,23.139376,120.138374
08BEAC0A04EC,2023-08-05,21:06:52,29.0,100.0,8.0,24.936085,121.223586
08BEAC0A0774,2023-08-05,21:06:58,30.3,100.0,8.0,22.992411,120.294135
08BEAC0A080E,2023-08-05,21:07:07,33.2,100.0,7.0,23.158097,120.170618
08BEAC0A019A,2023-08-05,21:07:44,30.3,100.0,16.0,23.3199,120.34515
08BEAC0A084E,2023-08-05,21:07:58,32.3,100.0,5.0,24.9785086,121.3061612
08BEAC0A0296,2023-08-05,21:08:04,30.6,100.0,8.0,23.741269,120.401443
08BEAC0A06A6,2023-08-05,21:08:10,31.1,100.0,17.0,22.977305,120.186438
08BEAC0A06FA,2023-08-05,21:08:10,29.0,100.0,0.0,23.04435,120.470196
08BEAC0A0398,2023-08-05,21:08:13,31.2,100.0,7.0,24.1494507,120.6816876
08BEAC0A0742,2023-08-05,21:08:13,30.7,100.0,16.0,23.003578,120.240161
08BEAC0A0480,2023-08-05,21:08:14,32.1,100.0,12.0,23.190069,120.192365
08BEAC0A0156,2023-08-05,21:08:43,29.6,100.0,0.0,24.0838267,120.752756
08BEAC0A0218,2023-08-05,21:08:49,29.6,100.0,10.0,23.6869687,120.5865383
08BEAC0A01AA,2023-08-05,21:08:52,32.1,81.0,8.0,24.9751,121.269826
08BEAC0A0464,2023-08-05,21:09:15,31.1,100.0,15.0,22.989813,120.203024
08BEAC0A0226,2023-08-05,21:09:20,29.6,100.0,0.0,23.2174825,120.365091
08BEAC0A0640,2023-08-05,21:09:34,31.3,100.0,18.0,23.160034,120.18215
08BEAC0A0830,2023-08-05,21:09:43,30.0,100.0,0.0,22.956295,120.248057
08BEAC0A0826,2023-08-05,21:09:49,30.6,100.0,14.0,23.0865158,120.3191882
08BEAC0A0340,2023-08-05,21:10:10,31.2,100.0,19.0,22.9193352,120.2170451
08BEAC0A089E,2023-08-05,21:10:42,28.5,100.0,0.0,23.12107103,120.4585091
08BEAC0A07A2,2023-08-05,21:10:45,30.7,100.0,12.0,25.10392038,121.2447143
08BEAC0A0040,2023-08-05,21:10:58,30.2,100.0,0.0,22.99133,120.230478
08BEAC0A05AC,2023-08-05,21:10:58,30.3,100.0,1.0,22.912748,120.261227
08BEAC0A0508,2023-08-05,21:11:40,30.5,100.0,15.0,23.138713,120.324702
08BEAC0A04EC,2023-08-05,21:12:08,29.2,100.0,8.0,24.936085,121.223586
08BEAC0A0774,2023-08-05,21:12:14,30.3,100.0,8.0,22.992411,120.294135
08BEAC0A0678,2023-08-05,21:12:16,30.3,100.0,17.0,23.139376,120.138374
08BEAC0A080E,2023-08-05,21:12:23,33.2,100.0,8.0,23.158097,120.170618
08BEAC0A019A,2023-08-05,21:13:01,30.2,100.0,16.0,23.3199,120.34515
08BEAC0A084E,2023-08-05,21:13:15,32.3,100.0,4.0,24.9785086,121.3061612
08BEAC0A0296,2023-08-05,21:13:22,30.7,100.0,10.0,23.741269,120.401443
08BEAC0A06FA,2023-08-05,21:13:25,29.0,100.0,0.0,23.04435,120.470196
08BEAC0A06A6,2023-08-05,21:13:27,31.1,100.0,16.0,22.977305,120.186438
08BEAC0A0398,2023-08-05,21:13:30,31.2,100.0,8.0,24.1494507,120.6816876
08BEAC0A0480,2023-08-05,21:13:30,32.1,100.0,11.0,23.190069,120.192365
08BEAC0A0742,2023-08-05,21:13:30,30.8,100.0,17.0,23.003578,120.240161
08BEAC0A0156,2023-08-05,21:13:59,29.7,100.0,0.0,24.0838267,120.752756
08BEAC0A0218,2023-08-05,21:14:05,29.6,100.0,10.0,23.6869687,120.5865383
08BEAC0A01AA,2023-08-05,21:14:08,32.1,81.0,8.0,24.9751,121.269826
08BEAC0A0464,2023-08-05,21:14:32,31.0,100.0,15.0,22.989813,120.203024
08BEAC0A0226,2023-08-05,21:14:35,29.6,100.0,0.0,23.2174825,120.365091
08BEAC0A0640,2023-08-05,21:14:50,31.3,100.0,20.0,23.160034,120.18215
08BEAC0A0830,2023-08-05,21:14:58,29.7,100.0,0.0,22.956295,120.248057
08BEAC0A0826,2023-08-05,21:15:04,30.6,100.0,14.0,23.0865158,120.3191882
08BEAC0A0340,2023-08-05,21:15:25,31.2,100.0,20.0,22.9193352,120.2170451
08BEAC0A089E,2023-08-05,21:15:58,28.6,100.0,0.0,23.12107103,120.4585091
08BEAC0A07A2,2023-08-05,21:16:03,30.7,100.0,10.0,25.10392038,121.2447143
08BEAC0A05AC,2023-08-05,21:16:13,30.3,100.0,0.0,22.912748,120.261227
08BEAC0A0040,2023-08-05,21:16:16,30.2,100.0,0.0,22.99133,120.230478
08BEAC0A0508,2023-08-05,21:16:56,30.3,100.0,14.0,23.138713,120.324702
08BEAC0A04EC,2023-08-05,21:17:25,29.1,100.0,7.0,24.936085,121.223586
08BEAC0A0774,2023-08-05,21:17:30,30.3,100.0,8.0,22.992411,120.294135
08BEAC0A0678,2023-08-05,21:17:36,30.5,100.0,17.0,23.139376,120.138374
08BEAC0A080E,2023-08-05,21:17:38,33.2,100.0,8.0,23.158097,120.170618
08BEAC0A019A,2023-08-05,21:18:19,30.2,100.0,16.0,23.3199,120.34515
08BEAC0A0296,2023-08-05,21:18:36,30.7,100.0,9.0,23.741269,120.401443
08BEAC0A06FA,2023-08-05,21:18:40,29.0,100.0,0.0,23.04435,120.470196
08BEAC0A084E,2023-08-05,21:18:42,32.3,100.0,4.0,24.9785086,121.3061612
08BEAC0A06A6,2023-08-05,21:18:43,31.1,100.0,17.0,22.977305,120.186438
08BEAC0A0398,2023-08-05,21:18:47,31.2,100.0,7.0,24.1494507,120.6816876
08BEAC0A0480,2023-08-05,21:18:47,32.1,100.0,10.0,23.190069,120.192365
08BEAC0A0742,2023-08-05,21:18:48,31.0,100.0,17.0,23.003578,120.240161
08BEAC0A0156,2023-08-05,21:19:16,29.6,100.0,0.0,24.0838267,120.752756
08BEAC0A0218,2023-08-05,21:19:21,29.6,100.0,10.0,23.6869687,120.5865383
08BEAC0A01AA,2023-08-05,21:19:24,32.1,80.0,8.0,24.9751,121.269826
08BEAC0A0464,2023-08-05,21:19:48,31.1,100.0,15.0,22.989813,120.203024
08BEAC0A0226,2023-08-05,21:19:51,29.6,100.0,0.0,23.2174825,120.365091
08BEAC0A0640,2023-08-05,21:20:07,31.3,100.0,19.0,23.160034,120.18215
08BEAC0A0830,2023-08-05,21:20:15,30.0,100.0,0.0,22.956295,120.248057
08BEAC0A0826,2023-08-05,21:20:19,30.6,100.0,15.0,23.0865158,120.3191882
08BEAC0A0340,2023-08-05,21:20:40,31.2,100.0,20.0,22.9193352,120.2170451
08BEAC0A089E,2023-08-05,21:21:13,28.7,100.0,0.0,23.12107103,120.4585091
08BEAC0A07A2,2023-08-05,21:21:20,30.3,100.0,10.0,25.10392038,121.2447143
08BEAC0A05AC,2023-08-05,21:21:29,30.2,100.0,1.0,22.912748,120.261227
08BEAC0A0040,2023-08-05,21:21:31,30.2,100.0,0.0,22.99133,120.230478
08BEAC0A0508,2023-08-05,21:22:19,30.5,100.0,15.0,23.138713,120.324702
08BEAC0A04EC,2023-08-05,21:22:42,29.5,100.0,8.0,24.936085,121.223586
08BEAC0A0774,2023-08-05,21:22:45,30.3,100.0,8.0,22.992411,120.294135
08BEAC0A080E,2023-08-05,21:22:54,33.1,100.0,8.0,23.158097,120.170618
08BEAC0A019A,2023-08-05,21:23:35,30.2,100.0,17.0,23.3199,120.34515
08BEAC0A0296,2023-08-05,21:23:52,30.7,100.0,9.0,23.741269,120.401443
08BEAC0A06FA,2023-08-05,21:23:58,29.0,100.0,0.0,23.04435,120.470196
08BEAC0A06A6,2023-08-05,21:23:59,31.1,100.0,17.0,22.977305,120.186438
08BEAC0A0398,2023-08-05,21:24:03,31.2,100.0,7.0,24.1494507,120.6816876
08BEAC0A0480,2023-08-05,21:24:03,32.1,100.0,11.0,23.190069,120.192365
08BEAC0A0742,2023-08-05,21:24:05,30.8,100.0,16.0,23.003578,120.240161
08BEAC0A0156,2023-08-05,21:24:34,29.6,100.0,0.0,24.0838267,120.752756
08BEAC0A0218,2023-08-05,21:24:36,29.6,100.0,10.0,23.6869687,120.5865383
08BEAC0A01AA,2023-08-05,21:24:38,32.1,80.0,8.0,24.9751,121.269826
08BEAC0A0464,2023-08-05,21:25:05,31.1,100.0,15.0,22.989813,120.203024
08BEAC0A0226,2023-08-05,21:25:09,29.7,100.0,0.0,23.2174825,120.365091
08BEAC0A0640,2023-08-05,21:25:24,31.3,100.0,19.0,23.160034,120.18215
08BEAC0A0830,2023-08-05,21:25:30,29.8,100.0,0.0,22.956295,120.248057
08BEAC0A0826,2023-08-05,21:25:35,30.6,100.0,14.0,23.0865158,120.3191882
08BEAC0A0340,2023-08-05,21:25:57,31.2,100.0,18.0,22.9193352,120.2170451
08BEAC0A089E,2023-08-05,21:26:29,28.8,100.0,0.0,23.12107103,120.4585091
08BEAC0A07A2,2023-08-05,21:26:38,30.6,100.0,10.0,25.10392038,121.2447143
08BEAC0A05AC,2023-08-05,21:26:44,30.2,100.0,1.0,22.912748,120.261227
08BEAC0A0040,2023-08-05,21:26:56,30.5,100.0,0.0,22.99133,120.230478
08BEAC0A0508,2023-08-05,21:27:35,30.3,100.0,15.0,23.138713,120.324702
08BEAC0A04EC,2023-08-05,21:27:59,29.0,100.0,7.0,24.936085,121.223586
08BEAC0A0774,2023-08-05,21:28:00,30.2,100.0,8.0,22.992411,120.294135
08BEAC0A080E,2023-08-05,21:28:10,33.1,100.0,9.0,23.158097,120.170618
08BEAC0A019A,2023-08-05,21:28:50,30.2,100.0,18.0,23.3199,120.34515
08BEAC0A0678,2023-08-05,21:28:53,30.5,100.0,16.0,23.139376,120.138374
08BEAC0A0296,2023-08-05,21:29:09,30.7,100.0,8.0,23.741269,120.401443
08BEAC0A06FA,2023-08-05,21:29:13,29.1,100.0,0.0,23.04435,120.470196
08BEAC0A06A6,2023-08-05,21:29:16,31.0,100.0,18.0,22.977305,120.186438
08BEAC0A084E,2023-08-05,21:29:19,32.3,100.0,4.0,24.9785086,121.3061612
08BEAC0A0398,2023-08-05,21:29:20,31.2,100.0,7.0,24.1494507,120.6816876
08BEAC0A0742,2023-08-05,21:29:22,30.8,100.0,17.0,23.003578,120.240161
08BEAC0A0480,2023-08-05,21:29:23,32.1,100.0,11.0,23.190069,120.192365
08BEAC0A0156,2023-08-05,21:29:51,29.6,100.0,0.0,24.0838267,120.752756
08BEAC0A0218,2023-08-05,21:29:53,29.6,100.0,11.0,23.6869687,120.5865383
08BEAC0A01AA,2023-08-05,21:29:55,32.2,80.0,7.0,24.9751,121.269826
08BEAC0A0464,2023-08-05,21:30:21,31.0,100.0,14.0,22.989813,120.203024
08BEAC0A0226,2023-08-05,21:30:25,29.7,100.0,0.0,23.2174825,120.365091
08BEAC0A0640,2023-08-05,21:30:40,31.3,100.0,19.0,23.160034,120.18215
08BEAC0A0830,2023-08-05,21:30:45,29.8,100.0,0.0,22.956295,120.248057
08BEAC0A0826,2023-08-05,21:30:50,30.6,100.0,15.0,23.0865158,120.3191882
08BEAC0A0340,2023-08-05,21:31:13,31.2,100.0,19.0,22.9193352,120.2170451
08BEAC0A089E,2023-08-05,21:31:49,28.8,100.0,0.0,23.12107103,120.4585091
08BEAC0A07A2,2023-08-05,21:31:54,30.6,100.0,11.0,25.10392038,121.2447143
08BEAC0A05AC,2023-08-05,21:32:03,30.2,100.0,0.0,22.912748,120.261227
08BEAC0A0040,2023-08-05,21:32:11,30.1,100.0,0.0,22.99133,120.230478
08BEAC0A0508,2023-08-05,21:32:52,30.3,100.0,16.0,23.138713,120.324702
08BEAC0A04EC,2023-08-05,21:33:13,29.0,100.0,7.0,24.936085,121.223586
08BEAC0A0774,2023-08-05,21:33:16,30.2,100.0,10.0,22.992411,120.294135
08BEAC0A080E,2023-08-05,21:33:27,33.1,100.0,8.0,23.158097,120.170618
08BEAC0A019A,2023-08-05,21:34:06,30.1,100.0,16.0,23.3199,120.34515
08BEAC0A0296,2023-08-05,21:34:25,30.7,100.0,11.0,23.741269,120.401443
08BEAC0A06FA,2023-08-05,21:34:30,29.1,100.0,0.0,23.04435,120.470196
08BEAC0A06A6,2023-08-05,21:34:31,31.1,100.0,16.0,22.977305,120.186438
08BEAC0A0480,2023-08-05,21:34:38,32.1,100.0,12.0,23.190069,120.192365
08BEAC0A0398,2023-08-05,21:34:39,31.2,100.0,7.0,24.1494507,120.6816876
08BEAC0A0742,2023-08-05,21:34:40,30.8,100.0,15.0,23.003578,120.240161
08BEAC0A084E,2023-08-05,21:34:56,32.3,100.0,5.0,24.9785086,121.3061612
08BEAC0A0156,2023-08-05,21:35:08,29.6,100.0,0.0,24.0838267,120.752756
08BEAC0A01AA,2023-08-05,21:35:10,32.1,81.0,8.0,24.9751,121.269826
08BEAC0A0218,2023-08-05,21:35:11,29.5,100.0,10.0,23.6869687,120.5865383
08BEAC0A0464,2023-08-05,21:35:37,31.0,100.0,15.0,22.989813,120.203024
08BEAC0A0226,2023-08-05,21:35:42,29.7,100.0,0.0,23.2174825,120.365091
08BEAC0A0640,2023-08-05,21:35:56,31.2,100.0,19.0,23.160034,120.18215
08BEAC0A0830,2023-08-05,21:36:01,29.8,100.0,0.0,22.956295,120.248057
08BEAC0A0826,2023-08-05,21:36:07,30.6,100.0,15.0,23.0865158,120.3191882
08BEAC0A0340,2023-08-05,21:36:28,31.1,100.0,19.0,22.9193352,120.2170451
08BEAC0A089E,2023-08-05,21:37:05,28.8,100.0,0.0,23.12107103,120.4585091
08BEAC0A07A2,2023-08-05,21:37:11,30.6,100.0,12.0,25.10392038,121.2447143
08BEAC0A05AC,2023-08-05,21:37:20,30.1,100.0,1.0,22.912748,120.261227
08BEAC0A0040,2023-08-05,21:37:28,30.1,100.0,0.0,22.99133,120.230478
08BEAC0A0508,2023-08-05,21:38:09,30.3,100.0,16.0,23.138713,120.324702
08BEAC0A04EC,2023-08-05,21:38:31,29.3,100.0,8.0,24.936085,121.223586
08BEAC0A0774,2023-08-05,21:38:32,30.1,100.0,10.0,22.992411,120.294135
08BEAC0A080E,2023-08-05,21:38:44,33.1,100.0,8.0,23.158097,120.170618
08BEAC0A019A,2023-08-05,21:39:21,30.0,100.0,18.0,23.3199,120.34515
08BEAC0A0296,2023-08-05,21:39:41,30.8,100.0,7.0,23.741269,120.401443
08BEAC0A0780,2023-08-05,21:39:41,29.8,100.0,0.0,23.048983,120.174614
08BEAC0A06FA,2023-08-05,21:39:45,29.1,100.0,0.0,23.04435,120.470196
08BEAC0A06A6,2023-08-05,21:39:48,31.0,100.0,18.0,22.977305,120.186438
08BEAC0A0398,2023-08-05,21:39:54,31.2,100.0,8.0,24.1494507,120.6816876
08BEAC0A0480,2023-08-05,21:39:54,32.1,100.0,11.0,23.190069,120.192365
08BEAC0A0742,2023-08-05,21:39:58,30.6,100.0,17.0,23.003578,120.240161
08BEAC0A084E,2023-08-05,21:40:19,32.3,100.0,4.0,24.9785086,121.3061612
08BEAC0A0156,2023-08-05,21:40:24,29.5,100.0,0.0,24.0838267,120.752756
08BEAC0A01AA,2023-08-05,21:40:24,32.1,81.0,7.0,24.9751,121.269826
08BEAC0A0218,2023-08-05,21:40:28,29.3,100.0,11.0,23.6869687,120.5865383
08BEAC0A0464,2023-08-05,21:40:53,31.0,100.0,16.0,22.989813,120.203024
08BEAC0A0678,2023-08-05,21:40:56,30.3,100.0,17.0,23.139376,120.138374
08BEAC0A0226,2023-08-05,21:40:58,29.6,100.0,0.0,23.2174825,120.365091
08BEAC0A0640,2023-08-05,21:41:12,31.1,100.0,20.0,23.160034,120.18215
08BEAC0A0830,2023-08-05,21:41:17,29.7,100.0,0.0,22.956295,120.248057
08BEAC0A0826,2023-08-05,21:41:23,30.5,100.0,16.0,23.0865158,120.3191882
08BEAC0A0340,2023-08-05,21:41:45,31.2,100.0,19.0,22.9193352,120.2170451
08BEAC0A089E,2023-08-05,21:42:20,28.8,100.0,0.0,23.12107103,120.4585091
08BEAC0A07A2,2023-08-05,21:42:25,30.6,100.0,11.0,25.10392038,121.2447143
08BEAC0A05AC,2023-08-05,21:42:38,30.1,100.0,2.0,22.912748,120.261227
08BEAC0A0040,2023-08-05,21:42:44,30.2,100.0,0.0,22.99133,120.230478
08BEAC0A0508,2023-08-05,21:43:24,30.2,100.0,16.0,23.138713,120.324702
08BEAC0A04EC,2023-08-05,21:43:46,29.5,100.0,8.0,24.936085,121.223586
08BEAC0A0774,2023-08-05,21:43:48,30.2,100.0,8.0,22.992411,120.294135
08BEAC0A080E,2023-08-05,21:44:02,33.2,100.0,9.0,23.158097,120.170618
08BEAC0A019A,2023-08-05,21:44:40,30.0,100.0,17.0,23.3199,120.34515
08BEAC0A0296,2023-08-05,21:44:57,30.8,100.0,10.0,23.741269,120.401443
08BEAC0A06FA,2023-08-05,21:45:03,29.0,100.0,0.0,23.04435,120.470196
08BEAC0A06A6,2023-08-05,21:45:06,31.0,100.0,18.0,22.977305,120.186438
08BEAC0A0480,2023-08-05,21:45:10,32.1,100.0,12.0,23.190069,120.192365
08BEAC0A0398,2023-08-05,21:45:11,31.2,100.0,8.0,24.1494507,120.6816876
08BEAC0A0742,2023-08-05,21:45:14,30.6,100.0,16.0,23.003578,120.240161
08BEAC0A01AA,2023-08-05,21:45:39,32.1,80.0,7.0,24.9751,121.269826
08BEAC0A0156,2023-08-05,21:45:40,29.5,100.0,0.0,24.0838267,120.752756
08BEAC0A0218,2023-08-05,21:45:44,29.2,100.0,11.0,23.6869687,120.5865383
08BEAC0A084E,2023-08-05,21:45:52,32.3,100.0,5.0,24.9785086,121.3061612
08BEAC0A0464,2023-08-05,21:46:10,30.8,100.0,16.0,22.989813,120.203024
08BEAC0A0226,2023-08-05,21:46:16,29.7,100.0,0.0,23.2174825,120.365091
08BEAC0A0678,2023-08-05,21:46:16,30.3,100.0,18.0,23.139376,120.138374
08BEAC0A0640,2023-08-05,21:46:27,31.2,100.0,20.0,23.160034,120.18215
08BEAC0A0830,2023-08-05,21:46:32,29.7,100.0,0.0,22.956295,120.248057
08BEAC0A0826,2023-08-05,21:46:39,30.5,100.0,15.0,23.0865158,120.3191882
08BEAC0A0340,2023-08-05,21:46:59,31.2,100.0,20.0,22.9193352,120.2170451
08BEAC0A089E,2023-08-05,21:47:36,29.0,100.0,0.0,23.12107103,120.4585091
08BEAC0A07A2,2023-08-05,21:47:41,30.5,100.0,11.0,25.10392038,121.2447143
08BEAC0A05AC,2023-08-05,21:47:54,30.1,100.0,2.0,22.912748,120.261227
08BEAC0A0040,2023-08-05,21:48:01,30.2,100.0,0.0,22.99133,120.230478
08BEAC0A0508,2023-08-05,21:48:39,30.2,100.0,16.0,23.138713,120.324702
08BEAC0A04EC,2023-08-05,21:49:02,29.2,100.0,8.0,24.936085,121.223586
08BEAC0A0774,2023-08-05,21:49:04,30.2,100.0,8.0,22.992411,120.294135
08BEAC0A080E,2023-08-05,21:49:19,33.2,100.0,9.0,23.158097,120.170618
08BEAC0A019A,2023-08-05,21:49:54,30.0,100.0,18.0,23.3199,120.34515
08BEAC0A0296,2023-08-05,21:50:15,30.8,100.0,9.0,23.741269,120.401443
08BEAC0A06FA,2023-08-05,21:50:18,29.0,100.0,0.0,23.04435,120.470196
08BEAC0A06A6,2023-08-05,21:50:23,31.0,100.0,18.0,22.977305,120.186438
08BEAC0A0480,2023-08-05,21:50:26,32.1,100.0,12.0,23.190069,120.192365
08BEAC0A0398,2023-08-05,21:50:31,31.2,100.0,8.0,24.1494507,120.6816876
08BEAC0A0742,2023-08-05,21:50:31,30.7,100.0,16.0,23.003578,120.240161
08BEAC0A01AA,2023-08-05,21:50:55,32.1,80.0,7.0,24.9751,121.269826
08BEAC0A0156,2023-08-05,21:50:57,29.3,100.0,0.0,24.0838267,120.752756
08BEAC0A0218,2023-08-05,21:51:00,29.2,100.0,11.0,23.6869687,120.5865383
08BEAC0A0464,2023-08-05,21:51:27,30.8,100.0,15.0,22.989813,120.203024
08BEAC0A0226,2023-08-05,21:51:32,29.6,100.0,0.0,23.2174825,120.365091
08BEAC0A0678,2023-08-05,21:51:34,30.0,100.0,18.0,23.139376,120.138374
08BEAC0A084E,2023-08-05,21:51:34,32.3,100.0,4.0,24.9785086,121.3061612
08BEAC0A0640,2023-08-05,21:51:43,31.2,100.0,21.0,23.160034,120.18215
08BEAC0A0830,2023-08-05,21:51:47,29.6,100.0,0.0,22.956295,120.248057
08BEAC0A0826,2023-08-05,21:51:57,30.6,100.0,15.0,23.0865158,120.3191882
08BEAC0A0340,2023-08-05,21:52:15,31.2,100.0,19.0,22.9193352,120.2170451
08BEAC0A089E,2023-08-05,21:52:52,29.0,100.0,0.0,23.12107103,120.4585091
08BEAC0A07A2,2023-08-05,21:52:57,30.5,100.0,12.0,25.10392038,121.2447143
08BEAC0A05AC,2023-08-05,21:53:12,30.1,100.0,1.0,22.912748,120.261227
08BEAC0A0040,2023-08-05,21:53:17,30.2,100.0,0.0,22.99133,120.230478
08BEAC0A0508,2023-08-05,21:53:54,30.2,100.0,15.0,23.138713,120.324702
08BEAC0A04EC,2023-08-05,21:54:18,29.2,100.0,9.0,24.936085,121.223586
08BEAC0A0774,2023-08-05,21:54:19,30.1,100.0,8.0,22.992411,120.294135
08BEAC0A080E,2023-08-05,21:54:38,33.1,100.0,9.0,23.158097,120.170618
08BEAC0A019A,2023-08-05,21:55:09,30.1,100.0,19.0,23.3199,120.34515
08BEAC0A0296,2023-08-05,21:55:31,30.8,100.0,8.0,23.741269,120.401443
08BEAC0A06FA,2023-08-05,21:55:34,29.0,100.0,0.0,23.04435,120.470196
08BEAC0A06A6,2023-08-05,21:55:40,31.0,100.0,18.0,22.977305,120.186438
08BEAC0A0480,2023-08-05,21:55:43,32.0,100.0,11.0,23.190069,120.192365
08BEAC0A0398,2023-08-05,21:55:47,31.2,100.0,7.0,24.1494507,120.6816876
08BEAC0A0742,2023-08-05,21:55:47,30.7,100.0,17.0,23.003578,120.240161
08BEAC0A01AA,2023-08-05,21:56:10,32.1,81.0,7.0,24.9751,121.269826
08BEAC0A0156,2023-08-05,21:56:14,29.2,100.0,0.0,24.0838267,120.752756
08BEAC0A0218,2023-08-05,21:56:16,29.2,100.0,11.0,23.6869687,120.5865383
08BEAC0A0464,2023-08-05,21:56:43,31.0,100.0,15.0,22.989813,120.203024
08BEAC0A0226,2023-08-05,21:56:48,29.6,100.0,0.0,23.2174825,120.365091
08BEAC0A0678,2023-08-05,21:56:54,30.3,100.0,17.0,23.139376,120.138374
08BEAC0A0640,2023-08-05,21:57:00,31.2,100.0,20.0,23.160034,120.18215
08BEAC0A0830,2023-08-05,21:57:03,29.6,100.0,0.0,22.956295,120.248057
08BEAC0A084E,2023-08-05,21:57:06,32.2,100.0,3.0,24.9785086,121.3061612
08BEAC0A0826,2023-08-05,21:57:13,30.6,100.0,15.0,23.0865158,120.3191882
08BEAC0A0340,2023-08-05,21:57:30,31.1,100.0,20.0,22.9193352,120.2170451
08BEAC0A089E,2023-08-05,21:58:08,29.0,100.0,0.0,23.12107103,120.4585091
08BEAC0A07A2,2023-08-05,21:58:12,30.6,100.0,11.0,25.10392038,121.2447143
08BEAC0A05AC,2023-08-05,21:58:28,30.2,100.0,1.0,22.912748,120.261227
08BEAC0A0040,2023-08-05,21:58:34,30.2,100.0,0.0,22.99133,120.230478
08BEAC0A0508,2023-08-05,21:59:12,30.2,100.0,16.0,23.138713,120.324702
08BEAC0A04EC,2023-08-05,21:59:34,29.3,100.0,9.0,24.936085,121.223586
08BEAC0A0774,2023-08-05,21:59:36,30.1,100.0,8.0,22.992411,120.294135
08BEAC0A080E,2023-08-05,21:59:54,33.1,100.0,10.0,23.158097,120.170618
08BEAC0A019A,2023-08-05,22:00:29,30.2,100.0,19.0,23.3199,120.34515
08BEAC0A0296,2023-08-05,22:00:47,30.8,100.0,10.0,23.741269,120.401443
08BEAC0A06FA,2023-08-05,22:00:51,29.0,100.0,0.0,23.04435,120.470196
08BEAC0A06A6,2023-08-05,22:00:58,31.0,100.0,17.0,22.977305,120.186438
08BEAC0A0480,2023-08-05,22:00:59,32.1,100.0,12.0,23.190069,120.192365
08BEAC0A0398,2023-08-05,22:01:03,31.3,100.0,8.0,24.1494507,120.6816876
08BEAC0A0742,2023-08-05,22:01:04,30.5,100.0,17.0,23.003578,120.240161
08BEAC0A01AA,2023-08-05,22:01:24,32.0,81.0,9.0,24.9751,121.269826
08BEAC0A0156,2023-08-05,22:01:31,29.1,100.0,0.0,24.0838267,120.752756
08BEAC0A0218,2023-08-05,22:01:32,29.2,100.0,11.0,23.6869687,120.5865383
08BEAC0A0464,2023-08-05,22:02:00,30.7,100.0,16.0,22.989813,120.203024
08BEAC0A0226,2023-08-05,22:02:04,29.6,100.0,0.0,23.2174825,120.365091
08BEAC0A0678,2023-08-05,22:02:12,30.2,100.0,18.0,23.139376,120.138374
08BEAC0A0640,2023-08-05,22:02:16,31.2,100.0,18.0,23.160034,120.18215
08BEAC0A0830,2023-08-05,22:02:18,29.6,100.0,0.0,22.956295,120.248057
08BEAC0A0826,2023-08-05,22:02:29,30.6,100.0,15.0,23.0865158,120.3191882
08BEAC0A084E,2023-08-05,22:02:31,32.3,100.0,4.0,24.9785086,121.3061612
08BEAC0A0340,2023-08-05,22:02:45,31.2,100.0,18.0,22.9193352,120.2170451
08BEAC0A089E,2023-08-05,22:03:25,29.0,100.0,0.0,23.12107103,120.4585091
08BEAC0A07A2,2023-08-05,22:03:28,30.8,100.0,12.0,25.10392038,121.2447143
08BEAC0A05AC,2023-08-05,22:03:46,30.2,100.0,0.0,22.912748,120.261227
08BEAC0A0040,2023-08-05,22:03:51,30.2,100.0,0.0,22.99133,120.230478
08BEAC0A0508,2023-08-05,22:04:27,30.3,100.0,16.0,23.138713,120.324702
08BEAC0A04EC,2023-08-05,22:04:49,28.8,100.0,9.0,24.936085,121.223586
08BEAC0A0774,2023-08-05,22:04:52,30.1,100.0,8.0,22.992411,120.294135
08BEAC0A080E,2023-08-05,22:05:09,33.1,100.0,9.0,23.158097,120.170618
08BEAC0A019A,2023-08-05,22:05:45,30.2,100.0,18.0,23.3199,120.34515
08BEAC0A0296,2023-08-05,22:06:03,31.0,100.0,8.0,23.741269,120.401443
08BEAC0A06FA,2023-08-05,22:06:10,29.0,100.0,0.0,23.04435,120.470196
08BEAC0A06A6,2023-08-05,22:06:15,31.0,100.0,17.0,22.977305,120.186438
08BEAC0A0480,2023-08-05,22:06:16,32.0,100.0,12.0,23.190069,120.192365
08BEAC0A0398,2023-08-05,22:06:20,31.3,100.0,8.0,24.1494507,120.6816876
08BEAC0A0742,2023-08-05,22:06:20,30.6,100.0,17.0,23.003578,120.240161
08BEAC0A01AA,2023-08-05,22:06:39,32.1,81.0,8.0,24.9751,121.269826
08BEAC0A0156,2023-08-05,22:06:48,29.2,100.0,0.0,24.0838267,120.752756
08BEAC0A0218,2023-08-05,22:06:48,29.2,100.0,11.0,23.6869687,120.5865383
08BEAC0A0464,2023-08-05,22:07:15,30.7,100.0,17.0,22.989813,120.203024
08BEAC0A0678,2023-08-05,22:07:27,30.2,100.0,18.0,23.139376,120.138374
08BEAC0A0640,2023-08-05,22:07:33,31.2,100.0,20.0,23.160034,120.18215
08BEAC0A0830,2023-08-05,22:07:36,29.7,100.0,0.0,22.956295,120.248057
08BEAC0A0826,2023-08-05,22:07:45,30.6,100.0,15.0,23.0865158,120.3191882
08BEAC0A0340,2023-08-05,22:07:59,31.2,100.0,18.0,22.9193352,120.2170451
08BEAC0A084E,2023-08-05,22:08:11,32.3,100.0,4.0,24.9785086,121.3061612
08BEAC0A089E,2023-08-05,22:08:40,29.0,100.0,0.0,23.12107103,120.4585091
08BEAC0A07A2,2023-08-05,22:08:44,30.8,100.0,12.0,25.10392038,121.2447143
08BEAC0A05AC,2023-08-05,22:09:03,30.2,100.0,0.0,22.912748,120.261227
08BEAC0A0040,2023-08-05,22:09:08,30.1,100.0,0.0,22.99133,120.230478
08BEAC0A0508,2023-08-05,22:09:44,30.5,100.0,15.0,23.138713,120.324702
08BEAC0A04EC,2023-08-05,22:10:06,29.2,100.0,8.0,24.936085,121.223586
08BEAC0A0774,2023-08-05,22:10:10,30.1,100.0,9.0,22.992411,120.294135
08BEAC0A0344,2023-08-05,22:10:21,30.1,100.0,9.0,24.960122,121.178153
08BEAC0A080E,2023-08-05,22:10:27,33.1,100.0,9.0,23.158097,120.170618
08BEAC0A019A,2023-08-05,22:11:01,30.3,100.0,18.0,23.3199,120.34515
08BEAC0A0296,2023-08-05,22:11:19,31.0,100.0,7.0,23.741269,120.401443
08BEAC0A06FA,2023-08-05,22:11:28,29.1,100.0,0.0,23.04435,120.470196
08BEAC0A06A6,2023-08-05,22:11:30,31.0,100.0,18.0,22.977305,120.186438
08BEAC0A0480,2023-08-05,22:11:32,32.1,100.0,12.0,23.190069,120.192365
08BEAC0A0398,2023-08-05,22:11:36,31.3,100.0,8.0,24.1494507,120.6816876
08BEAC0A0742,2023-08-05,22:11:37,30.6,100.0,17.0,23.003578,120.240161
08BEAC0A01AA,2023-08-05,22:11:54,32.1,81.0,8.0,24.9751,121.269826
08BEAC0A0218,2023-08-05,22:12:05,29.3,100.0,12.0,23.6869687,120.5865383
08BEAC0A0156,2023-08-05,22:12:06,29.2,100.0,0.0,24.0838267,120.752756
08BEAC0A0464,2023-08-05,22:12:33,30.7,100.0,16.0,22.989813,120.203024
08BEAC0A0640,2023-08-05,22:12:48,31.3,100.0,20.0,23.160034,120.18215
08BEAC0A0678,2023-08-05,22:12:48,30.5,100.0,18.0,23.139376,120.138374
08BEAC0A0830,2023-08-05,22:12:51,29.8,100.0,0.0,22.956295,120.248057
08BEAC0A0826,2023-08-05,22:13:00,30.6,100.0,15.0,23.0865158,120.3191882
08BEAC0A0340,2023-08-05,22:13:14,31.2,100.0,21.0,22.9193352,120.2170451
08BEAC0A089E,2023-08-05,22:13:56,28.8,100.0,0.0,23.12107103,120.4585091
08BEAC0A084E,2023-08-05,22:13:57,32.3,100.0,4.0,24.9785086,121.3061612
08BEAC0A07A2,2023-08-05,22:14:00,30.3,100.0,12.0,25.10392038,121.2447143
08BEAC0A05AC,2023-08-05,22:14:18,30.2,100.0,3.0,22.912748,120.261227
08BEAC0A0040,2023-08-05,22:14:23,30.2,100.0,0.0,22.99133,120.230478
08BEAC0A0508,2023-08-05,22:15:01,30.5,100.0,16.0,23.138713,120.324702
08BEAC0A04EC,2023-08-05,22:15:24,29.5,100.0,9.0,24.936085,121.223586
08BEAC0A0774,2023-08-05,22:15:26,30.1,100.0,10.0,22.992411,120.294135
08BEAC0A0344,2023-08-05,22:15:41,30.2,100.0,9.0,24.960122,121.178153
08BEAC0A080E,2023-08-05,22:15:43,33.1,100.0,9.0,23.158097,120.170618
08BEAC0A019A,2023-08-05,22:16:19,30.3,100.0,18.0,23.3199,120.34515
08BEAC0A0296,2023-08-05,22:16:34,31.0,100.0,8.0,23.741269,120.401443
08BEAC0A06FA,2023-08-05,22:16:42,29.1,100.0,0.0,23.04435,120.470196
08BEAC0A06A6,2023-08-05,22:16:47,31.0,100.0,18.0,22.977305,120.186438
08BEAC0A0480,2023-08-05,22:16:48,32.0,100.0,12.0,23.190069,120.192365
08BEAC0A0398,2023-08-05,22:16:52,31.5,100.0,8.0,24.1494507,120.6816876
08BEAC0A0742,2023-08-05,22:16:56,30.5,100.0,16.0,23.003578,120.240161
08BEAC0A01AA,2023-08-05,22:17:12,32.1,80.0,8.0,24.9751,121.269826
08BEAC0A0218,2023-08-05,22:17:22,29.3,100.0,12.0,23.6869687,120.5865383
08BEAC0A0156,2023-08-05,22:17:23,29.3,100.0,0.0,24.0838267,120.752756
08BEAC0A0464,2023-08-05,22:17:49,31.0,100.0,16.0,22.989813,120.203024
08BEAC0A0640,2023-08-05,22:18:04,31.2,100.0,21.0,23.160034,120.18215
08BEAC0A0830,2023-08-05,22:18:07,29.8,100.0,0.0,22.956295,120.248057
08BEAC0A0678,2023-08-05,22:18:08,30.5,100.0,17.0,23.139376,120.138374
08BEAC0A0826,2023-08-05,22:18:17,30.7,100.0,15.0,23.0865158,120.3191882
08BEAC0A0340,2023-08-05,22:18:28,31.3,100.0,18.0,22.9193352,120.2170451
08BEAC0A089E,2023-08-05,22:19:12,28.8,100.0,0.0,23.12107103,120.4585091
08BEAC0A07A2,2023-08-05,22:19:15,30.8,100.0,12.0,25.10392038,121.2447143
08BEAC0A05AC,2023-08-05,22:19:34,30.2,100.0,0.0,22.912748,120.261227
08BEAC0A084E,2023-08-05,22:19:38,32.3,100.0,3.0,24.9785086,121.3061612
08BEAC0A0040,2023-08-05,22:19:41,30.1,100.0,0.0,22.99133,120.230478
08BEAC0A0508,2023-08-05,22:20:19,30.5,100.0,16.0,23.138713,120.324702
08BEAC0A04EC,2023-08-05,22:20:41,29.2,100.0,9.0,24.936085,121.223586
08BEAC0A0774,2023-08-05,22:20:43,30.2,100.0,10.0,22.992411,120.294135
08BEAC0A0344,2023-08-05,22:20:58,30.2,100.0,9.0,24.960122,121.178153
08BEAC0A080E,2023-08-05,22:20:58,33.1,100.0,9.0,23.158097,120.170618
08BEAC0A019A,2023-08-05,22:21:34,30.3,100.0,18.0,23.3199,120.34515
08BEAC0A0296,2023-08-05,22:21:49,31.0,100.0,10.0,23.741269,120.401443
08BEAC0A06FA,2023-08-05,22:21:57,29.2,100.0,0.0,23.04435,120.470196
08BEAC0A0480,2023-08-05,22:22:04,32.1,100.0,11.0,23.190069,120.192365
08BEAC0A06A6,2023-08-05,22:22:05,31.0,100.0,18.0,22.977305,120.186438
08BEAC0A0398,2023-08-05,22:22:10,31.3,100.0,8.0,24.1494507,120.6816876
08BEAC0A0742,2023-08-05,22:22:15,30.3,100.0,17.0,23.003578,120.240161
08BEAC0A01AA,2023-08-05,22:22:27,32.3,80.0,9.0,24.9751,121.269826
08BEAC0A0218,2023-08-05,22:22:38,29.3,100.0,11.0,23.6869687,120.5865383
08BEAC0A0156,2023-08-05,22:22:39,29.2,100.0,0.0,24.0838267,120.752756
08BEAC0A0464,2023-08-05,22:23:07,31.0,100.0,16.0,22.989813,120.203024
08BEAC0A0640,2023-08-05,22:23:20,31.2,100.0,22.0,23.160034,120.18215
08BEAC0A0830,2023-08-05,22:23:22,30.0,100.0,0.0,22.956295,120.248057
08BEAC0A0826,2023-08-05,22:23:32,30.6,100.0,16.0,23.0865158,120.3191882
08BEAC0A0340,2023-08-05,22:23:44,31.5,100.0,20.0,22.9193352,120.2170451
08BEAC0A089E,2023-08-05,22:24:29,28.8,100.0,0.0,23.12107103,120.4585091
08BEAC0A07A2,2023-08-05,22:24:32,30.8,100.0,12.0,25.10392038,121.2447143
08BEAC0A05AC,2023-08-05,22:24:51,30.5,100.0,1.0,22.912748,120.261227
08BEAC0A0040,2023-08-05,22:24:56,30.1,100.0,0.0,22.99133,120.230478
08BEAC0A084E,2023-08-05,22:25:10,32.3,100.0,4.0,24.9785086,121.3061612
08BEAC0A04EC,2023-08-05,22:25:57,29.5,100.0,9.0,24.936085,121.223586
08BEAC0A0774,2023-08-05,22:26:00,30.3,100.0,9.0,22.992411,120.294135
08BEAC0A080E,2023-08-05,22:26:13,33.2,100.0,9.0,23.158097,120.170618
08BEAC0A0344,2023-08-05,22:26:15,30.2,100.0,8.0,24.960122,121.178153
08BEAC0A019A,2023-08-05,22:26:49,30.5,100.0,19.0,23.3199,120.34515
08BEAC0A06FA,2023-08-05,22:27:13,29.1,100.0,0.0,23.04435,120.470196
08BEAC0A0480,2023-08-05,22:27:19,32.1,100.0,12.0,23.190069,120.192365
08BEAC0A06A6,2023-08-05,22:27:21,31.0,100.0,17.0,22.977305,120.186438
08BEAC0A0398,2023-08-05,22:27:26,31.5,100.0,8.0,24.1494507,120.6816876
08BEAC0A0742,2023-08-05,22:27:31,30.6,100.0,18.0,23.003578,120.240161
08BEAC0A01AA,2023-08-05,22:27:42,32.3,80.0,9.0,24.9751,121.269826
08BEAC0A0218,2023-08-05,22:27:54,29.2,100.0,12.0,23.6869687,120.5865383
08BEAC0A0156,2023-08-05,22:27:57,29.3,100.0,0.0,24.0838267,120.752756
08BEAC0A0464,2023-08-05,22:28:24,31.0,100.0,16.0,22.989813,120.203024
08BEAC0A0640,2023-08-05,22:28:36,31.3,100.0,21.0,23.160034,120.18215
08BEAC0A0830,2023-08-05,22:28:38,30.1,100.0,0.0,22.956295,120.248057
08BEAC0A0826,2023-08-05,22:28:49,30.6,100.0,17.0,23.0865158,120.3191882
08BEAC0A0340,2023-08-05,22:29:00,31.3,100.0,18.0,22.9193352,120.2170451
08BEAC0A0678,2023-08-05,22:29:13,30.5,100.0,18.0,23.139376,120.138374
08BEAC0A089E,2023-08-05,22:29:45,28.8,100.0,0.0,23.12107103,120.4585091
08BEAC0A07A2,2023-08-05,22:29:51,30.6,100.0,11.0,25.10392038,121.2447143
08BEAC0A05AC,2023-08-05,22:30:10,30.5,100.0,0.0,22.912748,120.261227
08BEAC0A0040,2023-08-05,22:30:12,30.0,100.0,0.0,22.99133,120.230478
08BEAC0A084E,2023-08-05,22:30:45,32.3,100.0,4.0,24.9785086,121.3061612
08BEAC0A04EC,2023-08-05,22:31:14,29.5,100.0,9.0,24.936085,121.223586
08BEAC0A0774,2023-08-05,22:31:17,30.3,100.0,10.0,22.992411,120.294135
08BEAC0A0508,2023-08-05,22:31:18,30.3,100.0,16.0,23.138713,120.324702
08BEAC0A080E,2023-08-05,22:31:29,33.1,100.0,9.0,23.158097,120.170618
08BEAC0A0344,2023-08-05,22:31:31,30.3,100.0,9.0,24.960122,121.178153
08BEAC0A019A,2023-08-05,22:32:05,30.5,100.0,19.0,23.3199,120.34515
08BEAC0A0296,2023-08-05,22:32:17,30.8,100.0,8.0,23.741269,120.401443
08BEAC0A06FA,2023-08-05,22:32:28,29.0,100.0,0.0,23.04435,120.470196
08BEAC0A0480,2023-08-05,22:32:35,32.1,100.0,12.0,23.190069,120.192365
08BEAC0A0398,2023-08-05,22:32:43,31.6,100.0,8.0,24.1494507,120.6816876
08BEAC0A0742,2023-08-05,22:32:46,30.7,100.0,17.0,23.003578,120.240161
08BEAC0A01AA,2023-08-05,22:32:57,32.3,80.0,8.0,24.9751,121.269826
08BEAC0A0218,2023-08-05,22:33:11,29.2,100.0,13.0,23.6869687,120.5865383
08BEAC0A0156,2023-08-05,22:33:13,29.3,100.0,0.0,24.0838267,120.752756
08BEAC0A0464,2023-08-05,22:33:40,31.0,100.0,15.0,22.989813,120.203024
08BEAC0A0640,2023-08-05,22:33:50,31.2,100.0,23.0,23.160034,120.18215
08BEAC0A0830,2023-08-05,22:33:53,30.2,100.0,0.0,22.956295,120.248057
08BEAC0A0826,2023-08-05,22:34:09,30.6,100.0,17.0,23.0865158,120.3191882
08BEAC0A0340,2023-08-05,22:34:16,31.5,100.0,19.0,22.9193352,120.2170451
08BEAC0A0678,2023-08-05,22:34:57,30.5,100.0,18.0,23.139376,120.138374
08BEAC0A0226,2023-08-05,22:35:01,30.2,100.0,0.0,23.2174825,120.365091
08BEAC0A089E,2023-08-05,22:35:01,28.7,100.0,0.0,23.12107103,120.4585091
08BEAC0A07A2,2023-08-05,22:35:13,30.8,100.0,11.0,25.10392038,121.2447143
08BEAC0A05AC,2023-08-05,22:35:26,30.5,100.0,2.0,22.912748,120.261227
08BEAC0A0040,2023-08-05,22:35:29,30.2,100.0,0.0,22.99133,120.230478
08BEAC0A084E,2023-08-05,22:36:02,32.3,100.0,4.0,24.9785086,121.3061612
08BEAC0A04EC,2023-08-05,22:36:32,29.6,100.0,9.0,24.936085,121.223586
08BEAC0A0508,2023-08-05,22:36:33,30.3,100.0,18.0,23.138713,120.324702
08BEAC0A0774,2023-08-05,22:36:33,30.3,100.0,10.0,22.992411,120.294135
08BEAC0A080E,2023-08-05,22:36:44,33.1,100.0,10.0,23.158097,120.170618
08BEAC0A0344,2023-08-05,22:36:49,30.3,100.0,9.0,24.960122,121.178153
08BEAC0A019A,2023-08-05,22:37:20,30.6,100.0,20.0,23.3199,120.34515
08BEAC0A0296,2023-08-05,22:37:33,31.0,100.0,9.0,23.741269,120.401443
08BEAC0A06FA,2023-08-05,22:37:44,28.8,100.0,0.0,23.04435,120.470196
08BEAC0A06A6,2023-08-05,22:37:47,31.2,100.0,18.0,22.977305,120.186438
08BEAC0A0480,2023-08-05,22:37:53,32.1,100.0,12.0,23.190069,120.192365
08BEAC0A0398,2023-08-05,22:38:01,31.5,100.0,8.0,24.1494507,120.6816876
08BEAC0A0742,2023-08-05,22:38:01,30.6,100.0,17.0,23.003578,120.240161
08BEAC0A01AA,2023-08-05,22:38:13,32.3,80.0,9.0,24.9751,121.269826
08BEAC0A0218,2023-08-05,22:38:27,29.2,100.0,13.0,23.6869687,120.5865383
08BEAC0A0156,2023-08-05,22:38:29,29.3,100.0,0.0,24.0838267,120.752756
08BEAC0A0464,2023-08-05,22:38:56,31.1,100.0,17.0,22.989813,120.203024
08BEAC0A0640,2023-08-05,22:39:08,31.3,100.0,25.0,23.160034,120.18215
08BEAC0A0830,2023-08-05,22:39:09,30.1,100.0,0.0,22.956295,120.248057
08BEAC0A0826,2023-08-05,22:39:25,30.6,100.0,17.0,23.0865158,120.3191882
08BEAC0A0340,2023-08-05,22:39:33,31.5,100.0,18.0,22.9193352,120.2170451
08BEAC0A0678,2023-08-05,22:40:13,30.6,100.0,18.0,23.139376,120.138374
08BEAC0A089E,2023-08-05,22:40:17,28.7,100.0,0.0,23.12107103,120.4585091
08BEAC0A0226,2023-08-05,22:40:30,30.2,100.0,0.0,23.2174825,120.365091
08BEAC0A07A2,2023-08-05,22:40:31,30.8,100.0,12.0,25.10392038,121.2447143
08BEAC0A05AC,2023-08-05,22:40:43,30.2,100.0,3.0,22.912748,120.261227
08BEAC0A0040,2023-08-05,22:40:46,30.2,100.0,0.0,22.99133,120.230478
08BEAC0A084E,2023-08-05,22:41:33,32.5,100.0,4.0,24.9785086,121.3061612
08BEAC0A04EC,2023-08-05,22:41:47,29.7,100.0,10.0,24.936085,121.223586
08BEAC0A0774,2023-08-05,22:41:50,30.3,100.0,9.0,22.992411,120.294135
08BEAC0A0508,2023-08-05,22:41:53,30.3,100.0,16.0,23.138713,120.324702
08BEAC0A080E,2023-08-05,22:42:00,33.1,100.0,9.0,23.158097,120.170618
08BEAC0A0344,2023-08-05,22:42:23,30.3,100.0,9.0,24.960122,121.178153
08BEAC0A019A,2023-08-05,22:42:35,30.5,100.0,19.0,23.3199,120.34515
08BEAC0A0296,2023-08-05,22:42:51,31.0,100.0,11.0,23.741269,120.401443
08BEAC0A06FA,2023-08-05,22:43:00,29.0,100.0,0.0,23.04435,120.470196
08BEAC0A06A6,2023-08-05,22:43:04,31.2,100.0,16.0,22.977305,120.186438
08BEAC0A0480,2023-08-05,22:43:09,32.1,100.0,13.0,23.190069,120.192365
08BEAC0A0742,2023-08-05,22:43:17,30.5,100.0,16.0,23.003578,120.240161
08BEAC0A0398,2023-08-05,22:43:19,31.5,100.0,8.0,24.1494507,120.6816876
08BEAC0A0780,2023-08-05,22:43:20,29.6,100.0,0.0,23.048983,120.174614
08BEAC0A01AA,2023-08-05,22:43:31,32.5,80.0,9.0,24.9751,121.269826
08BEAC0A0218,2023-08-05,22:43:43,29.2,100.0,14.0,23.6869687,120.5865383
08BEAC0A0156,2023-08-05,22:43:46,29.5,100.0,0.0,24.0838267,120.752756
08BEAC0A0464,2023-08-05,22:44:12,31.1,100.0,14.0,22.989813,120.203024
08BEAC0A0640,2023-08-05,22:44:25,31.3,100.0,26.0,23.160034,120.18215
08BEAC0A0830,2023-08-05,22:44:28,30.2,100.0,0.0,22.956295,120.248057
08BEAC0A0826,2023-08-05,22:44:40,30.6,100.0,15.0,23.0865158,120.3191882
08BEAC0A0340,2023-08-05,22:44:50,31.5,100.0,19.0,22.9193352,120.2170451
08BEAC0A0678,2023-08-05,22:45:36,30.7,100.0,17.0,23.139376,120.138374
08BEAC0A0226,2023-08-05,22:45:48,30.3,100.0,0.0,23.2174825,120.365091
08BEAC0A07A2,2023-08-05,22:45:50,30.7,100.0,11.0,25.10392038,121.2447143
08BEAC0A05AC,2023-08-05,22:46:01,30.3,100.0,2.0,22.912748,120.261227
08BEAC0A0040,2023-08-05,22:46:04,30.2,100.0,0.0,22.99133,120.230478
08BEAC0A084E,2023-08-05,22:47:00,32.3,100.0,4.0,24.9785086,121.3061612
08BEAC0A04EC,2023-08-05,22:47:04,29.5,100.0,11.0,24.936085,121.223586
08BEAC0A0774,2023-08-05,22:47:06,30.3,100.0,9.0,22.992411,120.294135
08BEAC0A0508,2023-08-05,22:47:10,30.3,100.0,16.0,23.138713,120.324702
08BEAC0A080E,2023-08-05,22:47:16,33.1,100.0,10.0,23.158097,120.170618
08BEAC0A0344,2023-08-05,22:47:41,30.2,100.0,9.0,24.960122,121.178153
08BEAC0A019A,2023-08-05,22:47:51,30.6,100.0,19.0,23.3199,120.34515
08BEAC0A0296,2023-08-05,22:48:06,31.0,100.0,11.0,23.741269,120.401443
08BEAC0A06FA,2023-08-05,22:48:17,29.0,100.0,0.0,23.04435,120.470196
08BEAC0A06A6,2023-08-05,22:48:21,31.2,100.0,17.0,22.977305,120.186438
08BEAC0A0480,2023-08-05,22:48:26,32.1,100.0,12.0,23.190069,120.192365
08BEAC0A0742,2023-08-05,22:48:32,30.5,100.0,16.0,23.003578,120.240161
08BEAC0A0398,2023-08-05,22:48:34,31.6,100.0,8.0,24.1494507,120.6816876
08BEAC0A01AA,2023-08-05,22:48:48,32.5,80.0,9.0,24.9751,121.269826
08BEAC0A0218,2023-08-05,22:48:59,29.3,100.0,13.0,23.6869687,120.5865383
08BEAC0A0156,2023-08-05,22:49:02,29.5,100.0,0.0,24.0838267,120.752756
08BEAC0A0464,2023-08-05,22:49:29,31.0,100.0,15.0,22.989813,120.203024
08BEAC0A0640,2023-08-05,22:49:40,31.3,100.0,24.0,23.160034,120.18215
08BEAC0A0830,2023-08-05,22:49:44,30.0,100.0,0.0,22.956295,120.248057
08BEAC0A0826,2023-08-05,22:49:55,30.6,100.0,16.0,23.0865158,120.3191882
08BEAC0A0340,2023-08-05,22:50:06,31.3,100.0,19.0,22.9193352,120.2170451
08BEAC0A089E,2023-08-05,22:50:46,29.1,100.0,0.0,23.12107103,120.4585091
08BEAC0A0678,2023-08-05,22:50:58,30.7,100.0,17.0,23.139376,120.138374
08BEAC0A0226,2023-08-05,22:51:05,30.1,100.0,0.0,23.2174825,120.365091
08BEAC0A07A2,2023-08-05,22:51:06,30.8,100.0,13.0,25.10392038,121.2447143
08BEAC0A05AC,2023-08-05,22:51:17,30.2,100.0,3.0,22.912748,120.261227
08BEAC0A0040,2023-08-05,22:51:22,30.3,100.0,0.0,22.99133,120.230478
08BEAC0A04EC,2023-08-05,22:52:22,29.5,100.0,15.0,24.936085,121.223586
08BEAC0A0774,2023-08-05,22:52:23,30.3,100.0,10.0,22.992411,120.294135
08BEAC0A0508,2023-08-05,22:52:25,30.5,100.0,17.0,23.138713,120.324702
08BEAC0A080E,2023-08-05,22:52:32,33.2,100.0,9.0,23.158097,120.170618
08BEAC0A084E,2023-08-05,22:52:32,32.5,100.0,4.0,24.9785086,121.3061612
08BEAC0A0344,2023-08-05,22:52:56,30.3,100.0,10.0,24.960122,121.178153
08BEAC0A019A,2023-08-05,22:53:08,30.7,100.0,18.0,23.3199,120.34515
08BEAC0A0296,2023-08-05,22:53:22,31.0,100.0,12.0,23.741269,120.401443
08BEAC0A06FA,2023-08-05,22:53:34,29.1,100.0,0.0,23.04435,120.470196
08BEAC0A06A6,2023-08-05,22:53:38,31.1,100.0,17.0,22.977305,120.186438
08BEAC0A0480,2023-08-05,22:53:42,32.1,100.0,13.0,23.190069,120.192365
08BEAC0A0742,2023-08-05,22:53:49,30.6,100.0,17.0,23.003578,120.240161
08BEAC0A0398,2023-08-05,22:53:53,31.6,100.0,9.0,24.1494507,120.6816876
08BEAC0A01AA,2023-08-05,22:54:03,32.6,80.0,9.0,24.9751,121.269826
08BEAC0A0218,2023-08-05,22:54:14,29.5,100.0,13.0,23.6869687,120.5865383
08BEAC0A0156,2023-08-05,22:54:16,29.5,100.0,0.0,24.0838267,120.752756
08BEAC0A0640,2023-08-05,22:54:55,31.5,100.0,25.0,23.160034,120.18215
08BEAC0A0830,2023-08-05,22:55:00,30.2,100.0,0.0,22.956295,120.248057
08BEAC0A0826,2023-08-05,22:55:13,30.6,100.0,15.0,23.0865158,120.3191882
08BEAC0A0340,2023-08-05,22:55:22,31.3,100.0,21.0,22.9193352,120.2170451
08BEAC0A089E,2023-08-05,22:56:02,29.0,100.0,0.0,23.12107103,120.4585091
08BEAC0A0678,2023-08-05,22:56:17,30.6,100.0,17.0,23.139376,120.138374
08BEAC0A0226,2023-08-05,22:56:21,30.2,100.0,0.0,23.2174825,120.365091
08BEAC0A07A2,2023-08-05,22:56:22,31.0,100.0,12.0,25.10392038,121.2447143
08BEAC0A05AC,2023-08-05,22:56:36,30.3,100.0,1.0,22.912748,120.261227
08BEAC0A0040,2023-08-05,22:56:38,30.2,100.0,0.0,22.99133,120.230478
08BEAC0A04EC,2023-08-05,22:57:37,29.6,100.0,21.0,24.936085,121.223586
08BEAC0A0774,2023-08-05,22:57:39,30.3,100.0,8.0,22.992411,120.294135
08BEAC0A0508,2023-08-05,22:57:40,30.5,100.0,17.0,23.138713,120.324702
08BEAC0A080E,2023-08-05,22:57:48,33.1,100.0,9.0,23.158097,120.170618
08BEAC0A084E,2023-08-05,22:58:03,32.3,100.0,4.0,24.9785086,121.3061612
08BEAC0A0344,2023-08-05,22:58:14,30.5,100.0,9.0,24.960122,121.178153
08BEAC0A019A,2023-08-05,22:58:24,30.7,100.0,20.0,23.3199,120.34515
08BEAC0A0296,2023-08-05,22:58:37,31.0,100.0,11.0,23.741269,120.401443
08BEAC0A06FA,2023-08-05,22:58:49,29.1,100.0,0.0,23.04435,120.470196
08BEAC0A06A6,2023-08-05,22:58:56,31.2,100.0,16.0,22.977305,120.186438
08BEAC0A0480,2023-08-05,22:58:57,32.1,100.0,14.0,23.190069,120.192365
08BEAC0A0742,2023-08-05,22:59:09,30.6,100.0,17.0,23.003578,120.240161
08BEAC0A0398,2023-08-05,22:59:11,31.6,100.0,9.0,24.1494507,120.6816876
08BEAC0A01AA,2023-08-05,22:59:18,32.6,80.0,9.0,24.9751,121.269826
08BEAC0A0156,2023-08-05,22:59:32,29.5,100.0,0.0,24.0838267,120.752756
08BEAC0A0218,2023-08-05,22:59:32,29.6,100.0,14.0,23.6869687,120.5865383
08BEAC0A0464,2023-08-05,22:59:57,31.1,100.0,16.0,22.989813,120.203024
08BEAC0A0640,2023-08-05,23:00:10,31.5,100.0,21.0,23.160034,120.18215
08BEAC0A0830,2023-08-05,23:00:15,30.2,100.0,0.0,22.956295,120.248057
08BEAC0A0826,2023-08-05,23:00:30,30.7,100.0,16.0,23.0865158,120.3191882
08BEAC0A0340,2023-08-05,23:00:39,31.3,100.0,21.0,22.9193352,120.2170451
08BEAC0A089E,2023-08-05,23:01:20,29.1,100.0,0.0,23.12107103,120.4585091
08BEAC0A0678,2023-08-05,23:01:33,30.7,100.0,18.0,23.139376,120.138374
08BEAC0A07A2,2023-08-05,23:01:38,30.7,100.0,12.0,25.10392038,121.2447143
08BEAC0A0226,2023-08-05,23:01:39,30.3,100.0,0.0,23.2174825,120.365091
08BEAC0A05AC,2023-08-05,23:01:52,30.5,100.0,0.0,22.912748,120.261227
08BEAC0A0040,2023-08-05,23:01:58,30.2,100.0,0.0,22.99133,120.230478
08BEAC0A04EC,2023-08-05,23:02:52,29.6,100.0,20.0,24.936085,121.223586
08BEAC0A0508,2023-08-05,23:02:58,30.5,100.0,16.0,23.138713,120.324702
08BEAC0A080E,2023-08-05,23:03:03,33.1,100.0,10.0,23.158097,120.170618
08BEAC0A0774,2023-08-05,23:03:20,30.3,100.0,9.0,22.992411,120.294135
08BEAC0A084E,2023-08-05,23:03:23,32.5,100.0,4.0,24.9785086,121.3061612
08BEAC0A0344,2023-08-05,23:03:29,30.3,100.0,9.0,24.960122,121.178153
08BEAC0A019A,2023-08-05,23:03:41,30.7,100.0,20.0,23.3199,120.34515
08BEAC0A0296,2023-08-05,23:03:55,31.1,100.0,11.0,23.741269,120.401443
08BEAC0A06FA,2023-08-05,23:04:05,29.1,100.0,0.0,23.04435,120.470196
08BEAC0A0480,2023-08-05,23:04:13,32.1,100.0,13.0,23.190069,120.192365
08BEAC0A06A6,2023-08-05,23:04:13,31.2,100.0,18.0,22.977305,120.186438
08BEAC0A0742,2023-08-05,23:04:23,30.5,100.0,17.0,23.003578,120.240161
08BEAC0A0398,2023-08-05,23:04:27,31.6,100.0,9.0,24.1494507,120.6816876
08BEAC0A01AA,2023-08-05,23:04:34,32.7,79.0,9.0,24.9751,121.269826
08BEAC0A0218,2023-08-05,23:04:47,29.6,100.0,14.0,23.6869687,120.5865383
08BEAC0A0156,2023-08-05,23:04:49,29.6,100.0,0.0,24.0838267,120.752756
08BEAC0A0464,2023-08-05,23:05:18,31.1,100.0,15.0,22.989813,120.203024
08BEAC0A0640,2023-08-05,23:05:26,31.5,100.0,24.0,23.160034,120.18215
08BEAC0A0830,2023-08-05,23:05:31,30.3,100.0,0.0,22.956295,120.248057
08BEAC0A0826,2023-08-05,23:05:45,30.7,100.0,17.0,23.0865158,120.3191882
08BEAC0A089E,2023-08-05,23:06:36,28.8,100.0,0.0,23.12107103,120.4585091
08BEAC0A0678,2023-08-05,23:06:52,30.7,100.0,17.0,23.139376,120.138374
08BEAC0A07A2,2023-08-05,23:06:56,31.1,100.0,11.0,25.10392038,121.2447143
08BEAC0A0226,2023-08-05,23:06:57,30.3,100.0,0.0,23.2174825,120.365091
08BEAC0A05AC,2023-08-05,23:07:09,30.5,100.0,0.0,22.912748,120.261227
08BEAC0A0040,2023-08-05,23:07:13,30.3,100.0,0.0,22.99133,120.230478
08BEAC0A04EC,2023-08-05,23:08:09,29.6,100.0,14.0,24.936085,121.223586
08BEAC0A0508,2023-08-05,23:08:15,30.6,100.0,16.0,23.138713,120.324702
08BEAC0A080E,2023-08-05,23:08:19,33.1,100.0,9.0,23.158097,120.170618
08BEAC0A0774,2023-08-05,23:08:35,30.3,100.0,10.0,22.992411,120.294135
08BEAC0A019A,2023-08-05,23:08:57,30.8,100.0,19.0,23.3199,120.34515
08BEAC0A0344,2023-08-05,23:09:00,30.5,100.0,8.0,24.960122,121.178153
08BEAC0A084E,2023-08-05,23:09:03,32.5,100.0,3.0,24.9785086,121.3061612
08BEAC0A0296,2023-08-05,23:09:12,31.1,100.0,11.0,23.741269,120.401443
08BEAC0A0480,2023-08-05,23:09:30,32.1,100.0,13.0,23.190069,120.192365
08BEAC0A06A6,2023-08-05,23:09:30,31.1,100.0,17.0,22.977305,120.186438
08BEAC0A0742,2023-08-05,23:09:40,30.6,100.0,16.0,23.003578,120.240161
08BEAC0A0398,2023-08-05,23:09:44,31.6,100.0,9.0,24.1494507,120.6816876
08BEAC0A01AA,2023-08-05,23:09:50,32.7,79.0,8.0,24.9751,121.269826
08BEAC0A0156,2023-08-05,23:10:04,29.7,100.0,0.0,24.0838267,120.752756
08BEAC0A0218,2023-08-05,23:10:05,29.5,100.0,15.0,23.6869687,120.5865383
08BEAC0A0464,2023-08-05,23:10:35,31.1,100.0,16.0,22.989813,120.203024
08BEAC0A0640,2023-08-05,23:10:41,31.5,100.0,22.0,23.160034,120.18215
08BEAC0A0830,2023-08-05,23:10:48,30.1,100.0,0.0,22.956295,120.248057
08BEAC0A0826,2023-08-05,23:11:02,30.7,100.0,16.0,23.0865158,120.3191882
08BEAC0A0340,2023-08-05,23:11:07,31.6,100.0,19.0,22.9193352,120.2170451
08BEAC0A089E,2023-08-05,23:11:51,29.0,100.0,0.0,23.12107103,120.4585091
08BEAC0A07A2,2023-08-05,23:12:12,31.0,100.0,11.0,25.10392038,121.2447143
08BEAC0A0678,2023-08-05,23:12:13,30.6,100.0,17.0,23.139376,120.138374
08BEAC0A0226,2023-08-05,23:12:16,30.3,100.0,0.0,23.2174825,120.365091
08BEAC0A05AC,2023-08-05,23:12:25,30.3,100.0,1.0,22.912748,120.261227
08BEAC0A0040,2023-08-05,23:12:30,30.3,100.0,0.0,22.99133,120.230478
08BEAC0A04EC,2023-08-05,23:13:28,29.6,100.0,17.0,24.936085,121.223586
08BEAC0A0508,2023-08-05,23:13:30,30.7,100.0,16.0,23.138713,120.324702
08BEAC0A080E,2023-08-05,23:13:35,33.1,100.0,9.0,23.158097,120.170618
08BEAC0A0774,2023-08-05,23:13:51,30.3,100.0,9.0,22.992411,120.294135
08BEAC0A019A,2023-08-05,23:14:15,31.0,100.0,19.0,23.3199,120.34515
08BEAC0A0344,2023-08-05,23:14:17,30.6,100.0,9.0,24.960122,121.178153
08BEAC0A0296,2023-08-05,23:14:26,31.2,100.0,13.0,23.741269,120.401443
08BEAC0A06FA,2023-08-05,23:14:36,29.1,100.0,0.0,23.04435,120.470196
08BEAC0A06A6,2023-08-05,23:14:45,31.2,100.0,18.0,22.977305,120.186438
08BEAC0A0480,2023-08-05,23:14:46,32.1,100.0,12.0,23.190069,120.192365
08BEAC0A084E,2023-08-05,23:14:52,32.5,100.0,4.0,24.9785086,121.3061612
08BEAC0A0742,2023-08-05,23:14:57,30.3,100.0,18.0,23.003578,120.240161
08BEAC0A0398,2023-08-05,23:15:01,31.6,100.0,9.0,24.1494507,120.6816876
08BEAC0A01AA,2023-08-05,23:15:08,32.7,79.0,9.0,24.9751,121.269826
08BEAC0A0156,2023-08-05,23:15:21,29.8,100.0,0.0,24.0838267,120.752756
08BEAC0A0218,2023-08-05,23:15:22,29.5,100.0,15.0,23.6869687,120.5865383
08BEAC0A0464,2023-08-05,23:15:54,31.2,100.0,15.0,22.989813,120.203024
08BEAC0A0640,2023-08-05,23:15:55,31.5,100.0,21.0,23.160034,120.18215
08BEAC0A0830,2023-08-05,23:16:05,30.1,100.0,0.0,22.956295,120.248057
08BEAC0A0826,2023-08-05,23:16:17,30.7,100.0,16.0,23.0865158,120.3191882
08BEAC0A0340,2023-08-05,23:16:25,31.6,100.0,20.0,22.9193352,120.2170451
08BEAC0A089E,2023-08-05,23:17:09,29.0,100.0,0.0,23.12107103,120.4585091
08BEAC0A07A2,2023-08-05,23:17:28,31.0,100.0,10.0,25.10392038,121.2447143
08BEAC0A0678,2023-08-05,23:17:32,30.6,100.0,17.0,23.139376,120.138374
08BEAC0A0226,2023-08-05,23:17:33,30.3,100.0,0.0,23.2174825,120.365091
08BEAC0A05AC,2023-08-05,23:17:44,30.5,100.0,1.0,22.912748,120.261227
08BEAC0A0040,2023-08-05,23:17:45,30.5,100.0,0.0,22.99133,120.230478
08BEAC0A04EC,2023-08-05,23:18:44,29.8,100.0,15.0,24.936085,121.223586
08BEAC0A0508,2023-08-05,23:18:45,30.7,100.0,16.0,23.138713,120.324702
08BEAC0A080E,2023-08-05,23:18:52,33.1,100.0,10.0,23.158097,120.170618
08BEAC0A0774,2023-08-05,23:19:08,30.5,100.0,9.0,22.992411,120.294135
08BEAC0A019A,2023-08-05,23:19:29,31.1,100.0,19.0,23.3199,120.34515
08BEAC0A0344,2023-08-05,23:19:37,30.6,100.0,9.0,24.960122,121.178153
08BEAC0A0296,2023-08-05,23:19:45,31.2,100.0,12.0,23.741269,120.401443
08BEAC0A06FA,2023-08-05,23:19:53,29.2,100.0,0.0,23.04435,120.470196
08BEAC0A0480,2023-08-05,23:20:01,32.1,100.0,13.0,23.190069,120.192365
08BEAC0A06A6,2023-08-05,23:20:01,31.3,100.0,17.0,22.977305,120.186438
08BEAC0A0742,2023-08-05,23:20:14,30.3,100.0,17.0,23.003578,120.240161
08BEAC0A0398,2023-08-05,23:20:19,31.6,100.0,9.0,24.1494507,120.6816876
08BEAC0A01AA,2023-08-05,23:20:24,32.7,79.0,9.0,24.9751,121.269826
08BEAC0A0156,2023-08-05,23:20:38,29.7,100.0,0.0,24.0838267,120.752756
08BEAC0A0218,2023-08-05,23:20:38,29.5,100.0,15.0,23.6869687,120.5865383
08BEAC0A084E,2023-08-05,23:20:44,32.6,100.0,4.0,24.9785086,121.3061612
08BEAC0A0464,2023-08-05,23:21:11,31.2,100.0,14.0,22.989813,120.203024
08BEAC0A0640,2023-08-05,23:21:11,31.5,100.0,21.0,23.160034,120.18215
08BEAC0A0830,2023-08-05,23:21:20,30.5,100.0,0.0,22.956295,120.248057
08BEAC0A0826,2023-08-05,23:21:33,30.7,100.0,16.0,23.0865158,120.3191882
08BEAC0A0340,2023-08-05,23:21:43,31.6,100.0,18.0,22.9193352,120.2170451
08BEAC0A089E,2023-08-05,23:22:25,29.1,100.0,0.0,23.12107103,120.4585091
08BEAC0A07A2,2023-08-05,23:22:45,31.1,100.0,10.0,25.10392038,121.2447143
08BEAC0A0226,2023-08-05,23:22:49,30.2,100.0,0.0,23.2174825,120.365091
08BEAC0A0678,2023-08-05,23:22:51,30.6,100.0,17.0,23.139376,120.138374
08BEAC0A05AC,2023-08-05,23:22:59,30.5,100.0,2.0,22.912748,120.261227
08BEAC0A0040,2023-08-05,23:23:03,30.6,100.0,0.0,22.99133,120.230478
08BEAC0A0508,2023-08-05,23:23:59,30.7,100.0,16.0,23.138713,120.324702
08BEAC0A04EC,2023-08-05,23:24:00,29.6,100.0,11.0,24.936085,121.223586
08BEAC0A080E,2023-08-05,23:24:10,33.2,100.0,10.0,23.158097,120.170618
08BEAC0A0774,2023-08-05,23:24:23,30.5,100.0,10.0,22.992411,120.294135
08BEAC0A019A,2023-08-05,23:24:46,31.1,100.0,19.0,23.3199,120.34515
08BEAC0A0344,2023-08-05,23:24:53,30.6,100.0,8.0,24.960122,121.178153
08BEAC0A0296,2023-08-05,23:25:01,31.2,100.0,11.0,23.741269,120.401443
08BEAC0A06FA,2023-08-05,23:25:09,29.2,100.0,0.0,23.04435,120.470196
08BEAC0A0480,2023-08-05,23:25:17,32.1,100.0,12.0,23.190069,120.192365
08BEAC0A06A6,2023-08-05,23:25:17,31.3,100.0,17.0,22.977305,120.186438
08BEAC0A0742,2023-08-05,23:25:30,30.6,100.0,15.0,23.003578,120.240161
08BEAC0A0398,2023-08-05,23:25:35,31.7,100.0,9.0,24.1494507,120.6816876
08BEAC0A01AA,2023-08-05,23:25:39,32.7,79.0,8.0,24.9751,121.269826
08BEAC0A0156,2023-08-05,23:25:55,29.8,100.0,0.0,24.0838267,120.752756
08BEAC0A0218,2023-08-05,23:25:55,29.6,100.0,15.0,23.6869687,120.5865383
08BEAC0A084E,2023-08-05,23:26:01,32.6,100.0,4.0,24.9785086,121.3061612
08BEAC0A0640,2023-08-05,23:26:25,31.6,100.0,20.0,23.160034,120.18215
08BEAC0A0464,2023-08-05,23:26:30,31.3,100.0,15.0,22.989813,120.203024
08BEAC0A0830,2023-08-05,23:26:38,30.3,100.0,0.0,22.956295,120.248057
08BEAC0A0826,2023-08-05,23:26:49,30.8,100.0,15.0,23.0865158,120.3191882
08BEAC0A0340,2023-08-05,23:27:01,31.7,100.0,19.0,22.9193352,120.2170451
08BEAC0A089E,2023-08-05,23:27:41,29.2,100.0,0.0,23.12107103,120.4585091
08BEAC0A0226,2023-08-05,23:28:07,30.2,100.0,0.0,23.2174825,120.365091
08BEAC0A05AC,2023-08-05,23:28:16,30.5,100.0,0.0,22.912748,120.261227
08BEAC0A0678,2023-08-05,23:28:18,30.8,100.0,18.0,23.139376,120.138374
08BEAC0A0040,2023-08-05,23:28:19,30.3,100.0,0.0,22.99133,120.230478
08BEAC0A04EC,2023-08-05,23:29:15,30.0,100.0,10.0,24.936085,121.223586
08BEAC0A0508,2023-08-05,23:29:16,30.7,100.0,15.0,23.138713,120.324702
08BEAC0A080E,2023-08-05,23:29:26,33.1,100.0,10.0,23.158097,120.170618
08BEAC0A0774,2023-08-05,23:29:38,30.6,100.0,8.0,22.992411,120.294135
08BEAC0A019A,2023-08-05,23:30:03,31.1,100.0,19.0,23.3199,120.34515
08BEAC0A0344,2023-08-05,23:30:09,30.7,100.0,9.0,24.960122,121.178153
08BEAC0A0296,2023-08-05,23:30:18,31.3,100.0,11.0,23.741269,120.401443
08BEAC0A06FA,2023-08-05,23:30:27,29.2,100.0,0.0,23.04435,120.470196
08BEAC0A0480,2023-08-05,23:30:33,32.1,100.0,13.0,23.190069,120.192365
08BEAC0A06A6,2023-08-05,23:30:33,31.2,100.0,16.0,22.977305,120.186438
08BEAC0A0742,2023-08-05,23:30:46,30.5,100.0,18.0,23.003578,120.240161
08BEAC0A0398,2023-08-05,23:30:51,32.0,100.0,9.0,24.1494507,120.6816876
08BEAC0A01AA,2023-08-05,23:30:56,32.7,79.0,8.0,24.9751,121.269826
08BEAC0A0218,2023-08-05,23:31:11,29.8,100.0,16.0,23.6869687,120.5865383
08BEAC0A0156,2023-08-05,23:31:12,29.7,100.0,0.0,24.0838267,120.752756
08BEAC0A084E,2023-08-05,23:31:21,32.6,100.0,3.0,24.9785086,121.3061612
08BEAC0A0640,2023-08-05,23:31:42,31.5,100.0,18.0,23.160034,120.18215
08BEAC0A0464,2023-08-05,23:31:46,31.3,100.0,16.0,22.989813,120.203024
08BEAC0A0830,2023-08-05,23:31:56,30.5,100.0,0.0,22.956295,120.248057
08BEAC0A0826,2023-08-05,23:32:06,30.8,100.0,16.0,23.0865158,120.3191882
08BEAC0A0340,2023-08-05,23:32:17,31.7,100.0,21.0,22.9193352,120.2170451
08BEAC0A089E,2023-08-05,23:32:56,29.2,100.0,0.0,23.12107103,120.4585091
08BEAC0A07A2,2023-08-05,23:33:12,31.0,100.0,11.0,25.10392038,121.2447143
08BEAC0A0226,2023-08-05,23:33:23,30.2,100.0,0.0,23.2174825,120.365091
08BEAC0A05AC,2023-08-05,23:33:32,30.6,100.0,1.0,22.912748,120.261227
08BEAC0A0678,2023-08-05,23:33:34,30.7,100.0,18.0,23.139376,120.138374
08BEAC0A0040,2023-08-05,23:33:35,30.5,100.0,0.0,22.99133,120.230478
08BEAC0A04EC,2023-08-05,23:34:32,29.7,100.0,9.0,24.936085,121.223586
08BEAC0A0508,2023-08-05,23:34:33,30.7,100.0,15.0,23.138713,120.324702
08BEAC0A080E,2023-08-05,23:34:41,33.1,100.0,9.0,23.158097,120.170618
08BEAC0A0774,2023-08-05,23:34:54,30.6,100.0,8.0,22.992411,120.294135
08BEAC0A019A,2023-08-05,23:35:19,31.2,100.0,19.0,23.3199,120.34515
08BEAC0A0344,2023-08-05,23:35:24,30.7,100.0,10.0,24.960122,121.178153
08BEAC0A0296,2023-08-05,23:35:38,31.5,100.0,11.0,23.741269,120.401443
08BEAC0A06FA,2023-08-05,23:35:42,29.3,100.0,0.0,23.04435,120.470196
08BEAC0A0480,2023-08-05,23:35:49,32.1,100.0,12.0,23.190069,120.192365
08BEAC0A06A6,2023-08-05,23:35:49,31.1,100.0,18.0,22.977305,120.186438
08BEAC0A0742,2023-08-05,23:36:01,30.6,100.0,17.0,23.003578,120.240161
08BEAC0A0398,2023-08-05,23:36:06,32.0,100.0,8.0,24.1494507,120.6816876
08BEAC0A01AA,2023-08-05,23:36:13,32.6,79.0,9.0,24.9751,121.269826
08BEAC0A0218,2023-08-05,23:36:25,29.8,100.0,16.0,23.6869687,120.5865383
08BEAC0A0156,2023-08-05,23:36:28,29.7,100.0,0.0,24.0838267,120.752756
08BEAC0A084E,2023-08-05,23:36:51,32.7,100.0,4.0,24.9785086,121.3061612
08BEAC0A0640,2023-08-05,23:36:59,31.6,100.0,18.0,23.160034,120.18215
08BEAC0A0464,2023-08-05,23:37:04,31.5,100.0,14.0,22.989813,120.203024
08BEAC0A0830,2023-08-05,23:37:11,30.5,100.0,0.0,22.956295,120.248057
08BEAC0A0826,2023-08-05,23:37:23,31.0,100.0,16.0,23.0865158,120.3191882
08BEAC0A0340,2023-08-05,23:37:34,31.5,100.0,18.0,22.9193352,120.2170451
08BEAC0A089E,2023-08-05,23:38:11,29.3,100.0,0.0,23.12107103,120.4585091
08BEAC0A07A2,2023-08-05,23:38:27,31.1,100.0,10.0,25.10392038,121.2447143
08BEAC0A0226,2023-08-05,23:38:39,30.2,100.0,0.0,23.2174825,120.365091
08BEAC0A05AC,2023-08-05,23:38:47,30.5,100.0,2.0,22.912748,120.261227
08BEAC0A0040,2023-08-05,23:38:51,30.5,100.0,0.0,22.99133,120.230478
08BEAC0A0678,2023-08-05,23:38:59,30.8,100.0,17.0,23.139376,120.138374
08BEAC0A04EC,2023-08-05,23:39:47,30.0,100.0,11.0,24.936085,121.223586
08BEAC0A0508,2023-08-05,23:39:50,30.7,100.0,15.0,23.138713,120.324702
08BEAC0A080E,2023-08-05,23:40:02,33.2,100.0,10.0,23.158097,120.170618
08BEAC0A0774,2023-08-05,23:40:09,30.7,100.0,8.0,22.992411,120.294135
08BEAC0A019A,2023-08-05,23:40:37,31.3,100.0,19.0,23.3199,120.34515
08BEAC0A0344,2023-08-05,23:40:39,30.7,100.0,9.0,24.960122,121.178153
08BEAC0A0296,2023-08-05,23:40:54,31.5,100.0,12.0,23.741269,120.401443
08BEAC0A06FA,2023-08-05,23:40:59,29.3,100.0,0.0,23.04435,120.470196
08BEAC0A06A6,2023-08-05,23:41:05,31.1,100.0,18.0,22.977305,120.186438
08BEAC0A0480,2023-08-05,23:41:07,32.1,100.0,13.0,23.190069,120.192365
08BEAC0A0742,2023-08-05,23:41:20,30.6,100.0,17.0,23.003578,120.240161
08BEAC0A0398,2023-08-05,23:41:21,32.2,100.0,9.0,24.1494507,120.6816876
08BEAC0A01AA,2023-08-05,23:41:28,32.6,79.0,8.0,24.9751,121.269826
08BEAC0A0218,2023-08-05,23:41:39,30.0,100.0,17.0,23.6869687,120.5865383
08BEAC0A0156,2023-08-05,23:41:45,29.7,100.0,0.0,24.0838267,120.752756
08BEAC0A0640,2023-08-05,23:42:13,31.7,100.0,19.0,23.160034,120.18215
08BEAC0A0464,2023-08-05,23:42:21,31.5,100.0,16.0,22.989813,120.203024
08BEAC0A084E,2023-08-05,23:42:22,32.7,100.0,4.0,24.9785086,121.3061612
08BEAC0A0830,2023-08-05,23:42:28,30.3,100.0,0.0,22.956295,120.248057
08BEAC0A0826,2023-08-05,23:42:37,31.0,100.0,15.0,23.0865158,120.3191882
08BEAC0A0340,2023-08-05,23:42:49,31.5,100.0,20.0,22.9193352,120.2170451
08BEAC0A089E,2023-08-05,23:43:28,29.6,100.0,0.0,23.12107103,120.4585091
08BEAC0A07A2,2023-08-05,23:43:46,31.2,100.0,11.0,25.10392038,121.2447143
08BEAC0A0226,2023-08-05,23:43:56,30.2,100.0,0.0,23.2174825,120.365091
08BEAC0A05AC,2023-08-05,23:44:02,30.6,100.0,1.0,22.912748,120.261227
08BEAC0A0040,2023-08-05,23:44:06,30.3,100.0,0.0,22.99133,120.230478
08BEAC0A04EC,2023-08-05,23:45:03,30.1,100.0,11.0,24.936085,121.223586
08BEAC0A0508,2023-08-05,23:45:05,30.7,100.0,15.0,23.138713,120.324702
08BEAC0A080E,2023-08-05,23:45:19,33.2,100.0,10.0,23.158097,120.170618
08BEAC0A0774,2023-08-05,23:45:26,30.6,100.0,9.0,22.992411,120.294135
08BEAC0A019A,2023-08-05,23:45:54,31.2,100.0,19.0,23.3199,120.34515
08BEAC0A0344,2023-08-05,23:45:54,30.7,100.0,9.0,24.960122,121.178153
08BEAC0A0296,2023-08-05,23:46:12,31.5,100.0,11.0,23.741269,120.401443
08BEAC0A06FA,2023-08-05,23:46:17,29.5,100.0,0.0,23.04435,120.470196
08BEAC0A0480,2023-08-05,23:46:22,32.1,100.0,14.0,23.190069,120.192365
08BEAC0A06A6,2023-08-05,23:46:22,31.2,100.0,17.0,22.977305,120.186438
08BEAC0A0398,2023-08-05,23:46:37,32.3,100.0,9.0,24.1494507,120.6816876
08BEAC0A0742,2023-08-05,23:46:38,30.6,100.0,17.0,23.003578,120.240161
08BEAC0A01AA,2023-08-05,23:46:43,32.7,79.0,9.0,24.9751,121.269826
08BEAC0A0218,2023-08-05,23:46:55,30.0,100.0,17.0,23.6869687,120.5865383
08BEAC0A0780,2023-08-05,23:46:59,30.0,100.0,0.0,23.048983,120.174614
08BEAC0A0156,2023-08-05,23:47:02,29.8,100.0,0.0,24.0838267,120.752756
08BEAC0A0640,2023-08-05,23:47:29,31.6,100.0,19.0,23.160034,120.18215
08BEAC0A0464,2023-08-05,23:47:39,31.5,100.0,15.0,22.989813,120.203024
08BEAC0A084E,2023-08-05,23:47:42,32.7,100.0,4.0,24.9785086,121.3061612
08BEAC0A0830,2023-08-05,23:47:43,30.6,100.0,0.0,22.956295,120.248057
08BEAC0A0826,2023-08-05,23:47:53,31.0,100.0,15.0,23.0865158,120.3191882
08BEAC0A0340,2023-08-05,23:48:05,31.5,100.0,19.0,22.9193352,120.2170451
08BEAC0A07A2,2023-08-05,23:49:04,31.0,100.0,10.0,25.10392038,121.2447143
08BEAC0A0226,2023-08-05,23:49:12,30.3,100.0,0.0,23.2174825,120.365091
08BEAC0A05AC,2023-08-05,23:49:20,30.6,100.0,0.0,22.912748,120.261227
08BEAC0A0040,2023-08-05,23:49:25,30.5,100.0,0.0,22.99133,120.230478
08BEAC0A04EC,2023-08-05,23:50:18,30.1,100.0,10.0,24.936085,121.223586
08BEAC0A0508,2023-08-05,23:50:23,30.7,100.0,15.0,23.138713,120.324702
08BEAC0A080E,2023-08-05,23:50:36,33.1,100.0,10.0,23.158097,120.170618
08BEAC0A0774,2023-08-05,23:50:41,30.7,100.0,9.0,22.992411,120.294135
08BEAC0A019A,2023-08-05,23:51:08,31.2,100.0,19.0,23.3199,120.34515
08BEAC0A0344,2023-08-05,23:51:13,30.7,100.0,8.0,24.960122,121.178153
08BEAC0A0296,2023-08-05,23:51:28,31.6,100.0,13.0,23.741269,120.401443
08BEAC0A06FA,2023-08-05,23:51:31,29.5,100.0,0.0,23.04435,120.470196
08BEAC0A06A6,2023-08-05,23:51:36,31.2,100.0,17.0,22.977305,120.186438
08BEAC0A0480,2023-08-05,23:51:37,32.1,100.0,13.0,23.190069,120.192365
08BEAC0A0398,2023-08-05,23:51:52,32.6,100.0,9.0,24.1494507,120.6816876
08BEAC0A0742,2023-08-05,23:51:53,30.6,100.0,15.0,23.003578,120.240161
08BEAC0A01AA,2023-08-05,23:52:00,32.8,79.0,10.0,24.9751,121.269826
08BEAC0A0218,2023-08-05,23:52:11,30.1,100.0,16.0,23.6869687,120.5865383
08BEAC0A0156,2023-08-05,23:52:18,30.0,100.0,0.0,24.0838267,120.752756
08BEAC0A0640,2023-08-05,23:52:44,31.6,100.0,20.0,23.160034,120.18215
08BEAC0A0464,2023-08-05,23:52:56,31.5,100.0,16.0,22.989813,120.203024
08BEAC0A0830,2023-08-05,23:52:59,30.5,100.0,0.0,22.956295,120.248057
08BEAC0A0826,2023-08-05,23:53:09,31.1,100.0,14.0,23.0865158,120.3191882
08BEAC0A0340,2023-08-05,23:53:20,31.6,100.0,19.0,22.9193352,120.2170451
08BEAC0A089E,2023-08-05,23:53:58,29.7,100.0,0.0,23.12107103,120.4585091
08BEAC0A07A2,2023-08-05,23:54:20,31.5,100.0,10.0,25.10392038,121.2447143
08BEAC0A0226,2023-08-05,23:54:27,30.3,100.0,0.0,23.2174825,120.365091
08BEAC0A05AC,2023-08-05,23:54:38,30.6,100.0,0.0,22.912748,120.261227
08BEAC0A0040,2023-08-05,23:54:42,30.5,100.0,0.0,22.99133,120.230478
08BEAC0A04EC,2023-08-05,23:55:34,30.5,100.0,10.0,24.936085,121.223586
08BEAC0A0508,2023-08-05,23:55:37,30.8,100.0,14.0,23.138713,120.324702
08BEAC0A080E,2023-08-05,23:55:56,33.2,100.0,10.0,23.158097,120.170618
08BEAC0A0774,2023-08-05,23:55:57,30.6,100.0,9.0,22.992411,120.294135
08BEAC0A019A,2023-08-05,23:56:26,31.3,100.0,18.0,23.3199,120.34515
08BEAC0A0344,2023-08-05,23:56:29,30.8,100.0,9.0,24.960122,121.178153
08BEAC0A0678,2023-08-05,23:56:39,30.8,100.0,16.0,23.139376,120.138374
08BEAC0A0296,2023-08-05,23:56:43,31.6,100.0,12.0,23.741269,120.401443
08BEAC0A06FA,2023-08-05,23:56:48,29.5,100.0,0.0,23.04435,120.470196
08BEAC0A0480,2023-08-05,23:56:52,32.1,100.0,13.0,23.190069,120.192365
08BEAC0A06A6,2023-08-05,23:56:53,31.1,100.0,16.0,22.977305,120.186438
08BEAC0A0398,2023-08-05,23:57:09,32.6,100.0,9.0,24.1494507,120.6816876
08BEAC0A0742,2023-08-05,23:57:11,30.5,100.0,16.0,23.003578,120.240161
08BEAC0A01AA,2023-08-05,23:57:17,32.7,78.0,10.0,24.9751,121.269826
08BEAC0A0218,2023-08-05,23:57:27,30.3,100.0,16.0,23.6869687,120.5865383
08BEAC0A0156,2023-08-05,23:57:33,30.0,100.0,0.0,24.0838267,120.752756
08BEAC0A0640,2023-08-05,23:58:00,31.6,100.0,19.0,23.160034,120.18215
08BEAC0A0464,2023-08-05,23:58:12,31.5,100.0,15.0,22.989813,120.203024
08BEAC0A0830,2023-08-05,23:58:14,30.6,100.0,0.0,22.956295,120.248057
08BEAC0A0826,2023-08-05,23:58:25,31.1,100.0,14.0,23.0865158,120.3191882
08BEAC0A0340,2023-08-05,23:58:34,31.6,100.0,19.0,22.9193352,120.2170451
08BEAC0A089E,2023-08-05,23:59:14,29.7,100.0,0.0,23.12107103,120.4585091
08BEAC0A07A2,2023-08-05,23:59:36,31.5,100.0,9.0,25.10392038,121.2447143
08BEAC0A0226,2023-08-05,23:59:42,30.3,100.0,0.0,23.2174825,120.365091
08BEAC0A05AC,2023-08-05,23:59:52,30.6,100.0,1.0,22.912748,120.261227
08BEAC0A0040,2023-08-05,23:59:59,30.2,100.0,0.0,22.99133,120.230478
